,name,auc,mass,nu
0,Zprime_1500GeV_015,0.8255908788982033,1500.0,0.15
1,Zprime_1500GeV_030,0.818967935935276,1500.0,0.3
2,Zprime_1500GeV_045,0.7799001573774856,1500.0,0.45
3,Zprime_1500GeV_060,0.7636391163566126,1500.0,0.6
4,Zprime_1500GeV_075,0.701634545861968,1500.0,0.75
5,Zprime_2000GeV_015,0.8488019728809533,2000.0,0.15
6,Zprime_2000GeV_030,0.8312655978525344,2000.0,0.3
7,Zprime_2000GeV_045,0.8006428427047674,2000.0,0.45
8,Zprime_2000GeV_060,0.7682866198149356,2000.0,0.6
9,Zprime_2000GeV_075,0.7276831835519648,2000.0,0.75
10,Zprime_2500GeV_015,0.8401652898724323,2500.0,0.15
11,Zprime_2500GeV_030,0.8214391418285676,2500.0,0.3
12,Zprime_2500GeV_045,0.7965928095325682,2500.0,0.45
13,Zprime_2500GeV_060,0.7652450274276272,2500.0,0.6
14,Zprime_2500GeV_075,0.7137783421392198,2500.0,0.75
15,Zprime_3000GeV_015,0.8313006180360172,3000.0,0.15
16,Zprime_3000GeV_030,0.8084240006825704,3000.0,0.3
17,Zprime_3000GeV_045,0.7851946239356695,3000.0,0.45
18,Zprime_3000GeV_060,0.7485949428467893,3000.0,0.6
19,Zprime_3000GeV_075,0.7097789642021392,3000.0,0.75
20,Zprime_3500GeV_015,0.8196401108280104,3500.0,0.15
21,Zprime_3500GeV_030,0.8039635273725781,3500.0,0.3
22,Zprime_3500GeV_045,0.7753010532759059,3500.0,0.45
23,Zprime_3500GeV_060,0.7462307518102064,3500.0,0.6
24,Zprime_3500GeV_075,0.7077840950600572,3500.0,0.75
25,Zprime_4000GeV_015,0.8116386239065725,4000.0,0.15
26,Zprime_4000GeV_030,0.7990565292202301,4000.0,0.3
27,Zprime_4000GeV_045,0.7683754826052015,4000.0,0.45
28,Zprime_4000GeV_060,0.7356819592289476,4000.0,0.6
29,Zprime_4000GeV_075,0.6942910160924123,4000.0,0.75
