,name,auc,mass,nu
0,Zprime_1500GeV_015,0.8154048217623929,1500.0,0.15
1,Zprime_1500GeV_030,0.8015935603454744,1500.0,0.3
2,Zprime_1500GeV_045,0.7651301634030963,1500.0,0.45
3,Zprime_1500GeV_060,0.7449112159032871,1500.0,0.6
4,Zprime_1500GeV_075,0.6865777704106848,1500.0,0.75
5,Zprime_2000GeV_015,0.8441016083455882,2000.0,0.15
6,Zprime_2000GeV_030,0.8265023513805095,2000.0,0.3
7,Zprime_2000GeV_045,0.7944668445363268,2000.0,0.45
8,Zprime_2000GeV_060,0.7580022985983783,2000.0,0.6
9,Zprime_2000GeV_075,0.7146823139940794,2000.0,0.75
10,Zprime_2500GeV_015,0.8391976824204255,2500.0,0.15
11,Zprime_2500GeV_030,0.8201179122718948,2500.0,0.3
12,Zprime_2500GeV_045,0.7936193431583607,2500.0,0.45
13,Zprime_2500GeV_060,0.7566765656269234,2500.0,0.6
14,Zprime_2500GeV_075,0.7003272581021757,2500.0,0.75
15,Zprime_3000GeV_015,0.8360544107973578,3000.0,0.15
16,Zprime_3000GeV_030,0.8097587694934637,3000.0,0.3
17,Zprime_3000GeV_045,0.7842738047999122,3000.0,0.45
18,Zprime_3000GeV_060,0.7443580111964154,3000.0,0.6
19,Zprime_3000GeV_075,0.7019554154804546,3000.0,0.75
20,Zprime_3500GeV_015,0.8276065678663818,3500.0,0.15
21,Zprime_3500GeV_030,0.8103133147215461,3500.0,0.3
22,Zprime_3500GeV_045,0.7754209757771054,3500.0,0.45
23,Zprime_3500GeV_060,0.7442461413339254,3500.0,0.6
24,Zprime_3500GeV_075,0.7017586540321021,3500.0,0.75
25,Zprime_4000GeV_015,0.8222336108726532,4000.0,0.15
26,Zprime_4000GeV_030,0.8081235403352449,4000.0,0.3
27,Zprime_4000GeV_045,0.7728308625584779,4000.0,0.45
28,Zprime_4000GeV_060,0.7344111844428958,4000.0,0.6
29,Zprime_4000GeV_075,0.6854361357498051,4000.0,0.75
