,name,auc,mass,nu
0,Zprime_1500GeV_015,0.8217587726796693,1500.0,0.15
1,Zprime_1500GeV_030,0.816757864636006,1500.0,0.3
2,Zprime_1500GeV_045,0.7841217087696191,1500.0,0.45
3,Zprime_1500GeV_060,0.7690100567287724,1500.0,0.6
4,Zprime_1500GeV_075,0.7264311624686794,1500.0,0.75
5,Zprime_2000GeV_015,0.8365817291815388,2000.0,0.15
6,Zprime_2000GeV_030,0.817461508493197,2000.0,0.3
7,Zprime_2000GeV_045,0.7915161553531941,2000.0,0.45
8,Zprime_2000GeV_060,0.7652524816709192,2000.0,0.6
9,Zprime_2000GeV_075,0.7375094551160439,2000.0,0.75
10,Zprime_2500GeV_015,0.8241719556226795,2500.0,0.15
11,Zprime_2500GeV_030,0.8042791846027328,2500.0,0.3
12,Zprime_2500GeV_045,0.7807910719358284,2500.0,0.45
13,Zprime_2500GeV_060,0.7554864302267923,2500.0,0.6
14,Zprime_2500GeV_075,0.7170487419099636,2500.0,0.75
15,Zprime_3000GeV_015,0.8101826957797731,3000.0,0.15
16,Zprime_3000GeV_030,0.7896805143413683,3000.0,0.3
17,Zprime_3000GeV_045,0.7687895766788914,3000.0,0.45
18,Zprime_3000GeV_060,0.7370729127545008,3000.0,0.6
19,Zprime_3000GeV_075,0.7155025197845214,3000.0,0.75
20,Zprime_3500GeV_015,0.7960984944310425,3500.0,0.15
21,Zprime_3500GeV_030,0.7799750460000137,3500.0,0.3
22,Zprime_3500GeV_045,0.7576298366587837,3500.0,0.45
23,Zprime_3500GeV_060,0.7333177852047319,3500.0,0.6
24,Zprime_3500GeV_075,0.7046564709168655,3500.0,0.75
25,Zprime_4000GeV_015,0.79155853234718,4000.0,0.15
26,Zprime_4000GeV_030,0.7778424951933394,4000.0,0.3
27,Zprime_4000GeV_045,0.7506495392344942,4000.0,0.45
28,Zprime_4000GeV_060,0.7244353002864645,4000.0,0.6
29,Zprime_4000GeV_075,0.6895832091400463,4000.0,0.75
