,name,auc,mass,nu
0,Zprime_1500GeV_015,0.8544835467588194,1500.0,0.15
1,Zprime_1500GeV_030,0.8376302979098439,1500.0,0.3
2,Zprime_1500GeV_045,0.8039344591023344,1500.0,0.45
3,Zprime_1500GeV_060,0.7840795733516845,1500.0,0.6
4,Zprime_1500GeV_075,0.7394257797468008,1500.0,0.75
5,Zprime_2000GeV_015,0.8712976382115986,2000.0,0.15
6,Zprime_2000GeV_030,0.853671293752602,2000.0,0.3
7,Zprime_2000GeV_045,0.8249127717983984,2000.0,0.45
8,Zprime_2000GeV_060,0.794502805717615,2000.0,0.6
9,Zprime_2000GeV_075,0.7551599117041984,2000.0,0.75
10,Zprime_2500GeV_015,0.8662161643316005,2500.0,0.15
11,Zprime_2500GeV_030,0.8469667412668644,2500.0,0.3
12,Zprime_2500GeV_045,0.822895385845381,2500.0,0.45
13,Zprime_2500GeV_060,0.7902687428538497,2500.0,0.6
14,Zprime_2500GeV_075,0.7394429144526631,2500.0,0.75
15,Zprime_3000GeV_015,0.8637961110922293,3000.0,0.15
16,Zprime_3000GeV_030,0.8383168242631622,3000.0,0.3
17,Zprime_3000GeV_045,0.8155115285894357,3000.0,0.45
18,Zprime_3000GeV_060,0.7767195194961851,3000.0,0.6
19,Zprime_3000GeV_075,0.7348933714130133,3000.0,0.75
20,Zprime_3500GeV_015,0.8537366112195541,3500.0,0.15
21,Zprime_3500GeV_030,0.8385431033875804,3500.0,0.3
22,Zprime_3500GeV_045,0.8058743352791354,3500.0,0.45
23,Zprime_3500GeV_060,0.7752472738286669,3500.0,0.6
24,Zprime_3500GeV_075,0.7297736307183221,3500.0,0.75
25,Zprime_4000GeV_015,0.8489328885063223,4000.0,0.15
26,Zprime_4000GeV_030,0.8364581451298305,4000.0,0.3
27,Zprime_4000GeV_045,0.8023634743086618,4000.0,0.45
28,Zprime_4000GeV_060,0.7683165405133662,4000.0,0.6
29,Zprime_4000GeV_075,0.718745074943629,4000.0,0.75
