,name,auc,mass,nu
0,Zprime_1500GeV_015,0.8052402519812741,1500.0,0.15
1,Zprime_1500GeV_030,0.7872291536553688,1500.0,0.3
2,Zprime_1500GeV_045,0.7638245046112339,1500.0,0.45
3,Zprime_1500GeV_060,0.7372945056115412,1500.0,0.6
4,Zprime_1500GeV_075,0.7002202174799351,1500.0,0.75
5,Zprime_2000GeV_015,0.8334138824307198,2000.0,0.15
6,Zprime_2000GeV_030,0.8141665190797724,2000.0,0.3
7,Zprime_2000GeV_045,0.7870679877016269,2000.0,0.45
8,Zprime_2000GeV_060,0.7583601732336384,2000.0,0.6
9,Zprime_2000GeV_075,0.7256962605565697,2000.0,0.75
10,Zprime_2500GeV_015,0.8296664145310001,2500.0,0.15
11,Zprime_2500GeV_030,0.8100224935482052,2500.0,0.3
12,Zprime_2500GeV_045,0.7860503515441554,2500.0,0.45
13,Zprime_2500GeV_060,0.7539766080468859,2500.0,0.6
14,Zprime_2500GeV_075,0.7119501286355527,2500.0,0.75
15,Zprime_3000GeV_015,0.8278128146988414,3000.0,0.15
16,Zprime_3000GeV_030,0.8026007444970362,3000.0,0.3
17,Zprime_3000GeV_045,0.7811804950455963,3000.0,0.45
18,Zprime_3000GeV_060,0.7461254491912097,3000.0,0.6
19,Zprime_3000GeV_075,0.7105299278193269,3000.0,0.75
20,Zprime_3500GeV_015,0.8204496355556385,3500.0,0.15
21,Zprime_3500GeV_030,0.8027815823324531,3500.0,0.3
22,Zprime_3500GeV_045,0.7714374954736137,3500.0,0.45
23,Zprime_3500GeV_060,0.7437509129434883,3500.0,0.6
24,Zprime_3500GeV_075,0.7027434732160124,3500.0,0.75
25,Zprime_4000GeV_015,0.8224290941085163,4000.0,0.15
26,Zprime_4000GeV_030,0.8058463536110407,4000.0,0.3
27,Zprime_4000GeV_045,0.7716605942733834,4000.0,0.45
28,Zprime_4000GeV_060,0.7369624110047615,4000.0,0.6
29,Zprime_4000GeV_075,0.6962794742894326,4000.0,0.75
