,name,auc,mass,nu
0,Zprime_1500GeV_015,0.8549456416637939,1500.0,0.15
1,Zprime_1500GeV_030,0.8412095275987459,1500.0,0.3
2,Zprime_1500GeV_045,0.813037501876483,1500.0,0.45
3,Zprime_1500GeV_060,0.797797596448938,1500.0,0.6
4,Zprime_1500GeV_075,0.7521095977874164,1500.0,0.75
5,Zprime_2000GeV_015,0.8657851633210992,2000.0,0.15
6,Zprime_2000GeV_030,0.8511923288744258,2000.0,0.3
7,Zprime_2000GeV_045,0.8243735913185002,2000.0,0.45
8,Zprime_2000GeV_060,0.7972498910267551,2000.0,0.6
9,Zprime_2000GeV_075,0.7647239151447137,2000.0,0.75
10,Zprime_2500GeV_015,0.856947435035228,2500.0,0.15
11,Zprime_2500GeV_030,0.8396092154513656,2500.0,0.3
12,Zprime_2500GeV_045,0.818360061973944,2500.0,0.45
13,Zprime_2500GeV_060,0.7893691881944161,2500.0,0.6
14,Zprime_2500GeV_075,0.7482889440623461,2500.0,0.75
15,Zprime_3000GeV_015,0.8529814001467044,3000.0,0.15
16,Zprime_3000GeV_030,0.8311646539578755,3000.0,0.3
17,Zprime_3000GeV_045,0.8092977900359639,3000.0,0.45
18,Zprime_3000GeV_060,0.7767455662444231,3000.0,0.6
19,Zprime_3000GeV_075,0.7416324527677217,3000.0,0.75
20,Zprime_3500GeV_015,0.8451433774577135,3500.0,0.15
21,Zprime_3500GeV_030,0.8308916798278471,3500.0,0.3
22,Zprime_3500GeV_045,0.80396827796905,3500.0,0.45
23,Zprime_3500GeV_060,0.7747437026685383,3500.0,0.6
24,Zprime_3500GeV_075,0.737549109349148,3500.0,0.75
25,Zprime_4000GeV_015,0.8466580895819683,4000.0,0.15
26,Zprime_4000GeV_030,0.8335947754253664,4000.0,0.3
27,Zprime_4000GeV_045,0.8010825585541683,4000.0,0.45
28,Zprime_4000GeV_060,0.7690220391479122,4000.0,0.6
29,Zprime_4000GeV_075,0.7272874271467895,4000.0,0.75
