,name,auc,mass,nu
0,Zprime_1500GeV_015,0.8324792109843357,1500.0,0.15
1,Zprime_1500GeV_030,0.8149173274028234,1500.0,0.3
2,Zprime_1500GeV_045,0.783781992593781,1500.0,0.45
3,Zprime_1500GeV_060,0.765781671516413,1500.0,0.6
4,Zprime_1500GeV_075,0.7225189988678675,1500.0,0.75
5,Zprime_2000GeV_015,0.8450545144214443,2000.0,0.15
6,Zprime_2000GeV_030,0.8288624189938248,2000.0,0.3
7,Zprime_2000GeV_045,0.8012119533583689,2000.0,0.45
8,Zprime_2000GeV_060,0.7702997273988291,2000.0,0.6
9,Zprime_2000GeV_075,0.7367553350971097,2000.0,0.75
10,Zprime_2500GeV_015,0.8334645650470331,2500.0,0.15
11,Zprime_2500GeV_030,0.815380638373495,2500.0,0.3
12,Zprime_2500GeV_045,0.7934648285889623,2500.0,0.45
13,Zprime_2500GeV_060,0.7642251750740968,2500.0,0.6
14,Zprime_2500GeV_075,0.7190722383458672,2500.0,0.75
15,Zprime_3000GeV_015,0.8264305082705949,3000.0,0.15
16,Zprime_3000GeV_030,0.8050878596167197,3000.0,0.3
17,Zprime_3000GeV_045,0.7843023837375838,3000.0,0.45
18,Zprime_3000GeV_060,0.7501411956873764,3000.0,0.6
19,Zprime_3000GeV_075,0.7134151664772743,3000.0,0.75
20,Zprime_3500GeV_015,0.8165000926033579,3500.0,0.15
21,Zprime_3500GeV_030,0.8021438266836998,3500.0,0.3
22,Zprime_3500GeV_045,0.774833043068061,3500.0,0.45
23,Zprime_3500GeV_060,0.7467043061330969,3500.0,0.6
24,Zprime_3500GeV_075,0.7101936440404822,3500.0,0.75
25,Zprime_4000GeV_015,0.8154373920220778,4000.0,0.15
26,Zprime_4000GeV_030,0.8004049647592251,4000.0,0.3
27,Zprime_4000GeV_045,0.7714486427636228,4000.0,0.45
28,Zprime_4000GeV_060,0.739568465308444,4000.0,0.6
29,Zprime_4000GeV_075,0.6955733178780448,4000.0,0.75
