,name,auc,mass,nu
0,Zprime_1500GeV_015,0.8490683830391901,1500.0,0.15
1,Zprime_1500GeV_030,0.8407140415283638,1500.0,0.3
2,Zprime_1500GeV_045,0.8067181330907716,1500.0,0.45
3,Zprime_1500GeV_060,0.7837802235992815,1500.0,0.6
4,Zprime_1500GeV_075,0.7240821341575547,1500.0,0.75
5,Zprime_2000GeV_015,0.870096636358559,2000.0,0.15
6,Zprime_2000GeV_030,0.8532294802888167,2000.0,0.3
7,Zprime_2000GeV_045,0.8247235404619248,2000.0,0.45
8,Zprime_2000GeV_060,0.7957893273750414,2000.0,0.6
9,Zprime_2000GeV_075,0.7530667079006284,2000.0,0.75
10,Zprime_2500GeV_015,0.8616174545109493,2500.0,0.15
11,Zprime_2500GeV_030,0.8456371011961046,2500.0,0.3
12,Zprime_2500GeV_045,0.8219095365555855,2500.0,0.45
13,Zprime_2500GeV_060,0.7907930076611019,2500.0,0.6
14,Zprime_2500GeV_075,0.7405501093375779,2500.0,0.75
15,Zprime_3000GeV_015,0.8562436439769932,3000.0,0.15
16,Zprime_3000GeV_030,0.8343470967851286,3000.0,0.3
17,Zprime_3000GeV_045,0.811799266795519,3000.0,0.45
18,Zprime_3000GeV_060,0.7766261913780219,3000.0,0.6
19,Zprime_3000GeV_075,0.7401524590420868,3000.0,0.75
20,Zprime_3500GeV_015,0.8427019132963814,3500.0,0.15
21,Zprime_3500GeV_030,0.8299522158613188,3500.0,0.3
22,Zprime_3500GeV_045,0.8029151713085863,3500.0,0.45
23,Zprime_3500GeV_060,0.7730291778287455,3500.0,0.6
24,Zprime_3500GeV_075,0.7370743462472334,3500.0,0.75
25,Zprime_4000GeV_015,0.8369429445883181,4000.0,0.15
26,Zprime_4000GeV_030,0.8259650243366989,4000.0,0.3
27,Zprime_4000GeV_045,0.7953198505677288,4000.0,0.45
28,Zprime_4000GeV_060,0.7634773202848598,4000.0,0.6
29,Zprime_4000GeV_075,0.7235993637847888,4000.0,0.75
