,name,auc,mass,nu
0,Zprime_1500GeV_015,0.8368564420490715,1500.0,0.15
1,Zprime_1500GeV_030,0.8291156914401777,1500.0,0.3
2,Zprime_1500GeV_045,0.7956071574195451,1500.0,0.45
3,Zprime_1500GeV_060,0.7748216675322692,1500.0,0.6
4,Zprime_1500GeV_075,0.7271916613436629,1500.0,0.75
5,Zprime_2000GeV_015,0.8608785725888755,2000.0,0.15
6,Zprime_2000GeV_030,0.8459033760935105,2000.0,0.3
7,Zprime_2000GeV_045,0.8132582302748461,2000.0,0.45
8,Zprime_2000GeV_060,0.7855390642200315,2000.0,0.6
9,Zprime_2000GeV_075,0.7444637875968642,2000.0,0.75
10,Zprime_2500GeV_015,0.852832761954105,2500.0,0.15
11,Zprime_2500GeV_030,0.8331781864056982,2500.0,0.3
12,Zprime_2500GeV_045,0.809092812816088,2500.0,0.45
13,Zprime_2500GeV_060,0.7764491736973558,2500.0,0.6
14,Zprime_2500GeV_075,0.7287110104429898,2500.0,0.75
15,Zprime_3000GeV_015,0.8450343028384895,3000.0,0.15
16,Zprime_3000GeV_030,0.8215748462153518,3000.0,0.3
17,Zprime_3000GeV_045,0.7965260238984362,3000.0,0.45
18,Zprime_3000GeV_060,0.7613570188492604,3000.0,0.6
19,Zprime_3000GeV_075,0.7282215693693197,3000.0,0.75
20,Zprime_3500GeV_015,0.8329344743118675,3500.0,0.15
21,Zprime_3500GeV_030,0.81614409602748,3500.0,0.3
22,Zprime_3500GeV_045,0.7886305192573628,3500.0,0.45
23,Zprime_3500GeV_060,0.7592419469504496,3500.0,0.6
24,Zprime_3500GeV_075,0.7188388663271664,3500.0,0.75
25,Zprime_4000GeV_015,0.8289754651885999,4000.0,0.15
26,Zprime_4000GeV_030,0.8177367104494215,4000.0,0.3
27,Zprime_4000GeV_045,0.7807292505343871,4000.0,0.45
28,Zprime_4000GeV_060,0.7484782506924381,4000.0,0.6
29,Zprime_4000GeV_075,0.7034728191512472,4000.0,0.75
