,name,auc,mass,nu
0,Zprime_1500GeV_015,0.8163430250645322,1500.0,0.15
1,Zprime_1500GeV_030,0.807822999853111,1500.0,0.3
2,Zprime_1500GeV_045,0.7646770620804818,1500.0,0.45
3,Zprime_1500GeV_060,0.7495301168272505,1500.0,0.6
4,Zprime_1500GeV_075,0.6879473102157303,1500.0,0.75
5,Zprime_2000GeV_015,0.843732495239913,2000.0,0.15
6,Zprime_2000GeV_030,0.8241985536706248,2000.0,0.3
7,Zprime_2000GeV_045,0.7915454009740046,2000.0,0.45
8,Zprime_2000GeV_060,0.7562423670960856,2000.0,0.6
9,Zprime_2000GeV_075,0.716772231229685,2000.0,0.75
10,Zprime_2500GeV_015,0.8285152074547971,2500.0,0.15
11,Zprime_2500GeV_030,0.8087248012931335,2500.0,0.3
12,Zprime_2500GeV_045,0.7833739675496814,2500.0,0.45
13,Zprime_2500GeV_060,0.7475187301540237,2500.0,0.6
14,Zprime_2500GeV_075,0.6993561543130228,2500.0,0.75
15,Zprime_3000GeV_015,0.814179376733799,3000.0,0.15
16,Zprime_3000GeV_030,0.7918137279931254,3000.0,0.3
17,Zprime_3000GeV_045,0.7669464454425388,3000.0,0.45
18,Zprime_3000GeV_060,0.7304697892400931,3000.0,0.6
19,Zprime_3000GeV_075,0.6959572700708767,3000.0,0.75
20,Zprime_3500GeV_015,0.79528943223333,3500.0,0.15
21,Zprime_3500GeV_030,0.7790335162119421,3500.0,0.3
22,Zprime_3500GeV_045,0.7527237360888132,3500.0,0.45
23,Zprime_3500GeV_060,0.7243008195565277,3500.0,0.6
24,Zprime_3500GeV_075,0.6902735662562582,3500.0,0.75
25,Zprime_4000GeV_015,0.7845727337029135,4000.0,0.15
26,Zprime_4000GeV_030,0.7718380279420349,4000.0,0.3
27,Zprime_4000GeV_045,0.7424289548824651,4000.0,0.45
28,Zprime_4000GeV_060,0.7098741443480211,4000.0,0.6
29,Zprime_4000GeV_075,0.671411944109802,4000.0,0.75
