,name,auc,mass,nu
0,Zprime_1500GeV_015,0.8484439651830114,1500.0,0.15
1,Zprime_1500GeV_030,0.8330719845756019,1500.0,0.3
2,Zprime_1500GeV_045,0.8011530363444146,1500.0,0.45
3,Zprime_1500GeV_060,0.7873197622363118,1500.0,0.6
4,Zprime_1500GeV_075,0.7383131812642546,1500.0,0.75
5,Zprime_2000GeV_015,0.8584496925998074,2000.0,0.15
6,Zprime_2000GeV_030,0.8434048694987956,2000.0,0.3
7,Zprime_2000GeV_045,0.8155301567416956,2000.0,0.45
8,Zprime_2000GeV_060,0.7835582574021263,2000.0,0.6
9,Zprime_2000GeV_075,0.7506406994251815,2000.0,0.75
10,Zprime_2500GeV_015,0.8544257852225049,2500.0,0.15
11,Zprime_2500GeV_030,0.8356630760801347,2500.0,0.3
12,Zprime_2500GeV_045,0.811673297012874,2500.0,0.45
13,Zprime_2500GeV_060,0.779630808971288,2500.0,0.6
14,Zprime_2500GeV_075,0.7328861416506576,2500.0,0.75
15,Zprime_3000GeV_015,0.8544641265645099,3000.0,0.15
16,Zprime_3000GeV_030,0.82986655002429,3000.0,0.3
17,Zprime_3000GeV_045,0.8047781413619615,3000.0,0.45
18,Zprime_3000GeV_060,0.768130634579789,3000.0,0.6
19,Zprime_3000GeV_075,0.7339335537305554,3000.0,0.75
20,Zprime_3500GeV_015,0.8456418264731871,3500.0,0.15
21,Zprime_3500GeV_030,0.830368703753616,3500.0,0.3
22,Zprime_3500GeV_045,0.7986025364724908,3500.0,0.45
23,Zprime_3500GeV_060,0.7696766957961125,3500.0,0.6
24,Zprime_3500GeV_075,0.7277926147961924,3500.0,0.75
25,Zprime_4000GeV_015,0.8467826786451209,4000.0,0.15
26,Zprime_4000GeV_030,0.8324438306173014,4000.0,0.3
27,Zprime_4000GeV_045,0.7993263129390281,4000.0,0.45
28,Zprime_4000GeV_060,0.7641561005288022,4000.0,0.6
29,Zprime_4000GeV_075,0.7150640764900776,4000.0,0.75
