,name,auc,mass,nu
0,Zprime_1500GeV_015,0.8091856339283462,1500.0,0.15
1,Zprime_1500GeV_030,0.8033078153383783,1500.0,0.3
2,Zprime_1500GeV_045,0.7639432158399654,1500.0,0.45
3,Zprime_1500GeV_060,0.7440662023242132,1500.0,0.6
4,Zprime_1500GeV_075,0.6811683986311718,1500.0,0.75
5,Zprime_2000GeV_015,0.8342843481573978,2000.0,0.15
6,Zprime_2000GeV_030,0.814498165049884,2000.0,0.3
7,Zprime_2000GeV_045,0.7819055366447819,2000.0,0.45
8,Zprime_2000GeV_060,0.7466726096728855,2000.0,0.6
9,Zprime_2000GeV_075,0.7076498065276771,2000.0,0.75
10,Zprime_2500GeV_015,0.8199762314178479,2500.0,0.15
11,Zprime_2500GeV_030,0.7994285837051333,2500.0,0.3
12,Zprime_2500GeV_045,0.7725676984326997,2500.0,0.45
13,Zprime_2500GeV_060,0.7392931745575282,2500.0,0.6
14,Zprime_2500GeV_075,0.6922436637841909,2500.0,0.75
15,Zprime_3000GeV_015,0.8055501342448457,3000.0,0.15
16,Zprime_3000GeV_030,0.7811482744265248,3000.0,0.3
17,Zprime_3000GeV_045,0.7564398282349624,3000.0,0.45
18,Zprime_3000GeV_060,0.7197377953401737,3000.0,0.6
19,Zprime_3000GeV_075,0.6877424046698686,3000.0,0.75
20,Zprime_3500GeV_015,0.7865832559691189,3500.0,0.15
21,Zprime_3500GeV_030,0.7694797028887677,3500.0,0.3
22,Zprime_3500GeV_045,0.7448453131783186,3500.0,0.45
23,Zprime_3500GeV_060,0.7162132753551698,3500.0,0.6
24,Zprime_3500GeV_075,0.6823923805840263,3500.0,0.75
25,Zprime_4000GeV_015,0.7747815840940755,4000.0,0.15
26,Zprime_4000GeV_030,0.7629932861095752,4000.0,0.3
27,Zprime_4000GeV_045,0.7322663805845429,4000.0,0.45
28,Zprime_4000GeV_060,0.7025287800416984,4000.0,0.6
29,Zprime_4000GeV_075,0.6658094159706338,4000.0,0.75
