,name,auc,mass,nu
0,Zprime_1500GeV_015,0.846430810250776,1500.0,0.15
1,Zprime_1500GeV_030,0.8344941128170661,1500.0,0.3
2,Zprime_1500GeV_045,0.8048157334876908,1500.0,0.45
3,Zprime_1500GeV_060,0.7758408257008309,1500.0,0.6
4,Zprime_1500GeV_075,0.7297505401837252,1500.0,0.75
5,Zprime_2000GeV_015,0.8653525337772444,2000.0,0.15
6,Zprime_2000GeV_030,0.8486030514330641,2000.0,0.3
7,Zprime_2000GeV_045,0.8201351630671545,2000.0,0.45
8,Zprime_2000GeV_060,0.7876694364155098,2000.0,0.6
9,Zprime_2000GeV_075,0.7484947518722783,2000.0,0.75
10,Zprime_2500GeV_015,0.8628882200749298,2500.0,0.15
11,Zprime_2500GeV_030,0.8424046670251175,2500.0,0.3
12,Zprime_2500GeV_045,0.8184952589386476,2500.0,0.45
13,Zprime_2500GeV_060,0.7854286229442361,2500.0,0.6
14,Zprime_2500GeV_075,0.7351981322421767,2500.0,0.75
15,Zprime_3000GeV_015,0.8628080967980427,3000.0,0.15
16,Zprime_3000GeV_030,0.838001759249034,3000.0,0.3
17,Zprime_3000GeV_045,0.8136426248113406,3000.0,0.45
18,Zprime_3000GeV_060,0.7753523259236882,3000.0,0.6
19,Zprime_3000GeV_075,0.7356453712589606,3000.0,0.75
20,Zprime_3500GeV_015,0.8574759464968763,3500.0,0.15
21,Zprime_3500GeV_030,0.8423312720228697,3500.0,0.3
22,Zprime_3500GeV_045,0.8094157687450791,3500.0,0.45
23,Zprime_3500GeV_060,0.7778131236195631,3500.0,0.6
24,Zprime_3500GeV_075,0.7314349470336707,3500.0,0.75
25,Zprime_4000GeV_015,0.860719383947085,4000.0,0.15
26,Zprime_4000GeV_030,0.8472817191185099,4000.0,0.3
27,Zprime_4000GeV_045,0.8109587681465154,4000.0,0.45
28,Zprime_4000GeV_060,0.7735834427285453,4000.0,0.6
29,Zprime_4000GeV_075,0.720722900941149,4000.0,0.75
