,name,auc,mass,nu
0,Zprime_1500GeV_015,0.8189780287127112,1500.0,0.15
1,Zprime_1500GeV_030,0.8120056367319636,1500.0,0.3
2,Zprime_1500GeV_045,0.7701960909633301,1500.0,0.45
3,Zprime_1500GeV_060,0.751053437326381,1500.0,0.6
4,Zprime_1500GeV_075,0.6881373477293028,1500.0,0.75
5,Zprime_2000GeV_015,0.8511943038594957,2000.0,0.15
6,Zprime_2000GeV_030,0.8280242756248353,2000.0,0.3
7,Zprime_2000GeV_045,0.7965400890337099,2000.0,0.45
8,Zprime_2000GeV_060,0.7607781421888087,2000.0,0.6
9,Zprime_2000GeV_075,0.717891749608309,2000.0,0.75
10,Zprime_2500GeV_015,0.8478696189810954,2500.0,0.15
11,Zprime_2500GeV_030,0.8229546679157317,2500.0,0.3
12,Zprime_2500GeV_045,0.795794441352682,2500.0,0.45
13,Zprime_2500GeV_060,0.75974276511441,2500.0,0.6
14,Zprime_2500GeV_075,0.706912143300767,2500.0,0.75
15,Zprime_3000GeV_015,0.8424310430303324,3000.0,0.15
16,Zprime_3000GeV_030,0.8143677566902418,3000.0,0.3
17,Zprime_3000GeV_045,0.787025664991579,3000.0,0.45
18,Zprime_3000GeV_060,0.7460294048385934,3000.0,0.6
19,Zprime_3000GeV_075,0.7049592051849087,3000.0,0.75
20,Zprime_3500GeV_015,0.8309439281312253,3500.0,0.15
21,Zprime_3500GeV_030,0.8109663391805499,3500.0,0.3
22,Zprime_3500GeV_045,0.7802409843405541,3500.0,0.45
23,Zprime_3500GeV_060,0.7449843248846909,3500.0,0.6
24,Zprime_3500GeV_075,0.7014784696705988,3500.0,0.75
25,Zprime_4000GeV_015,0.8238924605007731,4000.0,0.15
26,Zprime_4000GeV_030,0.8091211702194948,4000.0,0.3
27,Zprime_4000GeV_045,0.7726344226601763,4000.0,0.45
28,Zprime_4000GeV_060,0.7323436537661129,4000.0,0.6
29,Zprime_4000GeV_075,0.6859591479960088,4000.0,0.75
