,name,auc,mass,nu
0,Zprime_1500GeV_015,0.8219456192422064,1500.0,0.15
1,Zprime_1500GeV_030,0.8154703405816169,1500.0,0.3
2,Zprime_1500GeV_045,0.7792408762843408,1500.0,0.45
3,Zprime_1500GeV_060,0.7540165902500157,1500.0,0.6
4,Zprime_1500GeV_075,0.6982330557557787,1500.0,0.75
5,Zprime_2000GeV_015,0.8469274575284662,2000.0,0.15
6,Zprime_2000GeV_030,0.8278556109840558,2000.0,0.3
7,Zprime_2000GeV_045,0.7972254025408702,2000.0,0.45
8,Zprime_2000GeV_060,0.7634956324092496,2000.0,0.6
9,Zprime_2000GeV_075,0.727043889417913,2000.0,0.75
10,Zprime_2500GeV_015,0.8382990093888516,2500.0,0.15
11,Zprime_2500GeV_030,0.8187642746729663,2500.0,0.3
12,Zprime_2500GeV_045,0.7930991810585974,2500.0,0.45
13,Zprime_2500GeV_060,0.7592380787514215,2500.0,0.6
14,Zprime_2500GeV_075,0.708953577477914,2500.0,0.75
15,Zprime_3000GeV_015,0.827810910025421,3000.0,0.15
16,Zprime_3000GeV_030,0.8049765297927547,3000.0,0.3
17,Zprime_3000GeV_045,0.7808960521719774,3000.0,0.45
18,Zprime_3000GeV_060,0.7409621118276635,3000.0,0.6
19,Zprime_3000GeV_075,0.7028338892052984,3000.0,0.75
20,Zprime_3500GeV_015,0.8165962379666756,3500.0,0.15
21,Zprime_3500GeV_030,0.7967596001081029,3500.0,0.3
22,Zprime_3500GeV_045,0.7666581058218618,3500.0,0.45
23,Zprime_3500GeV_060,0.7388475587902658,3500.0,0.6
24,Zprime_3500GeV_075,0.7006459528567438,3500.0,0.75
25,Zprime_4000GeV_015,0.8041155415357909,4000.0,0.15
26,Zprime_4000GeV_030,0.7891681374912272,4000.0,0.3
27,Zprime_4000GeV_045,0.7583890509353464,4000.0,0.45
28,Zprime_4000GeV_060,0.7250714983620543,4000.0,0.6
29,Zprime_4000GeV_075,0.686757719541194,4000.0,0.75
