,name,auc,mass,nu
0,Zprime_1500GeV_015,0.8054778974530011,1500.0,0.15
1,Zprime_1500GeV_030,0.7933617019253021,1500.0,0.3
2,Zprime_1500GeV_045,0.7615071647882068,1500.0,0.45
3,Zprime_1500GeV_060,0.7382583643839981,1500.0,0.6
4,Zprime_1500GeV_075,0.6860158900383229,1500.0,0.75
5,Zprime_2000GeV_015,0.8416174719035748,2000.0,0.15
6,Zprime_2000GeV_030,0.821151931794255,2000.0,0.3
7,Zprime_2000GeV_045,0.7930163054794467,2000.0,0.45
8,Zprime_2000GeV_060,0.758769553364924,2000.0,0.6
9,Zprime_2000GeV_075,0.716989258045269,2000.0,0.75
10,Zprime_2500GeV_015,0.8403395915053431,2500.0,0.15
11,Zprime_2500GeV_030,0.818896056251784,2500.0,0.3
12,Zprime_2500GeV_045,0.7925317047494567,2500.0,0.45
13,Zprime_2500GeV_060,0.7570185924726478,2500.0,0.6
14,Zprime_2500GeV_075,0.7077312640224973,2500.0,0.75
15,Zprime_3000GeV_015,0.8344465036355269,3000.0,0.15
16,Zprime_3000GeV_030,0.8120617540729227,3000.0,0.3
17,Zprime_3000GeV_045,0.7847235793556073,3000.0,0.45
18,Zprime_3000GeV_060,0.745568584750177,3000.0,0.6
19,Zprime_3000GeV_075,0.7128087891541736,3000.0,0.75
20,Zprime_3500GeV_015,0.8312710585001996,3500.0,0.15
21,Zprime_3500GeV_030,0.8089331702655316,3500.0,0.3
22,Zprime_3500GeV_045,0.7775203634842084,3500.0,0.45
23,Zprime_3500GeV_060,0.7487409765466292,3500.0,0.6
24,Zprime_3500GeV_075,0.7072436021401405,3500.0,0.75
25,Zprime_4000GeV_015,0.8217833456459752,4000.0,0.15
26,Zprime_4000GeV_030,0.8069499354471443,4000.0,0.3
27,Zprime_4000GeV_045,0.7746339924370489,4000.0,0.45
28,Zprime_4000GeV_060,0.7376175961193462,4000.0,0.6
29,Zprime_4000GeV_075,0.6916210798920192,4000.0,0.75
