,name,auc,mass,nu
0,Zprime_1500GeV_015,0.8384261867325862,1500.0,0.15
1,Zprime_1500GeV_030,0.8348522207181075,1500.0,0.3
2,Zprime_1500GeV_045,0.7923778496048433,1500.0,0.45
3,Zprime_1500GeV_060,0.7689493136299321,1500.0,0.6
4,Zprime_1500GeV_075,0.7059324353851525,1500.0,0.75
5,Zprime_2000GeV_015,0.8665577966433562,2000.0,0.15
6,Zprime_2000GeV_030,0.8472033013178576,2000.0,0.3
7,Zprime_2000GeV_045,0.8137531715240447,2000.0,0.45
8,Zprime_2000GeV_060,0.7794693932529837,2000.0,0.6
9,Zprime_2000GeV_075,0.7389297057964088,2000.0,0.75
10,Zprime_2500GeV_015,0.864450838836662,2500.0,0.15
11,Zprime_2500GeV_030,0.8435582476753071,2500.0,0.3
12,Zprime_2500GeV_045,0.8159653251885227,2500.0,0.45
13,Zprime_2500GeV_060,0.7799313315500526,2500.0,0.6
14,Zprime_2500GeV_075,0.7238626178204088,2500.0,0.75
15,Zprime_3000GeV_015,0.8631873989049232,3000.0,0.15
16,Zprime_3000GeV_030,0.8345000090238828,3000.0,0.3
17,Zprime_3000GeV_045,0.8091668957611761,3000.0,0.45
18,Zprime_3000GeV_060,0.7682004321043973,3000.0,0.6
19,Zprime_3000GeV_075,0.7246596841255237,3000.0,0.75
20,Zprime_3500GeV_015,0.8523828470147735,3500.0,0.15
21,Zprime_3500GeV_030,0.8345586254928478,3500.0,0.3
22,Zprime_3500GeV_045,0.8018530444227687,3500.0,0.45
23,Zprime_3500GeV_060,0.7673856368056534,3500.0,0.6
24,Zprime_3500GeV_075,0.7203724725499044,3500.0,0.75
25,Zprime_4000GeV_015,0.8481102482452062,4000.0,0.15
26,Zprime_4000GeV_030,0.8349224234618913,4000.0,0.3
27,Zprime_4000GeV_045,0.795960490755786,4000.0,0.45
28,Zprime_4000GeV_060,0.7599025344514062,4000.0,0.6
29,Zprime_4000GeV_075,0.7077567873355817,4000.0,0.75
