,name,auc,mass,nu
0,Zprime_1500GeV_015,0.8433885978753678,1500.0,0.15
1,Zprime_1500GeV_030,0.8299100410760725,1500.0,0.3
2,Zprime_1500GeV_045,0.7969912798311379,1500.0,0.45
3,Zprime_1500GeV_060,0.7804945986611294,1500.0,0.6
4,Zprime_1500GeV_075,0.7315145961926082,1500.0,0.75
5,Zprime_2000GeV_015,0.8627672951159653,2000.0,0.15
6,Zprime_2000GeV_030,0.8466018260565016,2000.0,0.3
7,Zprime_2000GeV_045,0.8167630840400867,2000.0,0.45
8,Zprime_2000GeV_060,0.784482748280828,2000.0,0.6
9,Zprime_2000GeV_075,0.7488638901196519,2000.0,0.75
10,Zprime_2500GeV_015,0.8519629675664414,2500.0,0.15
11,Zprime_2500GeV_030,0.8336748619059839,2500.0,0.3
12,Zprime_2500GeV_045,0.8110479572013924,2500.0,0.45
13,Zprime_2500GeV_060,0.7785588201073094,2500.0,0.6
14,Zprime_2500GeV_075,0.7302244599418941,2500.0,0.75
15,Zprime_3000GeV_015,0.8418605974635653,3000.0,0.15
16,Zprime_3000GeV_030,0.8215011889608015,3000.0,0.3
17,Zprime_3000GeV_045,0.797847363923956,3000.0,0.45
18,Zprime_3000GeV_060,0.761798006788355,3000.0,0.6
19,Zprime_3000GeV_075,0.7245974132535127,3000.0,0.75
20,Zprime_3500GeV_015,0.8296852868552114,3500.0,0.15
21,Zprime_3500GeV_030,0.8160995965450526,3500.0,0.3
22,Zprime_3500GeV_045,0.7868951673872989,3500.0,0.45
23,Zprime_3500GeV_060,0.7574988879931505,3500.0,0.6
24,Zprime_3500GeV_075,0.7181142160338642,3500.0,0.75
25,Zprime_4000GeV_015,0.8227901556806427,4000.0,0.15
26,Zprime_4000GeV_030,0.809212784658271,4000.0,0.3
27,Zprime_4000GeV_045,0.7786565513336575,4000.0,0.45
28,Zprime_4000GeV_060,0.7453479749089821,4000.0,0.6
29,Zprime_4000GeV_075,0.7033744120832619,4000.0,0.75
