,name,auc,mass,nu
0,Zprime_1500GeV_015,0.8275882686517245,1500.0,0.15
1,Zprime_1500GeV_030,0.8215038841035495,1500.0,0.3
2,Zprime_1500GeV_045,0.7848442988575499,1500.0,0.45
3,Zprime_1500GeV_060,0.7606421154595336,1500.0,0.6
4,Zprime_1500GeV_075,0.6986443153528823,1500.0,0.75
5,Zprime_2000GeV_015,0.8573280093911817,2000.0,0.15
6,Zprime_2000GeV_030,0.8375417742591765,2000.0,0.3
7,Zprime_2000GeV_045,0.8062945018803336,2000.0,0.45
8,Zprime_2000GeV_060,0.7719865916675237,2000.0,0.6
9,Zprime_2000GeV_075,0.73173490987052,2000.0,0.75
10,Zprime_2500GeV_015,0.8509478103223006,2500.0,0.15
11,Zprime_2500GeV_030,0.8310446974166593,2500.0,0.3
12,Zprime_2500GeV_045,0.804193801019005,2500.0,0.45
13,Zprime_2500GeV_060,0.7725062465338922,2500.0,0.6
14,Zprime_2500GeV_075,0.7182007540517008,2500.0,0.75
15,Zprime_3000GeV_015,0.8456305975445347,3000.0,0.15
16,Zprime_3000GeV_030,0.8213668535260371,3000.0,0.3
17,Zprime_3000GeV_045,0.7948048102495551,3000.0,0.45
18,Zprime_3000GeV_060,0.7565013314156719,3000.0,0.6
19,Zprime_3000GeV_075,0.7192643863848349,3000.0,0.75
20,Zprime_3500GeV_015,0.8350081054716217,3500.0,0.15
21,Zprime_3500GeV_030,0.8175173614382872,3500.0,0.3
22,Zprime_3500GeV_045,0.7876573671304996,3500.0,0.45
23,Zprime_3500GeV_060,0.7561988129728039,3500.0,0.6
24,Zprime_3500GeV_075,0.7163740841015063,3500.0,0.75
25,Zprime_4000GeV_015,0.8285372006906357,4000.0,0.15
26,Zprime_4000GeV_030,0.8127481165274376,4000.0,0.3
27,Zprime_4000GeV_045,0.7818783479766136,4000.0,0.45
28,Zprime_4000GeV_060,0.7438095127403542,4000.0,0.6
29,Zprime_4000GeV_075,0.6986642222919516,4000.0,0.75
