,name,auc,mass,nu
0,Zprime_1500GeV_015,0.8304700265415542,1500.0,0.15
1,Zprime_1500GeV_030,0.8197536333883904,1500.0,0.3
2,Zprime_1500GeV_045,0.7870289258961902,1500.0,0.45
3,Zprime_1500GeV_060,0.7671035211162844,1500.0,0.6
4,Zprime_1500GeV_075,0.7132561351281135,1500.0,0.75
5,Zprime_2000GeV_015,0.8542288287520948,2000.0,0.15
6,Zprime_2000GeV_030,0.8382556613248829,2000.0,0.3
7,Zprime_2000GeV_045,0.8087920836021629,2000.0,0.45
8,Zprime_2000GeV_060,0.7746832174898997,2000.0,0.6
9,Zprime_2000GeV_075,0.7344499549989515,2000.0,0.75
10,Zprime_2500GeV_015,0.8492276218020322,2500.0,0.15
11,Zprime_2500GeV_030,0.8301021432913092,2500.0,0.3
12,Zprime_2500GeV_045,0.8054074005076375,2500.0,0.45
13,Zprime_2500GeV_060,0.771261365617563,2500.0,0.6
14,Zprime_2500GeV_075,0.7191625502666585,2500.0,0.75
15,Zprime_3000GeV_015,0.8419838405528124,3000.0,0.15
16,Zprime_3000GeV_030,0.8203128579668758,3000.0,0.3
17,Zprime_3000GeV_045,0.7955185230352095,3000.0,0.45
18,Zprime_3000GeV_060,0.7569125499102018,3000.0,0.6
19,Zprime_3000GeV_075,0.7146276296841372,3000.0,0.75
20,Zprime_3500GeV_015,0.8329137821840488,3500.0,0.15
21,Zprime_3500GeV_030,0.8176870047359732,3500.0,0.3
22,Zprime_3500GeV_045,0.7868164682458868,3500.0,0.45
23,Zprime_3500GeV_060,0.7557455290761143,3500.0,0.6
24,Zprime_3500GeV_075,0.7114404907711811,3500.0,0.75
25,Zprime_4000GeV_015,0.8229841938948398,4000.0,0.15
26,Zprime_4000GeV_030,0.8124971438463394,4000.0,0.3
27,Zprime_4000GeV_045,0.7799511555915052,4000.0,0.45
28,Zprime_4000GeV_060,0.74392935722379,4000.0,0.6
29,Zprime_4000GeV_075,0.6991705546655443,4000.0,0.75
