,name,auc,mass,nu
0,Zprime_1500GeV_015,0.8269101324088167,1500.0,0.15
1,Zprime_1500GeV_030,0.8156026991640009,1500.0,0.3
2,Zprime_1500GeV_045,0.7790915812654134,1500.0,0.45
3,Zprime_1500GeV_060,0.7681861172860307,1500.0,0.6
4,Zprime_1500GeV_075,0.7098880620443181,1500.0,0.75
5,Zprime_2000GeV_015,0.8509457751451551,2000.0,0.15
6,Zprime_2000GeV_030,0.8336461800014647,2000.0,0.3
7,Zprime_2000GeV_045,0.8030845382890399,2000.0,0.45
8,Zprime_2000GeV_060,0.7693427683926573,2000.0,0.6
9,Zprime_2000GeV_075,0.7320331262478191,2000.0,0.75
10,Zprime_2500GeV_015,0.8463467478167083,2500.0,0.15
11,Zprime_2500GeV_030,0.827011069480668,2500.0,0.3
12,Zprime_2500GeV_045,0.8031074812717216,2500.0,0.45
13,Zprime_2500GeV_060,0.7699893117973353,2500.0,0.6
14,Zprime_2500GeV_075,0.7173461100992002,2500.0,0.75
15,Zprime_3000GeV_015,0.8422035293779878,3000.0,0.15
16,Zprime_3000GeV_030,0.8186228474575541,3000.0,0.3
17,Zprime_3000GeV_045,0.7947763069050398,3000.0,0.45
18,Zprime_3000GeV_060,0.7578667545853554,3000.0,0.6
19,Zprime_3000GeV_075,0.717818480267765,3000.0,0.75
20,Zprime_3500GeV_015,0.8347891584156198,3500.0,0.15
21,Zprime_3500GeV_030,0.8182064253486365,3500.0,0.3
22,Zprime_3500GeV_045,0.788507816294946,3500.0,0.45
23,Zprime_3500GeV_060,0.7592732949405134,3500.0,0.6
24,Zprime_3500GeV_075,0.7177153462687208,3500.0,0.75
25,Zprime_4000GeV_015,0.8321535083874874,4000.0,0.15
26,Zprime_4000GeV_030,0.8162412302842172,4000.0,0.3
27,Zprime_4000GeV_045,0.7878327481839983,4000.0,0.45
28,Zprime_4000GeV_060,0.7482724567902354,4000.0,0.6
29,Zprime_4000GeV_075,0.7030346554800878,4000.0,0.75
