,name,auc,mass,nu
0,Zprime_1500GeV_015,0.8005360394320986,1500.0,0.15
1,Zprime_1500GeV_030,0.7941097524762415,1500.0,0.3
2,Zprime_1500GeV_045,0.7530438009292859,1500.0,0.45
3,Zprime_1500GeV_060,0.7342068481996004,1500.0,0.6
4,Zprime_1500GeV_075,0.6729676939017492,1500.0,0.75
5,Zprime_2000GeV_015,0.8340027567159547,2000.0,0.15
6,Zprime_2000GeV_030,0.8145614580243674,2000.0,0.3
7,Zprime_2000GeV_045,0.7852686784535265,2000.0,0.45
8,Zprime_2000GeV_060,0.7468594269269506,2000.0,0.6
9,Zprime_2000GeV_075,0.7081914782601915,2000.0,0.75
10,Zprime_2500GeV_015,0.8344526701726334,2500.0,0.15
11,Zprime_2500GeV_030,0.8087867396972391,2500.0,0.3
12,Zprime_2500GeV_045,0.7835940054168097,2500.0,0.45
13,Zprime_2500GeV_060,0.7445065785098886,2500.0,0.6
14,Zprime_2500GeV_075,0.6945414152774875,2500.0,0.75
15,Zprime_3000GeV_015,0.8283458676510547,3000.0,0.15
16,Zprime_3000GeV_030,0.8033739567275444,3000.0,0.3
17,Zprime_3000GeV_045,0.7756618544630285,3000.0,0.45
18,Zprime_3000GeV_060,0.734885592204834,3000.0,0.6
19,Zprime_3000GeV_075,0.6953410485745616,3000.0,0.75
20,Zprime_3500GeV_015,0.8241118378835566,3500.0,0.15
21,Zprime_3500GeV_030,0.8031300456725037,3500.0,0.3
22,Zprime_3500GeV_045,0.7692027299925914,3500.0,0.45
23,Zprime_3500GeV_060,0.7348305679028767,3500.0,0.6
24,Zprime_3500GeV_075,0.6918339027482326,3500.0,0.75
25,Zprime_4000GeV_015,0.8211854238761354,4000.0,0.15
26,Zprime_4000GeV_030,0.8020048931397534,4000.0,0.3
27,Zprime_4000GeV_045,0.7644900898046341,4000.0,0.45
28,Zprime_4000GeV_060,0.7299582672563043,4000.0,0.6
29,Zprime_4000GeV_075,0.6764441655268754,4000.0,0.75
