,name,auc,mass,nu
0,Zprime_1500GeV_015,0.8397603879682025,1500.0,0.15
1,Zprime_1500GeV_030,0.8319878858873521,1500.0,0.3
2,Zprime_1500GeV_045,0.7969319791248336,1500.0,0.45
3,Zprime_1500GeV_060,0.7777628839508216,1500.0,0.6
4,Zprime_1500GeV_075,0.7148283397558199,1500.0,0.75
5,Zprime_2000GeV_015,0.8657193113008879,2000.0,0.15
6,Zprime_2000GeV_030,0.8464136794336883,2000.0,0.3
7,Zprime_2000GeV_045,0.8165120527896768,2000.0,0.45
8,Zprime_2000GeV_060,0.7844925249807235,2000.0,0.6
9,Zprime_2000GeV_075,0.7473879264457929,2000.0,0.75
10,Zprime_2500GeV_015,0.8557734151833176,2500.0,0.15
11,Zprime_2500GeV_030,0.8375740834544918,2500.0,0.3
12,Zprime_2500GeV_045,0.8136762179271679,2500.0,0.45
13,Zprime_2500GeV_060,0.781518682625061,2500.0,0.6
14,Zprime_2500GeV_075,0.7322966213072132,2500.0,0.75
15,Zprime_3000GeV_015,0.848537698112627,3000.0,0.15
16,Zprime_3000GeV_030,0.8250541853680465,3000.0,0.3
17,Zprime_3000GeV_045,0.8008034059554896,3000.0,0.45
18,Zprime_3000GeV_060,0.76592721064015,3000.0,0.6
19,Zprime_3000GeV_075,0.7291193860310059,3000.0,0.75
20,Zprime_3500GeV_015,0.8379487733025006,3500.0,0.15
21,Zprime_3500GeV_030,0.819046533136178,3500.0,0.3
22,Zprime_3500GeV_045,0.7920069662921432,3500.0,0.45
23,Zprime_3500GeV_060,0.7619355478734418,3500.0,0.6
24,Zprime_3500GeV_075,0.7252791529684781,3500.0,0.75
25,Zprime_4000GeV_015,0.8328718251332055,4000.0,0.15
26,Zprime_4000GeV_030,0.8135277235297731,4000.0,0.3
27,Zprime_4000GeV_045,0.7848731752567951,4000.0,0.45
28,Zprime_4000GeV_060,0.7526356527507628,4000.0,0.6
29,Zprime_4000GeV_075,0.7124914883181391,4000.0,0.75
