,name,auc,mass,nu
0,Zprime_1500GeV_015,0.8236551485103191,1500.0,0.15
1,Zprime_1500GeV_030,0.8108888446812985,1500.0,0.3
2,Zprime_1500GeV_045,0.7725836032888173,1500.0,0.45
3,Zprime_1500GeV_060,0.7562520656426469,1500.0,0.6
4,Zprime_1500GeV_075,0.7029703198239264,1500.0,0.75
5,Zprime_2000GeV_015,0.8486098171417003,2000.0,0.15
6,Zprime_2000GeV_030,0.8307268694216187,2000.0,0.3
7,Zprime_2000GeV_045,0.7978496577330613,2000.0,0.45
8,Zprime_2000GeV_060,0.764553691697222,2000.0,0.6
9,Zprime_2000GeV_075,0.7242543638596113,2000.0,0.75
10,Zprime_2500GeV_015,0.8395478040324388,2500.0,0.15
11,Zprime_2500GeV_030,0.8202337528161946,2500.0,0.3
12,Zprime_2500GeV_045,0.7948303683673356,2500.0,0.45
13,Zprime_2500GeV_060,0.7592053826041525,2500.0,0.6
14,Zprime_2500GeV_075,0.7073577010774053,2500.0,0.75
15,Zprime_3000GeV_015,0.8300299864857238,3000.0,0.15
16,Zprime_3000GeV_030,0.8069142410988617,3000.0,0.3
17,Zprime_3000GeV_045,0.7810607791088031,3000.0,0.45
18,Zprime_3000GeV_060,0.7417715981988844,3000.0,0.6
19,Zprime_3000GeV_075,0.701698344395723,3000.0,0.75
20,Zprime_3500GeV_015,0.8195514876617468,3500.0,0.15
21,Zprime_3500GeV_030,0.8014314625548554,3500.0,0.3
22,Zprime_3500GeV_045,0.770575217724992,3500.0,0.45
23,Zprime_3500GeV_060,0.7390543158195401,3500.0,0.6
24,Zprime_3500GeV_075,0.6986090483250608,3500.0,0.75
25,Zprime_4000GeV_015,0.8090529867240925,4000.0,0.15
26,Zprime_4000GeV_030,0.7956506889269608,4000.0,0.3
27,Zprime_4000GeV_045,0.7638894668394789,4000.0,0.45
28,Zprime_4000GeV_060,0.7259319909693035,4000.0,0.6
29,Zprime_4000GeV_075,0.6817376770787253,4000.0,0.75
