,name,auc,mass,nu
0,Zprime_1500GeV_015,0.809911999940209,1500.0,0.15
1,Zprime_1500GeV_030,0.8019688405176832,1500.0,0.3
2,Zprime_1500GeV_045,0.7616034735278903,1500.0,0.45
3,Zprime_1500GeV_060,0.7429374155282861,1500.0,0.6
4,Zprime_1500GeV_075,0.6777445840006273,1500.0,0.75
5,Zprime_2000GeV_015,0.8383660113160203,2000.0,0.15
6,Zprime_2000GeV_030,0.8192075224651659,2000.0,0.3
7,Zprime_2000GeV_045,0.7859827907205812,2000.0,0.45
8,Zprime_2000GeV_060,0.750578157212291,2000.0,0.6
9,Zprime_2000GeV_075,0.7101961033906229,2000.0,0.75
10,Zprime_2500GeV_015,0.8298870182062036,2500.0,0.15
11,Zprime_2500GeV_030,0.8103702832251493,2500.0,0.3
12,Zprime_2500GeV_045,0.7826005961506323,2500.0,0.45
13,Zprime_2500GeV_060,0.7474343916812397,2500.0,0.6
14,Zprime_2500GeV_075,0.696112268257999,2500.0,0.75
15,Zprime_3000GeV_015,0.8251435097214284,3000.0,0.15
16,Zprime_3000GeV_030,0.8016923906780782,3000.0,0.3
17,Zprime_3000GeV_045,0.7742580942742285,3000.0,0.45
18,Zprime_3000GeV_060,0.7358775998304681,3000.0,0.6
19,Zprime_3000GeV_075,0.6957832268154933,3000.0,0.75
20,Zprime_3500GeV_015,0.8180704790427208,3500.0,0.15
21,Zprime_3500GeV_030,0.8013267099440822,3500.0,0.3
22,Zprime_3500GeV_045,0.7701270613121269,3500.0,0.45
23,Zprime_3500GeV_060,0.736964030260504,3500.0,0.6
24,Zprime_3500GeV_075,0.6943925417391865,3500.0,0.75
25,Zprime_4000GeV_015,0.815716052114812,4000.0,0.15
26,Zprime_4000GeV_030,0.8025396748115847,4000.0,0.3
27,Zprime_4000GeV_045,0.7660949035028121,4000.0,0.45
28,Zprime_4000GeV_060,0.7296821914425681,4000.0,0.6
29,Zprime_4000GeV_075,0.6842944632660852,4000.0,0.75
