,name,auc,mass,nu
0,Zprime_1500GeV_015,0.8338952743701636,1500.0,0.15
1,Zprime_1500GeV_030,0.8215982655477744,1500.0,0.3
2,Zprime_1500GeV_045,0.7877564028015849,1500.0,0.45
3,Zprime_1500GeV_060,0.7694645789581593,1500.0,0.6
4,Zprime_1500GeV_075,0.7081121461318715,1500.0,0.75
5,Zprime_2000GeV_015,0.85909719569058,2000.0,0.15
6,Zprime_2000GeV_030,0.8402766332220002,2000.0,0.3
7,Zprime_2000GeV_045,0.8083307139677504,2000.0,0.45
8,Zprime_2000GeV_060,0.7733964168966702,2000.0,0.6
9,Zprime_2000GeV_075,0.7396505748139373,2000.0,0.75
10,Zprime_2500GeV_015,0.8499571044651043,2500.0,0.15
11,Zprime_2500GeV_030,0.8287865831190575,2500.0,0.3
12,Zprime_2500GeV_045,0.8033644574251183,2500.0,0.45
13,Zprime_2500GeV_060,0.7691837540191587,2500.0,0.6
14,Zprime_2500GeV_075,0.7233224940060983,2500.0,0.75
15,Zprime_3000GeV_015,0.8410206694664871,3000.0,0.15
16,Zprime_3000GeV_030,0.8175482899409524,3000.0,0.3
17,Zprime_3000GeV_045,0.7932610137386216,3000.0,0.45
18,Zprime_3000GeV_060,0.7555828622000422,3000.0,0.6
19,Zprime_3000GeV_075,0.7210095899085827,3000.0,0.75
20,Zprime_3500GeV_015,0.8289885342241953,3500.0,0.15
21,Zprime_3500GeV_030,0.8117849596133997,3500.0,0.3
22,Zprime_3500GeV_045,0.7825140253345211,3500.0,0.45
23,Zprime_3500GeV_060,0.754665100861911,3500.0,0.6
24,Zprime_3500GeV_075,0.7136833086228754,3500.0,0.75
25,Zprime_4000GeV_015,0.8231224401749576,4000.0,0.15
26,Zprime_4000GeV_030,0.8088522945619742,4000.0,0.3
27,Zprime_4000GeV_045,0.7761410723482373,4000.0,0.45
28,Zprime_4000GeV_060,0.7422208053197706,4000.0,0.6
29,Zprime_4000GeV_075,0.7020955243066432,4000.0,0.75
