,name,auc,mass,nu
0,Zprime_1500GeV_015,0.8470301206001137,1500.0,0.15
1,Zprime_1500GeV_030,0.8327806503905238,1500.0,0.3
2,Zprime_1500GeV_045,0.8058549783656748,1500.0,0.45
3,Zprime_1500GeV_060,0.7894753607234583,1500.0,0.6
4,Zprime_1500GeV_075,0.7402147423903369,1500.0,0.75
5,Zprime_2000GeV_015,0.8595641184145102,2000.0,0.15
6,Zprime_2000GeV_030,0.8438067803134393,2000.0,0.3
7,Zprime_2000GeV_045,0.8176511678187122,2000.0,0.45
8,Zprime_2000GeV_060,0.7914432425751543,2000.0,0.6
9,Zprime_2000GeV_075,0.7611550876570742,2000.0,0.75
10,Zprime_2500GeV_015,0.8506271085468999,2500.0,0.15
11,Zprime_2500GeV_030,0.8323162073317247,2500.0,0.3
12,Zprime_2500GeV_045,0.811706993808227,2500.0,0.45
13,Zprime_2500GeV_060,0.7860247625895611,2500.0,0.6
14,Zprime_2500GeV_075,0.7465585481506555,2500.0,0.75
15,Zprime_3000GeV_015,0.8473992723355982,3000.0,0.15
16,Zprime_3000GeV_030,0.8243240368597247,3000.0,0.3
17,Zprime_3000GeV_045,0.8046836073953768,3000.0,0.45
18,Zprime_3000GeV_060,0.7723669356757363,3000.0,0.6
19,Zprime_3000GeV_075,0.7451716489193062,3000.0,0.75
20,Zprime_3500GeV_015,0.8392877974091703,3500.0,0.15
21,Zprime_3500GeV_030,0.8245032321042832,3500.0,0.3
22,Zprime_3500GeV_045,0.7953300080133079,3500.0,0.45
23,Zprime_3500GeV_060,0.7690522203741164,3500.0,0.6
24,Zprime_3500GeV_075,0.7353452910462193,3500.0,0.75
25,Zprime_4000GeV_015,0.8376009581128046,4000.0,0.15
26,Zprime_4000GeV_030,0.8237299800651824,4000.0,0.3
27,Zprime_4000GeV_045,0.792159735748988,4000.0,0.45
28,Zprime_4000GeV_060,0.7631867119194794,4000.0,0.6
29,Zprime_4000GeV_075,0.7237680715689997,4000.0,0.75
