,name,auc,mass,nu
0,Zprime_1500GeV_015,0.7951631497472434,1500.0,0.15
1,Zprime_1500GeV_030,0.7676809666773399,1500.0,0.3
2,Zprime_1500GeV_045,0.7356854958488956,1500.0,0.45
3,Zprime_1500GeV_060,0.7109427803242809,1500.0,0.6
4,Zprime_1500GeV_075,0.648291141377585,1500.0,0.75
5,Zprime_2000GeV_015,0.8218136844918515,2000.0,0.15
6,Zprime_2000GeV_030,0.8025983860999788,2000.0,0.3
7,Zprime_2000GeV_045,0.7698835328329632,2000.0,0.45
8,Zprime_2000GeV_060,0.7324600215957677,2000.0,0.6
9,Zprime_2000GeV_075,0.6865385258749909,2000.0,0.75
10,Zprime_2500GeV_015,0.8276177671399336,2500.0,0.15
11,Zprime_2500GeV_030,0.8035837569718889,2500.0,0.3
12,Zprime_2500GeV_045,0.7752393121293595,2500.0,0.45
13,Zprime_2500GeV_060,0.7371178088188899,2500.0,0.6
14,Zprime_2500GeV_075,0.678664698826002,2500.0,0.75
15,Zprime_3000GeV_015,0.8275103179292416,3000.0,0.15
16,Zprime_3000GeV_030,0.8014293326535845,3000.0,0.3
17,Zprime_3000GeV_045,0.7714543157578677,3000.0,0.45
18,Zprime_3000GeV_060,0.7293800214262394,3000.0,0.6
19,Zprime_3000GeV_075,0.6892798659154526,3000.0,0.75
20,Zprime_3500GeV_015,0.8262009637954951,3500.0,0.15
21,Zprime_3500GeV_030,0.8052731879649846,3500.0,0.3
22,Zprime_3500GeV_045,0.7694308858988361,3500.0,0.45
23,Zprime_3500GeV_060,0.7349843490035985,3500.0,0.6
24,Zprime_3500GeV_075,0.6870914072068587,3500.0,0.75
25,Zprime_4000GeV_015,0.8272428137222219,4000.0,0.15
26,Zprime_4000GeV_030,0.8093000770367063,4000.0,0.3
27,Zprime_4000GeV_045,0.7715570873107285,4000.0,0.45
28,Zprime_4000GeV_060,0.7316658378077464,4000.0,0.6
29,Zprime_4000GeV_075,0.6732380487597964,4000.0,0.75
