,name,auc,mass,nu
0,Zprime_1500GeV_015,0.8037669668356694,1500.0,0.15
1,Zprime_1500GeV_030,0.7952392255886918,1500.0,0.3
2,Zprime_1500GeV_045,0.7531088120739752,1500.0,0.45
3,Zprime_1500GeV_060,0.7341501474542766,1500.0,0.6
4,Zprime_1500GeV_075,0.6725955719864054,1500.0,0.75
5,Zprime_2000GeV_015,0.8334465122206652,2000.0,0.15
6,Zprime_2000GeV_030,0.8096316461527284,2000.0,0.3
7,Zprime_2000GeV_045,0.7769245206275753,2000.0,0.45
8,Zprime_2000GeV_060,0.7410356797106252,2000.0,0.6
9,Zprime_2000GeV_075,0.7005684765275129,2000.0,0.75
10,Zprime_2500GeV_015,0.8168669741122275,2500.0,0.15
11,Zprime_2500GeV_030,0.7939004584959134,2500.0,0.3
12,Zprime_2500GeV_045,0.7660795207594903,2500.0,0.45
13,Zprime_2500GeV_060,0.7319122609534818,2500.0,0.6
14,Zprime_2500GeV_075,0.6862718591496042,2500.0,0.75
15,Zprime_3000GeV_015,0.8029865510102792,3000.0,0.15
16,Zprime_3000GeV_030,0.7775666091788396,3000.0,0.3
17,Zprime_3000GeV_045,0.7493192694533743,3000.0,0.45
18,Zprime_3000GeV_060,0.7122927422166908,3000.0,0.6
19,Zprime_3000GeV_075,0.6801691699578805,3000.0,0.75
20,Zprime_3500GeV_015,0.7845867821024487,3500.0,0.15
21,Zprime_3500GeV_030,0.7649469601724082,3500.0,0.3
22,Zprime_3500GeV_045,0.7396868973768775,3500.0,0.45
23,Zprime_3500GeV_060,0.707992404995524,3500.0,0.6
24,Zprime_3500GeV_075,0.6721917961279786,3500.0,0.75
25,Zprime_4000GeV_015,0.7763020640865699,4000.0,0.15
26,Zprime_4000GeV_030,0.7608273758885853,4000.0,0.3
27,Zprime_4000GeV_045,0.7300705836053145,4000.0,0.45
28,Zprime_4000GeV_060,0.6931504798703167,4000.0,0.6
29,Zprime_4000GeV_075,0.6570873336113032,4000.0,0.75
