,name,auc,mass,nu
0,Zprime_1500GeV_015,0.8292473493479522,1500.0,0.15
1,Zprime_1500GeV_030,0.8137523208984955,1500.0,0.3
2,Zprime_1500GeV_045,0.7822132143717238,1500.0,0.45
3,Zprime_1500GeV_060,0.765113012346749,1500.0,0.6
4,Zprime_1500GeV_075,0.7152047870477574,1500.0,0.75
5,Zprime_2000GeV_015,0.8521848071095208,2000.0,0.15
6,Zprime_2000GeV_030,0.8367006782989544,2000.0,0.3
7,Zprime_2000GeV_045,0.8057059004846445,2000.0,0.45
8,Zprime_2000GeV_060,0.7747637044158577,2000.0,0.6
9,Zprime_2000GeV_075,0.7361470933638256,2000.0,0.75
10,Zprime_2500GeV_015,0.8438972194481085,2500.0,0.15
11,Zprime_2500GeV_030,0.8246367353311557,2500.0,0.3
12,Zprime_2500GeV_045,0.8002226279076817,2500.0,0.45
13,Zprime_2500GeV_060,0.7672529589504559,2500.0,0.6
14,Zprime_2500GeV_075,0.7210892994138776,2500.0,0.75
15,Zprime_3000GeV_015,0.8344326432198566,3000.0,0.15
16,Zprime_3000GeV_030,0.8130043643850533,3000.0,0.3
17,Zprime_3000GeV_045,0.7899579518737304,3000.0,0.45
18,Zprime_3000GeV_060,0.7533779285675933,3000.0,0.6
19,Zprime_3000GeV_075,0.7179188757228829,3000.0,0.75
20,Zprime_3500GeV_015,0.8233933585183306,3500.0,0.15
21,Zprime_3500GeV_030,0.8077382330348165,3500.0,0.3
22,Zprime_3500GeV_045,0.7775242970463988,3500.0,0.45
23,Zprime_3500GeV_060,0.7498855241519031,3500.0,0.6
24,Zprime_3500GeV_075,0.7094862695803519,3500.0,0.75
25,Zprime_4000GeV_015,0.8188765435871226,4000.0,0.15
26,Zprime_4000GeV_030,0.8074615747083546,4000.0,0.3
27,Zprime_4000GeV_045,0.7761901443413937,4000.0,0.45
28,Zprime_4000GeV_060,0.7410262261612177,4000.0,0.6
29,Zprime_4000GeV_075,0.6946547961712599,4000.0,0.75
