,name,auc,mass,nu
0,Zprime_1500GeV_015,0.8037300646395682,1500.0,0.15
1,Zprime_1500GeV_030,0.779199069421416,1500.0,0.3
2,Zprime_1500GeV_045,0.7444898387690667,1500.0,0.45
3,Zprime_1500GeV_060,0.7206371525273765,1500.0,0.6
4,Zprime_1500GeV_075,0.6629686789713864,1500.0,0.75
5,Zprime_2000GeV_015,0.8327866134555001,2000.0,0.15
6,Zprime_2000GeV_030,0.8126507218889294,2000.0,0.3
7,Zprime_2000GeV_045,0.7796375463570662,2000.0,0.45
8,Zprime_2000GeV_060,0.7406309020200893,2000.0,0.6
9,Zprime_2000GeV_075,0.6967261159212866,2000.0,0.75
10,Zprime_2500GeV_015,0.8339711138996566,2500.0,0.15
11,Zprime_2500GeV_030,0.8107981523248587,2500.0,0.3
12,Zprime_2500GeV_045,0.782926657564224,2500.0,0.45
13,Zprime_2500GeV_060,0.7436010064221512,2500.0,0.6
14,Zprime_2500GeV_075,0.683764070796417,2500.0,0.75
15,Zprime_3000GeV_015,0.8337531283024131,3000.0,0.15
16,Zprime_3000GeV_030,0.8068955232179769,3000.0,0.3
17,Zprime_3000GeV_045,0.7762966479934562,3000.0,0.45
18,Zprime_3000GeV_060,0.732096595408681,3000.0,0.6
19,Zprime_3000GeV_075,0.690221646741067,3000.0,0.75
20,Zprime_3500GeV_015,0.8308645677351204,3500.0,0.15
21,Zprime_3500GeV_030,0.8082739483418979,3500.0,0.3
22,Zprime_3500GeV_045,0.7718101981663538,3500.0,0.45
23,Zprime_3500GeV_060,0.7359553590914567,3500.0,0.6
24,Zprime_3500GeV_075,0.6884232579127184,3500.0,0.75
25,Zprime_4000GeV_015,0.8278055967944766,4000.0,0.15
26,Zprime_4000GeV_030,0.8113506062157771,4000.0,0.3
27,Zprime_4000GeV_045,0.7731930609649325,4000.0,0.45
28,Zprime_4000GeV_060,0.7284095307528675,4000.0,0.6
29,Zprime_4000GeV_075,0.6740811278347387,4000.0,0.75
