,name,auc,mass,nu
0,Zprime_1500GeV_015,0.7912489478202948,1500.0,0.15
1,Zprime_1500GeV_030,0.7822497894415364,1500.0,0.3
2,Zprime_1500GeV_045,0.7447928214518328,1500.0,0.45
3,Zprime_1500GeV_060,0.7219822860835027,1500.0,0.6
4,Zprime_1500GeV_075,0.6590055875493894,1500.0,0.75
5,Zprime_2000GeV_015,0.8290621690238158,2000.0,0.15
6,Zprime_2000GeV_030,0.8059001084454332,2000.0,0.3
7,Zprime_2000GeV_045,0.7739755903650701,2000.0,0.45
8,Zprime_2000GeV_060,0.7342299529465982,2000.0,0.6
9,Zprime_2000GeV_075,0.6934257897033503,2000.0,0.75
10,Zprime_2500GeV_015,0.8233127671086647,2500.0,0.15
11,Zprime_2500GeV_030,0.8005404405181487,2500.0,0.3
12,Zprime_2500GeV_045,0.7715701913335983,2500.0,0.45
13,Zprime_2500GeV_060,0.7343771754583983,2500.0,0.6
14,Zprime_2500GeV_075,0.6790216111034294,2500.0,0.75
15,Zprime_3000GeV_015,0.8158410847357542,3000.0,0.15
16,Zprime_3000GeV_030,0.7895320661786474,3000.0,0.3
17,Zprime_3000GeV_045,0.759072194544733,3000.0,0.45
18,Zprime_3000GeV_060,0.7167629244377043,3000.0,0.6
19,Zprime_3000GeV_075,0.676094934356851,3000.0,0.75
20,Zprime_3500GeV_015,0.8039630366539865,3500.0,0.15
21,Zprime_3500GeV_030,0.7829390642651927,3500.0,0.3
22,Zprime_3500GeV_045,0.7504344400908063,3500.0,0.45
23,Zprime_3500GeV_060,0.7174229440110664,3500.0,0.6
24,Zprime_3500GeV_075,0.6739624938223855,3500.0,0.75
25,Zprime_4000GeV_015,0.7857534926261777,4000.0,0.15
26,Zprime_4000GeV_030,0.7729159800548926,4000.0,0.3
27,Zprime_4000GeV_045,0.7380954724948516,4000.0,0.45
28,Zprime_4000GeV_060,0.699903166954476,4000.0,0.6
29,Zprime_4000GeV_075,0.6555825917199998,4000.0,0.75
