,name,auc,mass,nu
0,Zprime_1500GeV_015,0.8295804033456746,1500.0,0.15
1,Zprime_1500GeV_030,0.8209424168835656,1500.0,0.3
2,Zprime_1500GeV_045,0.7831130476818311,1500.0,0.45
3,Zprime_1500GeV_060,0.7668838865752254,1500.0,0.6
4,Zprime_1500GeV_075,0.7144187544980428,1500.0,0.75
5,Zprime_2000GeV_015,0.853152695089629,2000.0,0.15
6,Zprime_2000GeV_030,0.835358452511777,2000.0,0.3
7,Zprime_2000GeV_045,0.8025165590492473,2000.0,0.45
8,Zprime_2000GeV_060,0.7688938351645049,2000.0,0.6
9,Zprime_2000GeV_075,0.7287133752799135,2000.0,0.75
10,Zprime_2500GeV_015,0.8424403587602503,2500.0,0.15
11,Zprime_2500GeV_030,0.8222066935372224,2500.0,0.3
12,Zprime_2500GeV_045,0.7975176378872184,2500.0,0.45
13,Zprime_2500GeV_060,0.7620226727686878,2500.0,0.6
14,Zprime_2500GeV_075,0.7098251701572238,2500.0,0.75
15,Zprime_3000GeV_015,0.8344201103038428,3000.0,0.15
16,Zprime_3000GeV_030,0.8097493072645803,3000.0,0.3
17,Zprime_3000GeV_045,0.7847179996357545,3000.0,0.45
18,Zprime_3000GeV_060,0.7443545855882323,3000.0,0.6
19,Zprime_3000GeV_075,0.7053700267118186,3000.0,0.75
20,Zprime_3500GeV_015,0.8251522989294818,3500.0,0.15
21,Zprime_3500GeV_030,0.8067286997743097,3500.0,0.3
22,Zprime_3500GeV_045,0.7750025582103041,3500.0,0.45
23,Zprime_3500GeV_060,0.7428165227380739,3500.0,0.6
24,Zprime_3500GeV_075,0.7015299103977308,3500.0,0.75
25,Zprime_4000GeV_015,0.8193195660832552,4000.0,0.15
26,Zprime_4000GeV_030,0.8031825552792463,4000.0,0.3
27,Zprime_4000GeV_045,0.7684305784513878,4000.0,0.45
28,Zprime_4000GeV_060,0.7331514946742167,4000.0,0.6
29,Zprime_4000GeV_075,0.6863105540340224,4000.0,0.75
