,name,auc,mass,nu
0,Zprime_1500GeV_015,0.8335148080571976,1500.0,0.15
1,Zprime_1500GeV_030,0.8307055795615099,1500.0,0.3
2,Zprime_1500GeV_045,0.7951782705520051,1500.0,0.45
3,Zprime_1500GeV_060,0.7722087441172977,1500.0,0.6
4,Zprime_1500GeV_075,0.7121309093364789,1500.0,0.75
5,Zprime_2000GeV_015,0.8603803644588034,2000.0,0.15
6,Zprime_2000GeV_030,0.8409544577138673,2000.0,0.3
7,Zprime_2000GeV_045,0.8103601660953502,2000.0,0.45
8,Zprime_2000GeV_060,0.7776307739606622,2000.0,0.6
9,Zprime_2000GeV_075,0.7396565586342311,2000.0,0.75
10,Zprime_2500GeV_015,0.8489745164984399,2500.0,0.15
11,Zprime_2500GeV_030,0.8290231244025084,2500.0,0.3
12,Zprime_2500GeV_045,0.8055132769524059,2500.0,0.45
13,Zprime_2500GeV_060,0.7742841349703354,2500.0,0.6
14,Zprime_2500GeV_075,0.7253859845599402,2500.0,0.75
15,Zprime_3000GeV_015,0.8413044245794428,3000.0,0.15
16,Zprime_3000GeV_030,0.8175312347520438,3000.0,0.3
17,Zprime_3000GeV_045,0.7921626499014652,3000.0,0.45
18,Zprime_3000GeV_060,0.7560623624633471,3000.0,0.6
19,Zprime_3000GeV_075,0.720476817209549,3000.0,0.75
20,Zprime_3500GeV_015,0.8285656236471,3500.0,0.15
21,Zprime_3500GeV_030,0.8097635462066872,3500.0,0.3
22,Zprime_3500GeV_045,0.7824010958327711,3500.0,0.45
23,Zprime_3500GeV_060,0.7525548282408895,3500.0,0.6
24,Zprime_3500GeV_075,0.7165015900642473,3500.0,0.75
25,Zprime_4000GeV_015,0.8191204526710116,4000.0,0.15
26,Zprime_4000GeV_030,0.8059064841573129,4000.0,0.3
27,Zprime_4000GeV_045,0.7727651774927156,4000.0,0.45
28,Zprime_4000GeV_060,0.7393350996655704,4000.0,0.6
29,Zprime_4000GeV_075,0.6987971038836122,4000.0,0.75
