,name,auc,mass,nu
0,Zprime_1500GeV_015,0.8507613296748776,1500.0,0.15
1,Zprime_1500GeV_030,0.8392261302788883,1500.0,0.3
2,Zprime_1500GeV_045,0.8088889232979407,1500.0,0.45
3,Zprime_1500GeV_060,0.7828938702182461,1500.0,0.6
4,Zprime_1500GeV_075,0.7227806841517922,1500.0,0.75
5,Zprime_2000GeV_015,0.8661238455018637,2000.0,0.15
6,Zprime_2000GeV_030,0.8500383094445662,2000.0,0.3
7,Zprime_2000GeV_045,0.8185808476932565,2000.0,0.45
8,Zprime_2000GeV_060,0.7881390945738256,2000.0,0.6
9,Zprime_2000GeV_075,0.7457079235663061,2000.0,0.75
10,Zprime_2500GeV_015,0.8612968203846365,2500.0,0.15
11,Zprime_2500GeV_030,0.841899510206657,2500.0,0.3
12,Zprime_2500GeV_045,0.8185909328301615,2500.0,0.45
13,Zprime_2500GeV_060,0.7876671934823403,2500.0,0.6
14,Zprime_2500GeV_075,0.7351067771143796,2500.0,0.75
15,Zprime_3000GeV_015,0.8607521378887251,3000.0,0.15
16,Zprime_3000GeV_030,0.8350831957153415,3000.0,0.3
17,Zprime_3000GeV_045,0.8115144081595405,3000.0,0.45
18,Zprime_3000GeV_060,0.7741296627014009,3000.0,0.6
19,Zprime_3000GeV_075,0.7340028083526429,3000.0,0.75
20,Zprime_3500GeV_015,0.8489096003293604,3500.0,0.15
21,Zprime_3500GeV_030,0.8346607712335784,3500.0,0.3
22,Zprime_3500GeV_045,0.8059975682960318,3500.0,0.45
23,Zprime_3500GeV_060,0.774430512721979,3500.0,0.6
24,Zprime_3500GeV_075,0.7329247620275468,3500.0,0.75
25,Zprime_4000GeV_015,0.8450816238110247,4000.0,0.15
26,Zprime_4000GeV_030,0.8340479297387713,4000.0,0.3
27,Zprime_4000GeV_045,0.8023906158305735,4000.0,0.45
28,Zprime_4000GeV_060,0.7692335078280618,4000.0,0.6
29,Zprime_4000GeV_075,0.7210801316965821,4000.0,0.75
