,name,auc,mass,nu
0,Zprime_1500GeV_015,0.8166952308349145,1500.0,0.15
1,Zprime_1500GeV_030,0.8038929274548159,1500.0,0.3
2,Zprime_1500GeV_045,0.7732466730381982,1500.0,0.45
3,Zprime_1500GeV_060,0.7570015718826393,1500.0,0.6
4,Zprime_1500GeV_075,0.7002730986970013,1500.0,0.75
5,Zprime_2000GeV_015,0.8458291073539914,2000.0,0.15
6,Zprime_2000GeV_030,0.8267345308667898,2000.0,0.3
7,Zprime_2000GeV_045,0.7954300199642246,2000.0,0.45
8,Zprime_2000GeV_060,0.7616556463314935,2000.0,0.6
9,Zprime_2000GeV_075,0.7229591387578115,2000.0,0.75
10,Zprime_2500GeV_015,0.8387460871767637,2500.0,0.15
11,Zprime_2500GeV_030,0.818002372118993,2500.0,0.3
12,Zprime_2500GeV_045,0.791865360340574,2500.0,0.45
13,Zprime_2500GeV_060,0.7578722024681485,2500.0,0.6
14,Zprime_2500GeV_075,0.7040562218667731,2500.0,0.75
15,Zprime_3000GeV_015,0.831439453062226,3000.0,0.15
16,Zprime_3000GeV_030,0.806936435517515,3000.0,0.3
17,Zprime_3000GeV_045,0.7798575344917871,3000.0,0.45
18,Zprime_3000GeV_060,0.7415974621057404,3000.0,0.6
19,Zprime_3000GeV_075,0.7034695615789518,3000.0,0.75
20,Zprime_3500GeV_015,0.8219128367729005,3500.0,0.15
21,Zprime_3500GeV_030,0.8022092443659038,3500.0,0.3
22,Zprime_3500GeV_045,0.7711315889444994,3500.0,0.45
23,Zprime_3500GeV_060,0.7404465303389565,3500.0,0.6
24,Zprime_3500GeV_075,0.6988992672812051,3500.0,0.75
25,Zprime_4000GeV_015,0.8120881666224172,4000.0,0.15
26,Zprime_4000GeV_030,0.7961019139180254,4000.0,0.3
27,Zprime_4000GeV_045,0.7651408482426735,4000.0,0.45
28,Zprime_4000GeV_060,0.7266176236142854,4000.0,0.6
29,Zprime_4000GeV_075,0.681022867199592,4000.0,0.75
