,name,auc,mass,nu
0,Zprime_1500GeV_015,0.832731687401964,1500.0,0.15
1,Zprime_1500GeV_030,0.8202392123792525,1500.0,0.3
2,Zprime_1500GeV_045,0.7888482496023833,1500.0,0.45
3,Zprime_1500GeV_060,0.7623136016895529,1500.0,0.6
4,Zprime_1500GeV_075,0.7059637594833882,1500.0,0.75
5,Zprime_2000GeV_015,0.858234989949136,2000.0,0.15
6,Zprime_2000GeV_030,0.8395033444581168,2000.0,0.3
7,Zprime_2000GeV_045,0.8066484062182503,2000.0,0.45
8,Zprime_2000GeV_060,0.7749257661174057,2000.0,0.6
9,Zprime_2000GeV_075,0.7333110118703583,2000.0,0.75
10,Zprime_2500GeV_015,0.858195583254199,2500.0,0.15
11,Zprime_2500GeV_030,0.8354791523484364,2500.0,0.3
12,Zprime_2500GeV_045,0.8101450837746779,2500.0,0.45
13,Zprime_2500GeV_060,0.7715744535749957,2500.0,0.6
14,Zprime_2500GeV_075,0.7196578026315751,2500.0,0.75
15,Zprime_3000GeV_015,0.8615217084039979,3000.0,0.15
16,Zprime_3000GeV_030,0.8310889309345062,3000.0,0.3
17,Zprime_3000GeV_045,0.8054767496900633,3000.0,0.45
18,Zprime_3000GeV_060,0.7635072215700835,3000.0,0.6
19,Zprime_3000GeV_075,0.7210248311065858,3000.0,0.75
20,Zprime_3500GeV_015,0.8545546197195881,3500.0,0.15
21,Zprime_3500GeV_030,0.8348790175503626,3500.0,0.3
22,Zprime_3500GeV_045,0.8006732454424893,3500.0,0.45
23,Zprime_3500GeV_060,0.7651030589720603,3500.0,0.6
24,Zprime_3500GeV_075,0.7142556672898,3500.0,0.75
25,Zprime_4000GeV_015,0.8546626461229699,4000.0,0.15
26,Zprime_4000GeV_030,0.8399898169610283,4000.0,0.3
27,Zprime_4000GeV_045,0.8008617421812477,4000.0,0.45
28,Zprime_4000GeV_060,0.7608077767361787,4000.0,0.6
29,Zprime_4000GeV_075,0.7044204365756692,4000.0,0.75
