,name,auc,mass,nu
0,Zprime_1500GeV_015,0.8550359119093196,1500.0,0.15
1,Zprime_1500GeV_030,0.8380026059581969,1500.0,0.3
2,Zprime_1500GeV_045,0.8100485815545593,1500.0,0.45
3,Zprime_1500GeV_060,0.7862271949278921,1500.0,0.6
4,Zprime_1500GeV_075,0.7455323743275784,1500.0,0.75
5,Zprime_2000GeV_015,0.8688160538201954,2000.0,0.15
6,Zprime_2000GeV_030,0.8541712800904674,2000.0,0.3
7,Zprime_2000GeV_045,0.8266705800273707,2000.0,0.45
8,Zprime_2000GeV_060,0.7944301847813016,2000.0,0.6
9,Zprime_2000GeV_075,0.7576877811205573,2000.0,0.75
10,Zprime_2500GeV_015,0.8699006343139264,2500.0,0.15
11,Zprime_2500GeV_030,0.8522237930277576,2500.0,0.3
12,Zprime_2500GeV_045,0.8277954641297507,2500.0,0.45
13,Zprime_2500GeV_060,0.794836959306269,2500.0,0.6
14,Zprime_2500GeV_075,0.7456008841192924,2500.0,0.75
15,Zprime_3000GeV_015,0.8755692685445559,3000.0,0.15
16,Zprime_3000GeV_030,0.8501411035988001,3000.0,0.3
17,Zprime_3000GeV_045,0.8289860134329416,3000.0,0.45
18,Zprime_3000GeV_060,0.7904684980586442,3000.0,0.6
19,Zprime_3000GeV_075,0.7478007339867361,3000.0,0.75
20,Zprime_3500GeV_015,0.8715148492551711,3500.0,0.15
21,Zprime_3500GeV_030,0.856448253257242,3500.0,0.3
22,Zprime_3500GeV_045,0.8256816807480752,3500.0,0.45
23,Zprime_3500GeV_060,0.7930103484743268,3500.0,0.6
24,Zprime_3500GeV_075,0.7455336491974472,3500.0,0.75
25,Zprime_4000GeV_015,0.8720161932652333,4000.0,0.15
26,Zprime_4000GeV_030,0.8612541268583158,4000.0,0.3
27,Zprime_4000GeV_045,0.8267602310054203,4000.0,0.45
28,Zprime_4000GeV_060,0.7891352015589818,4000.0,0.6
29,Zprime_4000GeV_075,0.7359835630376141,4000.0,0.75
