,name,auc,mass,nu
0,Zprime_1500GeV_015,0.8501631871165558,1500.0,0.15
1,Zprime_1500GeV_030,0.8408079606422113,1500.0,0.3
2,Zprime_1500GeV_045,0.812459814162568,1500.0,0.45
3,Zprime_1500GeV_060,0.7964695485736745,1500.0,0.6
4,Zprime_1500GeV_075,0.7442327381894196,1500.0,0.75
5,Zprime_2000GeV_015,0.8695268454874857,2000.0,0.15
6,Zprime_2000GeV_030,0.8531221288503645,2000.0,0.3
7,Zprime_2000GeV_045,0.824853529450131,2000.0,0.45
8,Zprime_2000GeV_060,0.7949540262193519,2000.0,0.6
9,Zprime_2000GeV_075,0.7611368642043609,2000.0,0.75
10,Zprime_2500GeV_015,0.8647970518347154,2500.0,0.15
11,Zprime_2500GeV_030,0.8451999314737814,2500.0,0.3
12,Zprime_2500GeV_045,0.8207859265286926,2500.0,0.45
13,Zprime_2500GeV_060,0.7910061830529306,2500.0,0.6
14,Zprime_2500GeV_075,0.746952243636146,2500.0,0.75
15,Zprime_3000GeV_015,0.8594962654961055,3000.0,0.15
16,Zprime_3000GeV_030,0.8359987847636269,3000.0,0.3
17,Zprime_3000GeV_045,0.812356445052667,3000.0,0.45
18,Zprime_3000GeV_060,0.7779194281919041,3000.0,0.6
19,Zprime_3000GeV_075,0.7432576264601705,3000.0,0.75
20,Zprime_3500GeV_015,0.8485514074249783,3500.0,0.15
21,Zprime_3500GeV_030,0.8331045119776964,3500.0,0.3
22,Zprime_3500GeV_045,0.8040016899996649,3500.0,0.45
23,Zprime_3500GeV_060,0.7749395205211245,3500.0,0.6
24,Zprime_3500GeV_075,0.7362531640129785,3500.0,0.75
25,Zprime_4000GeV_015,0.8402970337194396,4000.0,0.15
26,Zprime_4000GeV_030,0.8302362129868966,4000.0,0.3
27,Zprime_4000GeV_045,0.7997002627964755,4000.0,0.45
28,Zprime_4000GeV_060,0.7642712771873705,4000.0,0.6
29,Zprime_4000GeV_075,0.722872277407936,4000.0,0.75
