,name,auc,mass,nu
0,Zprime_1500GeV_015,0.8375926175054677,1500.0,0.15
1,Zprime_1500GeV_030,0.8260254751963714,1500.0,0.3
2,Zprime_1500GeV_045,0.7959154661842665,1500.0,0.45
3,Zprime_1500GeV_060,0.7762287299442673,1500.0,0.6
4,Zprime_1500GeV_075,0.7276290127286066,1500.0,0.75
5,Zprime_2000GeV_015,0.8560500016895942,2000.0,0.15
6,Zprime_2000GeV_030,0.8408515522292653,2000.0,0.3
7,Zprime_2000GeV_045,0.8113334862168128,2000.0,0.45
8,Zprime_2000GeV_060,0.7804921113747147,2000.0,0.6
9,Zprime_2000GeV_075,0.7462633535522994,2000.0,0.75
10,Zprime_2500GeV_015,0.8462902382787282,2500.0,0.15
11,Zprime_2500GeV_030,0.8277365231019728,2500.0,0.3
12,Zprime_2500GeV_045,0.8049105014901664,2500.0,0.45
13,Zprime_2500GeV_060,0.773852849604772,2500.0,0.6
14,Zprime_2500GeV_075,0.7276625603058325,2500.0,0.75
15,Zprime_3000GeV_015,0.8364007150556286,3000.0,0.15
16,Zprime_3000GeV_030,0.8135330802796761,3000.0,0.3
17,Zprime_3000GeV_045,0.7904837353481329,3000.0,0.45
18,Zprime_3000GeV_060,0.7557289325581782,3000.0,0.6
19,Zprime_3000GeV_075,0.719407083720246,3000.0,0.75
20,Zprime_3500GeV_015,0.8224586951047586,3500.0,0.15
21,Zprime_3500GeV_030,0.8075461818973294,3500.0,0.3
22,Zprime_3500GeV_045,0.7765591050359304,3500.0,0.45
23,Zprime_3500GeV_060,0.7509869213180473,3500.0,0.6
24,Zprime_3500GeV_075,0.7134047895313608,3500.0,0.75
25,Zprime_4000GeV_015,0.8122553485802856,4000.0,0.15
26,Zprime_4000GeV_030,0.7988462803724515,4000.0,0.3
27,Zprime_4000GeV_045,0.7702806305748082,4000.0,0.45
28,Zprime_4000GeV_060,0.7364783908466531,4000.0,0.6
29,Zprime_4000GeV_075,0.69947723021811,4000.0,0.75
