,name,auc,mass,nu
0,Zprime_1500GeV_015,0.8629768908171453,1500.0,0.15
1,Zprime_1500GeV_030,0.8509495077106138,1500.0,0.3
2,Zprime_1500GeV_045,0.8212629491053883,1500.0,0.45
3,Zprime_1500GeV_060,0.7999357319688934,1500.0,0.6
4,Zprime_1500GeV_075,0.7508661915449771,1500.0,0.75
5,Zprime_2000GeV_015,0.881660456183148,2000.0,0.15
6,Zprime_2000GeV_030,0.8666988857518033,2000.0,0.3
7,Zprime_2000GeV_045,0.8370938390810106,2000.0,0.45
8,Zprime_2000GeV_060,0.8061319880147979,2000.0,0.6
9,Zprime_2000GeV_075,0.7690330817318227,2000.0,0.75
10,Zprime_2500GeV_015,0.876681673639634,2500.0,0.15
11,Zprime_2500GeV_030,0.8588390441937771,2500.0,0.3
12,Zprime_2500GeV_045,0.8349720199442578,2500.0,0.45
13,Zprime_2500GeV_060,0.8024810263872224,2500.0,0.6
14,Zprime_2500GeV_075,0.7502139725954126,2500.0,0.75
15,Zprime_3000GeV_015,0.8746529722131895,3000.0,0.15
16,Zprime_3000GeV_030,0.8519002317097307,3000.0,0.3
17,Zprime_3000GeV_045,0.8277743496281373,3000.0,0.45
18,Zprime_3000GeV_060,0.7879607164107174,3000.0,0.6
19,Zprime_3000GeV_075,0.7473444803051555,3000.0,0.75
20,Zprime_3500GeV_015,0.8648396905392475,3500.0,0.15
21,Zprime_3500GeV_030,0.8513322532318898,3500.0,0.3
22,Zprime_3500GeV_045,0.8190201234346235,3500.0,0.45
23,Zprime_3500GeV_060,0.7845020018232048,3500.0,0.6
24,Zprime_3500GeV_075,0.7391865102387245,3500.0,0.75
25,Zprime_4000GeV_015,0.8610552809955648,4000.0,0.15
26,Zprime_4000GeV_030,0.8480867099500676,4000.0,0.3
27,Zprime_4000GeV_045,0.8149864469383854,4000.0,0.45
28,Zprime_4000GeV_060,0.7761783437468495,4000.0,0.6
29,Zprime_4000GeV_075,0.7278640044976852,4000.0,0.75
