,name,auc,mass,nu
0,Zprime_1500GeV_015,0.8103932466178436,1500.0,0.15
1,Zprime_1500GeV_030,0.7952464247331428,1500.0,0.3
2,Zprime_1500GeV_045,0.7653993227200445,1500.0,0.45
3,Zprime_1500GeV_060,0.7493503668408866,1500.0,0.6
4,Zprime_1500GeV_075,0.6997242642185594,1500.0,0.75
5,Zprime_2000GeV_015,0.8386729751534858,2000.0,0.15
6,Zprime_2000GeV_030,0.8230567798142294,2000.0,0.3
7,Zprime_2000GeV_045,0.7921747047437804,2000.0,0.45
8,Zprime_2000GeV_060,0.7626247948322568,2000.0,0.6
9,Zprime_2000GeV_075,0.7223752402934501,2000.0,0.75
10,Zprime_2500GeV_015,0.8386968912568276,2500.0,0.15
11,Zprime_2500GeV_030,0.8181037231125651,2500.0,0.3
12,Zprime_2500GeV_045,0.7923694831019816,2500.0,0.45
13,Zprime_2500GeV_060,0.7583669905976229,2500.0,0.6
14,Zprime_2500GeV_075,0.7093787723957238,2500.0,0.75
15,Zprime_3000GeV_015,0.832810463375381,3000.0,0.15
16,Zprime_3000GeV_030,0.8099314173821306,3000.0,0.3
17,Zprime_3000GeV_045,0.7838003365142745,3000.0,0.45
18,Zprime_3000GeV_060,0.7449624400554946,3000.0,0.6
19,Zprime_3000GeV_075,0.7058653440588192,3000.0,0.75
20,Zprime_3500GeV_015,0.8256602906674316,3500.0,0.15
21,Zprime_3500GeV_030,0.8078724481956953,3500.0,0.3
22,Zprime_3500GeV_045,0.7742045472425283,3500.0,0.45
23,Zprime_3500GeV_060,0.7430551417669193,3500.0,0.6
24,Zprime_3500GeV_075,0.6994088076666882,3500.0,0.75
25,Zprime_4000GeV_015,0.8165171051620156,4000.0,0.15
26,Zprime_4000GeV_030,0.8034646808416628,4000.0,0.3
27,Zprime_4000GeV_045,0.7700963447305393,4000.0,0.45
28,Zprime_4000GeV_060,0.7300172337459468,4000.0,0.6
29,Zprime_4000GeV_075,0.684076872446687,4000.0,0.75
