,name,auc,mass,nu
0,Zprime_1500GeV_015,0.8492709947804412,1500.0,0.15
1,Zprime_1500GeV_030,0.8365166100774284,1500.0,0.3
2,Zprime_1500GeV_045,0.8062452648660556,1500.0,0.45
3,Zprime_1500GeV_060,0.7865018593748214,1500.0,0.6
4,Zprime_1500GeV_075,0.7403883853313364,1500.0,0.75
5,Zprime_2000GeV_015,0.8674007252882262,2000.0,0.15
6,Zprime_2000GeV_030,0.8513897599459699,2000.0,0.3
7,Zprime_2000GeV_045,0.8220190906589525,2000.0,0.45
8,Zprime_2000GeV_060,0.7899558592459812,2000.0,0.6
9,Zprime_2000GeV_075,0.7584775774013954,2000.0,0.75
10,Zprime_2500GeV_015,0.8626158798807163,2500.0,0.15
11,Zprime_2500GeV_030,0.8421732337508235,2500.0,0.3
12,Zprime_2500GeV_045,0.8177400861206872,2500.0,0.45
13,Zprime_2500GeV_060,0.7839915331586098,2500.0,0.6
14,Zprime_2500GeV_075,0.7353658717998304,2500.0,0.75
15,Zprime_3000GeV_015,0.8552789062761661,3000.0,0.15
16,Zprime_3000GeV_030,0.833873290033408,3000.0,0.3
17,Zprime_3000GeV_045,0.806326771110329,3000.0,0.45
18,Zprime_3000GeV_060,0.7700839466808997,3000.0,0.6
19,Zprime_3000GeV_075,0.7323676393702855,3000.0,0.75
20,Zprime_3500GeV_015,0.8446005620858287,3500.0,0.15
21,Zprime_3500GeV_030,0.8287296921837364,3500.0,0.3
22,Zprime_3500GeV_045,0.798614383655069,3500.0,0.45
23,Zprime_3500GeV_060,0.7674782837243648,3500.0,0.6
24,Zprime_3500GeV_075,0.7249316164936934,3500.0,0.75
25,Zprime_4000GeV_015,0.8429191841323087,4000.0,0.15
26,Zprime_4000GeV_030,0.8293006808011092,4000.0,0.3
27,Zprime_4000GeV_045,0.7950683604009434,4000.0,0.45
28,Zprime_4000GeV_060,0.7582221601666053,4000.0,0.6
29,Zprime_4000GeV_075,0.7148568809797587,4000.0,0.75
