,name,auc,mass,nu
0,Zprime_1500GeV_015,0.845171230861073,1500.0,0.15
1,Zprime_1500GeV_030,0.8392591538772876,1500.0,0.3
2,Zprime_1500GeV_045,0.8002071900788601,1500.0,0.45
3,Zprime_1500GeV_060,0.7835236149980586,1500.0,0.6
4,Zprime_1500GeV_075,0.7247990304459073,1500.0,0.75
5,Zprime_2000GeV_015,0.865108368613724,2000.0,0.15
6,Zprime_2000GeV_030,0.8456128530631367,2000.0,0.3
7,Zprime_2000GeV_045,0.8164928662933191,2000.0,0.45
8,Zprime_2000GeV_060,0.784061178654951,2000.0,0.6
9,Zprime_2000GeV_075,0.7437492650554052,2000.0,0.75
10,Zprime_2500GeV_015,0.8542191398090767,2500.0,0.15
11,Zprime_2500GeV_030,0.8346009085641175,2500.0,0.3
12,Zprime_2500GeV_045,0.8114035230120376,2500.0,0.45
13,Zprime_2500GeV_060,0.7795030694334919,2500.0,0.6
14,Zprime_2500GeV_075,0.7271336679020134,2500.0,0.75
15,Zprime_3000GeV_015,0.844867301732608,3000.0,0.15
16,Zprime_3000GeV_030,0.8221421819099697,3000.0,0.3
17,Zprime_3000GeV_045,0.7970894716629887,3000.0,0.45
18,Zprime_3000GeV_060,0.7622738267964968,3000.0,0.6
19,Zprime_3000GeV_075,0.7246640665096522,3000.0,0.75
20,Zprime_3500GeV_015,0.8318933681584278,3500.0,0.15
21,Zprime_3500GeV_030,0.8156006936157443,3500.0,0.3
22,Zprime_3500GeV_045,0.7881000370145412,3500.0,0.45
23,Zprime_3500GeV_060,0.7580846347757507,3500.0,0.6
24,Zprime_3500GeV_075,0.7232496830615184,3500.0,0.75
25,Zprime_4000GeV_015,0.8298875734374989,4000.0,0.15
26,Zprime_4000GeV_030,0.8135481043613579,4000.0,0.3
27,Zprime_4000GeV_045,0.783138594242968,4000.0,0.45
28,Zprime_4000GeV_060,0.7497547002564369,4000.0,0.6
29,Zprime_4000GeV_075,0.707078974166375,4000.0,0.75
