,name,auc,mass,nu
0,Zprime_1500GeV_015,0.8173860959998954,1500.0,0.15
1,Zprime_1500GeV_030,0.8061385981931601,1500.0,0.3
2,Zprime_1500GeV_045,0.7641244673506233,1500.0,0.45
3,Zprime_1500GeV_060,0.7450896723365256,1500.0,0.6
4,Zprime_1500GeV_075,0.6900958363924908,1500.0,0.75
5,Zprime_2000GeV_015,0.8473068130158318,2000.0,0.15
6,Zprime_2000GeV_030,0.8270357207730034,2000.0,0.3
7,Zprime_2000GeV_045,0.7951875266096169,2000.0,0.45
8,Zprime_2000GeV_060,0.7571938031733578,2000.0,0.6
9,Zprime_2000GeV_075,0.7164005317258979,2000.0,0.75
10,Zprime_2500GeV_015,0.8385673131874951,2500.0,0.15
11,Zprime_2500GeV_030,0.8182483151737538,2500.0,0.3
12,Zprime_2500GeV_045,0.791244958943129,2500.0,0.45
13,Zprime_2500GeV_060,0.7551391126953129,2500.0,0.6
14,Zprime_2500GeV_075,0.7004469965894176,2500.0,0.75
15,Zprime_3000GeV_015,0.8298558284251714,3000.0,0.15
16,Zprime_3000GeV_030,0.8079422734708901,3000.0,0.3
17,Zprime_3000GeV_045,0.7801663278108942,3000.0,0.45
18,Zprime_3000GeV_060,0.739223921857427,3000.0,0.6
19,Zprime_3000GeV_075,0.6950977075208922,3000.0,0.75
20,Zprime_3500GeV_015,0.8199499450124961,3500.0,0.15
21,Zprime_3500GeV_030,0.8014625623036671,3500.0,0.3
22,Zprime_3500GeV_045,0.7686441734607562,3500.0,0.45
23,Zprime_3500GeV_060,0.7369112454380503,3500.0,0.6
24,Zprime_3500GeV_075,0.6933544446593181,3500.0,0.75
25,Zprime_4000GeV_015,0.8113120137656288,4000.0,0.15
26,Zprime_4000GeV_030,0.7959908833088347,4000.0,0.3
27,Zprime_4000GeV_045,0.7652775737542562,4000.0,0.45
28,Zprime_4000GeV_060,0.727451500232939,4000.0,0.6
29,Zprime_4000GeV_075,0.6780959188267379,4000.0,0.75
