,name,auc,mass,nu
0,Zprime_1500GeV_015,0.8077045245829351,1500.0,0.15
1,Zprime_1500GeV_030,0.7987699766351437,1500.0,0.3
2,Zprime_1500GeV_045,0.7601988704093978,1500.0,0.45
3,Zprime_1500GeV_060,0.7423617843875467,1500.0,0.6
4,Zprime_1500GeV_075,0.6863172013529778,1500.0,0.75
5,Zprime_2000GeV_015,0.8368933869692341,2000.0,0.15
6,Zprime_2000GeV_030,0.8153564474804591,2000.0,0.3
7,Zprime_2000GeV_045,0.7844863295738069,2000.0,0.45
8,Zprime_2000GeV_060,0.7480691157174384,2000.0,0.6
9,Zprime_2000GeV_075,0.710125408180408,2000.0,0.75
10,Zprime_2500GeV_015,0.8225392749557183,2500.0,0.15
11,Zprime_2500GeV_030,0.802180455363136,2500.0,0.3
12,Zprime_2500GeV_045,0.77614607324372,2500.0,0.45
13,Zprime_2500GeV_060,0.743111123804881,2500.0,0.6
14,Zprime_2500GeV_075,0.693593952997753,2500.0,0.75
15,Zprime_3000GeV_015,0.8104640267629208,3000.0,0.15
16,Zprime_3000GeV_030,0.7867934915706203,3000.0,0.3
17,Zprime_3000GeV_045,0.7602951548018388,3000.0,0.45
18,Zprime_3000GeV_060,0.723653889984841,3000.0,0.6
19,Zprime_3000GeV_075,0.6871652576330229,3000.0,0.75
20,Zprime_3500GeV_015,0.7950216882711956,3500.0,0.15
21,Zprime_3500GeV_030,0.7760805437680761,3500.0,0.3
22,Zprime_3500GeV_045,0.745982345131379,3500.0,0.45
23,Zprime_3500GeV_060,0.7204228880103896,3500.0,0.6
24,Zprime_3500GeV_075,0.6837740819527709,3500.0,0.75
25,Zprime_4000GeV_015,0.7803955989997207,4000.0,0.15
26,Zprime_4000GeV_030,0.765102744737187,4000.0,0.3
27,Zprime_4000GeV_045,0.7359321116473228,4000.0,0.45
28,Zprime_4000GeV_060,0.7030792164355358,4000.0,0.6
29,Zprime_4000GeV_075,0.6635379433937239,4000.0,0.75
