,name,auc,mass,nu
0,Zprime_1500GeV_015,0.8189490674955179,1500.0,0.15
1,Zprime_1500GeV_030,0.812517040176774,1500.0,0.3
2,Zprime_1500GeV_045,0.7757486686716893,1500.0,0.45
3,Zprime_1500GeV_060,0.7551559410631326,1500.0,0.6
4,Zprime_1500GeV_075,0.6941683179838276,1500.0,0.75
5,Zprime_2000GeV_015,0.8457884340473902,2000.0,0.15
6,Zprime_2000GeV_030,0.8260146276831095,2000.0,0.3
7,Zprime_2000GeV_045,0.7956183385635076,2000.0,0.45
8,Zprime_2000GeV_060,0.7605777686547175,2000.0,0.6
9,Zprime_2000GeV_075,0.7221488524256638,2000.0,0.75
10,Zprime_2500GeV_015,0.833282912213252,2500.0,0.15
11,Zprime_2500GeV_030,0.8142823304283326,2500.0,0.3
12,Zprime_2500GeV_045,0.7892251791238949,2500.0,0.45
13,Zprime_2500GeV_060,0.7574542818980569,2500.0,0.6
14,Zprime_2500GeV_075,0.7071212453387953,2500.0,0.75
15,Zprime_3000GeV_015,0.822337117729777,3000.0,0.15
16,Zprime_3000GeV_030,0.7992248298237281,3000.0,0.3
17,Zprime_3000GeV_045,0.7737770241518056,3000.0,0.45
18,Zprime_3000GeV_060,0.7375423787141898,3000.0,0.6
19,Zprime_3000GeV_075,0.7008087420057649,3000.0,0.75
20,Zprime_3500GeV_015,0.8064125342296482,3500.0,0.15
21,Zprime_3500GeV_030,0.7876687135023264,3500.0,0.3
22,Zprime_3500GeV_045,0.7605533474911814,3500.0,0.45
23,Zprime_3500GeV_060,0.7340640479305693,3500.0,0.6
24,Zprime_3500GeV_075,0.6983141343819163,3500.0,0.75
25,Zprime_4000GeV_015,0.7916264836099123,4000.0,0.15
26,Zprime_4000GeV_030,0.7789267176038027,4000.0,0.3
27,Zprime_4000GeV_045,0.7487757107428727,4000.0,0.45
28,Zprime_4000GeV_060,0.719360051962875,4000.0,0.6
29,Zprime_4000GeV_075,0.6808635653585828,4000.0,0.75
