,name,auc,mass,nu
0,Zprime_1500GeV_015,0.839656221009588,1500.0,0.15
1,Zprime_1500GeV_030,0.8245707856868856,1500.0,0.3
2,Zprime_1500GeV_045,0.7861668144242598,1500.0,0.45
3,Zprime_1500GeV_060,0.7675624629855164,1500.0,0.6
4,Zprime_1500GeV_075,0.6994267899315278,1500.0,0.75
5,Zprime_2000GeV_015,0.8585403359688041,2000.0,0.15
6,Zprime_2000GeV_030,0.8369217642343613,2000.0,0.3
7,Zprime_2000GeV_045,0.8077008302295516,2000.0,0.45
8,Zprime_2000GeV_060,0.7681747526111389,2000.0,0.6
9,Zprime_2000GeV_075,0.722304159761474,2000.0,0.75
10,Zprime_2500GeV_015,0.868398373571612,2500.0,0.15
11,Zprime_2500GeV_030,0.8453365327879718,2500.0,0.3
12,Zprime_2500GeV_045,0.8151994664831678,2500.0,0.45
13,Zprime_2500GeV_060,0.7733793986365293,2500.0,0.6
14,Zprime_2500GeV_075,0.7138821615585155,2500.0,0.75
15,Zprime_3000GeV_015,0.8796240461605767,3000.0,0.15
16,Zprime_3000GeV_030,0.8476698243605757,3000.0,0.3
17,Zprime_3000GeV_045,0.8166417360437034,3000.0,0.45
18,Zprime_3000GeV_060,0.7696381265122089,3000.0,0.6
19,Zprime_3000GeV_075,0.7235996760748897,3000.0,0.75
20,Zprime_3500GeV_015,0.8781451425692475,3500.0,0.15
21,Zprime_3500GeV_030,0.8560780144717405,3500.0,0.3
22,Zprime_3500GeV_045,0.8191370422937723,3500.0,0.45
23,Zprime_3500GeV_060,0.7762877081493031,3500.0,0.6
24,Zprime_3500GeV_075,0.7224123208491802,3500.0,0.75
25,Zprime_4000GeV_015,0.8850995075401407,4000.0,0.15
26,Zprime_4000GeV_030,0.8666285757908936,4000.0,0.3
27,Zprime_4000GeV_045,0.822054302824546,4000.0,0.45
28,Zprime_4000GeV_060,0.7774730806027881,4000.0,0.6
29,Zprime_4000GeV_075,0.7124920875115579,4000.0,0.75
