,name,auc,mass,nu
0,Zprime_1500GeV_015,0.8337765100238509,1500.0,0.15
1,Zprime_1500GeV_030,0.8189043324847591,1500.0,0.3
2,Zprime_1500GeV_045,0.784216864440013,1500.0,0.45
3,Zprime_1500GeV_060,0.764333646588782,1500.0,0.6
4,Zprime_1500GeV_075,0.7102445567926132,1500.0,0.75
5,Zprime_2000GeV_015,0.8548543887648525,2000.0,0.15
6,Zprime_2000GeV_030,0.8385820506585805,2000.0,0.3
7,Zprime_2000GeV_045,0.8087253682181488,2000.0,0.45
8,Zprime_2000GeV_060,0.7750466708412198,2000.0,0.6
9,Zprime_2000GeV_075,0.740069306238595,2000.0,0.75
10,Zprime_2500GeV_015,0.8534853050546917,2500.0,0.15
11,Zprime_2500GeV_030,0.8317858139135675,2500.0,0.3
12,Zprime_2500GeV_045,0.8057200966815381,2500.0,0.45
13,Zprime_2500GeV_060,0.7738471592106151,2500.0,0.6
14,Zprime_2500GeV_075,0.7233060194642918,2500.0,0.75
15,Zprime_3000GeV_015,0.8520267794774226,3000.0,0.15
16,Zprime_3000GeV_030,0.8271331851844552,3000.0,0.3
17,Zprime_3000GeV_045,0.8006536228407595,3000.0,0.45
18,Zprime_3000GeV_060,0.7659287142699365,3000.0,0.6
19,Zprime_3000GeV_075,0.7311474476239254,3000.0,0.75
20,Zprime_3500GeV_015,0.8481038123565792,3500.0,0.15
21,Zprime_3500GeV_030,0.8303354749438262,3500.0,0.3
22,Zprime_3500GeV_045,0.7963461317498207,3500.0,0.45
23,Zprime_3500GeV_060,0.7682492057268092,3500.0,0.6
24,Zprime_3500GeV_075,0.7271596403016825,3500.0,0.75
25,Zprime_4000GeV_015,0.8501906036444081,4000.0,0.15
26,Zprime_4000GeV_030,0.8352183190896383,4000.0,0.3
27,Zprime_4000GeV_045,0.7985675809234769,4000.0,0.45
28,Zprime_4000GeV_060,0.7621247177608654,4000.0,0.6
29,Zprime_4000GeV_075,0.7132551672977289,4000.0,0.75
