,name,auc,mass,nu
0,Zprime_1500GeV_015,0.8396990789398701,1500.0,0.15
1,Zprime_1500GeV_030,0.8255548889191826,1500.0,0.3
2,Zprime_1500GeV_045,0.794537987648102,1500.0,0.45
3,Zprime_1500GeV_060,0.7709284499115749,1500.0,0.6
4,Zprime_1500GeV_075,0.716480494086373,1500.0,0.75
5,Zprime_2000GeV_015,0.8692754229300426,2000.0,0.15
6,Zprime_2000GeV_030,0.8504583710151389,2000.0,0.3
7,Zprime_2000GeV_045,0.8211258442105935,2000.0,0.45
8,Zprime_2000GeV_060,0.7854332778167404,2000.0,0.6
9,Zprime_2000GeV_075,0.7426288400373426,2000.0,0.75
10,Zprime_2500GeV_015,0.8774464089939973,2500.0,0.15
11,Zprime_2500GeV_030,0.8546103863992469,2500.0,0.3
12,Zprime_2500GeV_045,0.8282041704276104,2500.0,0.45
13,Zprime_2500GeV_060,0.790108219959679,2500.0,0.6
14,Zprime_2500GeV_075,0.7369399492383599,2500.0,0.75
15,Zprime_3000GeV_015,0.8854264399706221,3000.0,0.15
16,Zprime_3000GeV_030,0.8554726816130986,3000.0,0.3
17,Zprime_3000GeV_045,0.8297643394689841,3000.0,0.45
18,Zprime_3000GeV_060,0.7897833036657476,3000.0,0.6
19,Zprime_3000GeV_075,0.7456222789010569,3000.0,0.75
20,Zprime_3500GeV_015,0.883139333680377,3500.0,0.15
21,Zprime_3500GeV_030,0.8645424442078167,3500.0,0.3
22,Zprime_3500GeV_045,0.8292809459474992,3500.0,0.45
23,Zprime_3500GeV_060,0.7924260382824002,3500.0,0.6
24,Zprime_3500GeV_075,0.7412843421646361,3500.0,0.75
25,Zprime_4000GeV_015,0.8868888144291546,4000.0,0.15
26,Zprime_4000GeV_030,0.8713316867512906,4000.0,0.3
27,Zprime_4000GeV_045,0.8320025023981847,4000.0,0.45
28,Zprime_4000GeV_060,0.7916137482956253,4000.0,0.6
29,Zprime_4000GeV_075,0.731219459773345,4000.0,0.75
