,name,auc,mass,nu
0,Zprime_1500GeV_015,0.8234561569212171,1500.0,0.15
1,Zprime_1500GeV_030,0.8150137563101492,1500.0,0.3
2,Zprime_1500GeV_045,0.7816922466852277,1500.0,0.45
3,Zprime_1500GeV_060,0.7658336292336108,1500.0,0.6
4,Zprime_1500GeV_075,0.7061410301595952,1500.0,0.75
5,Zprime_2000GeV_015,0.8495425004950865,2000.0,0.15
6,Zprime_2000GeV_030,0.8319745696218538,2000.0,0.3
7,Zprime_2000GeV_045,0.8002120592739137,2000.0,0.45
8,Zprime_2000GeV_060,0.7690227313990754,2000.0,0.6
9,Zprime_2000GeV_075,0.7336410286259617,2000.0,0.75
10,Zprime_2500GeV_015,0.8418031644860209,2500.0,0.15
11,Zprime_2500GeV_030,0.8204363435397728,2500.0,0.3
12,Zprime_2500GeV_045,0.7959485408851561,2500.0,0.45
13,Zprime_2500GeV_060,0.7626090595290084,2500.0,0.6
14,Zprime_2500GeV_075,0.7124652696742948,2500.0,0.75
15,Zprime_3000GeV_015,0.8355073655040424,3000.0,0.15
16,Zprime_3000GeV_030,0.8105347881464895,3000.0,0.3
17,Zprime_3000GeV_045,0.7847232297372592,3000.0,0.45
18,Zprime_3000GeV_060,0.7480658531156446,3000.0,0.6
19,Zprime_3000GeV_075,0.7118733660237601,3000.0,0.75
20,Zprime_3500GeV_015,0.8261830711908518,3500.0,0.15
21,Zprime_3500GeV_030,0.8065667506078821,3500.0,0.3
22,Zprime_3500GeV_045,0.7770239628145021,3500.0,0.45
23,Zprime_3500GeV_060,0.7470597305274846,3500.0,0.6
24,Zprime_3500GeV_075,0.7050596811276564,3500.0,0.75
25,Zprime_4000GeV_015,0.8223831882372982,4000.0,0.15
26,Zprime_4000GeV_030,0.8058019224524395,4000.0,0.3
27,Zprime_4000GeV_045,0.7708787087849001,4000.0,0.45
28,Zprime_4000GeV_060,0.7361358219956817,4000.0,0.6
29,Zprime_4000GeV_075,0.6928764597779992,4000.0,0.75
