,name,auc,mass,nu
0,Zprime_1500GeV_015,0.8061821922146643,1500.0,0.15
1,Zprime_1500GeV_030,0.7993694209932865,1500.0,0.3
2,Zprime_1500GeV_045,0.7600639063944938,1500.0,0.45
3,Zprime_1500GeV_060,0.7403545672234766,1500.0,0.6
4,Zprime_1500GeV_075,0.6842466714831829,1500.0,0.75
5,Zprime_2000GeV_015,0.8402739539742685,2000.0,0.15
6,Zprime_2000GeV_030,0.8194181036612455,2000.0,0.3
7,Zprime_2000GeV_045,0.7881117692326561,2000.0,0.45
8,Zprime_2000GeV_060,0.7515806385415139,2000.0,0.6
9,Zprime_2000GeV_075,0.7107194156745085,2000.0,0.75
10,Zprime_2500GeV_015,0.8327348493704365,2500.0,0.15
11,Zprime_2500GeV_030,0.8118184291083532,2500.0,0.3
12,Zprime_2500GeV_045,0.783545356784916,2500.0,0.45
13,Zprime_2500GeV_060,0.7492137844747588,2500.0,0.6
14,Zprime_2500GeV_075,0.6952149341071165,2500.0,0.75
15,Zprime_3000GeV_015,0.8226344694075396,3000.0,0.15
16,Zprime_3000GeV_030,0.7990799690449077,3000.0,0.3
17,Zprime_3000GeV_045,0.7709512669252369,3000.0,0.45
18,Zprime_3000GeV_060,0.7301887862976837,3000.0,0.6
19,Zprime_3000GeV_075,0.6908664616747123,3000.0,0.75
20,Zprime_3500GeV_015,0.8115145069830334,3500.0,0.15
21,Zprime_3500GeV_030,0.7913123378690202,3500.0,0.3
22,Zprime_3500GeV_045,0.7598142562634491,3500.0,0.45
23,Zprime_3500GeV_060,0.7281772617930684,3500.0,0.6
24,Zprime_3500GeV_075,0.6880682653258556,3500.0,0.75
25,Zprime_4000GeV_015,0.7938624607936545,4000.0,0.15
26,Zprime_4000GeV_030,0.7808187869994846,4000.0,0.3
27,Zprime_4000GeV_045,0.7480847527711205,4000.0,0.45
28,Zprime_4000GeV_060,0.7119636317220326,4000.0,0.6
29,Zprime_4000GeV_075,0.6680722908187209,4000.0,0.75
