,name,auc,mass,nu
0,Zprime_1500GeV_015,0.8546594160858074,1500.0,0.15
1,Zprime_1500GeV_030,0.8456755069518637,1500.0,0.3
2,Zprime_1500GeV_045,0.811074264141379,1500.0,0.45
3,Zprime_1500GeV_060,0.7985775550854208,1500.0,0.6
4,Zprime_1500GeV_075,0.7470487676443972,1500.0,0.75
5,Zprime_2000GeV_015,0.8703854851939252,2000.0,0.15
6,Zprime_2000GeV_030,0.8555631367175524,2000.0,0.3
7,Zprime_2000GeV_045,0.8270352945963868,2000.0,0.45
8,Zprime_2000GeV_060,0.798137687900571,2000.0,0.6
9,Zprime_2000GeV_075,0.7646457628251175,2000.0,0.75
10,Zprime_2500GeV_015,0.8648658584735384,2500.0,0.15
11,Zprime_2500GeV_030,0.8467555680764156,2500.0,0.3
12,Zprime_2500GeV_045,0.8242662055238683,2500.0,0.45
13,Zprime_2500GeV_060,0.7951583611984595,2500.0,0.6
14,Zprime_2500GeV_075,0.7483472146251011,2500.0,0.75
15,Zprime_3000GeV_015,0.8623266349349724,3000.0,0.15
16,Zprime_3000GeV_030,0.8406276335718309,3000.0,0.3
17,Zprime_3000GeV_045,0.817129359147867,3000.0,0.45
18,Zprime_3000GeV_060,0.7834027779899836,3000.0,0.6
19,Zprime_3000GeV_075,0.7499087578989236,3000.0,0.75
20,Zprime_3500GeV_015,0.8549117049865399,3500.0,0.15
21,Zprime_3500GeV_030,0.8421977454691719,3500.0,0.3
22,Zprime_3500GeV_045,0.8104823499483653,3500.0,0.45
23,Zprime_3500GeV_060,0.7812303642602179,3500.0,0.6
24,Zprime_3500GeV_075,0.7413319688863105,3500.0,0.75
25,Zprime_4000GeV_015,0.8507126970212148,4000.0,0.15
26,Zprime_4000GeV_030,0.8399124265457807,4000.0,0.3
27,Zprime_4000GeV_045,0.808533107620396,4000.0,0.45
28,Zprime_4000GeV_060,0.7743975472261421,4000.0,0.6
29,Zprime_4000GeV_075,0.731531096090029,4000.0,0.75
