,name,auc,mass,nu
0,Zprime_1500GeV_015,0.8208389036964789,1500.0,0.15
1,Zprime_1500GeV_030,0.8128756764553895,1500.0,0.3
2,Zprime_1500GeV_045,0.774223048185887,1500.0,0.45
3,Zprime_1500GeV_060,0.7514821962893566,1500.0,0.6
4,Zprime_1500GeV_075,0.7028773242271599,1500.0,0.75
5,Zprime_2000GeV_015,0.843066922719373,2000.0,0.15
6,Zprime_2000GeV_030,0.8257823201943194,2000.0,0.3
7,Zprime_2000GeV_045,0.7948153865432495,2000.0,0.45
8,Zprime_2000GeV_060,0.7603522630047752,2000.0,0.6
9,Zprime_2000GeV_075,0.7209375368038947,2000.0,0.75
10,Zprime_2500GeV_015,0.8373560562710525,2500.0,0.15
11,Zprime_2500GeV_030,0.8169187307347768,2500.0,0.3
12,Zprime_2500GeV_045,0.7904334566833581,2500.0,0.45
13,Zprime_2500GeV_060,0.757398337256653,2500.0,0.6
14,Zprime_2500GeV_075,0.7045953024740779,2500.0,0.75
15,Zprime_3000GeV_015,0.8333745023133702,3000.0,0.15
16,Zprime_3000GeV_030,0.8101666429506329,3000.0,0.3
17,Zprime_3000GeV_045,0.7825971155201198,3000.0,0.45
18,Zprime_3000GeV_060,0.7449361568493464,3000.0,0.6
19,Zprime_3000GeV_075,0.7054092306998831,3000.0,0.75
20,Zprime_3500GeV_015,0.8260121298713894,3500.0,0.15
21,Zprime_3500GeV_030,0.8083217222217374,3500.0,0.3
22,Zprime_3500GeV_045,0.779673295992948,3500.0,0.45
23,Zprime_3500GeV_060,0.7469235839067736,3500.0,0.6
24,Zprime_3500GeV_075,0.7033071402479641,3500.0,0.75
25,Zprime_4000GeV_015,0.8262137996961013,4000.0,0.15
26,Zprime_4000GeV_030,0.811975990377902,4000.0,0.3
27,Zprime_4000GeV_045,0.7751399733027087,4000.0,0.45
28,Zprime_4000GeV_060,0.7384586835460675,4000.0,0.6
29,Zprime_4000GeV_075,0.6904728023459621,4000.0,0.75
