,name,auc,mass,nu
0,Zprime_1500GeV_015,0.8210042629043243,1500.0,0.15
1,Zprime_1500GeV_030,0.8021897683909739,1500.0,0.3
2,Zprime_1500GeV_045,0.7646114469471172,1500.0,0.45
3,Zprime_1500GeV_060,0.7461097467718842,1500.0,0.6
4,Zprime_1500GeV_075,0.6884912612044695,1500.0,0.75
5,Zprime_2000GeV_015,0.8440090851178832,2000.0,0.15
6,Zprime_2000GeV_030,0.8249823215733331,2000.0,0.3
7,Zprime_2000GeV_045,0.7949125550233157,2000.0,0.45
8,Zprime_2000GeV_060,0.7579716714472079,2000.0,0.6
9,Zprime_2000GeV_075,0.7169737318448852,2000.0,0.75
10,Zprime_2500GeV_015,0.838690103798355,2500.0,0.15
11,Zprime_2500GeV_030,0.8182758427914192,2500.0,0.3
12,Zprime_2500GeV_045,0.791859544570001,2500.0,0.45
13,Zprime_2500GeV_060,0.7562541537878802,2500.0,0.6
14,Zprime_2500GeV_075,0.7010897204901598,2500.0,0.75
15,Zprime_3000GeV_015,0.8339764615676398,3000.0,0.15
16,Zprime_3000GeV_030,0.8097724438753536,3000.0,0.3
17,Zprime_3000GeV_045,0.7828201247804893,3000.0,0.45
18,Zprime_3000GeV_060,0.7414860055478119,3000.0,0.6
19,Zprime_3000GeV_075,0.7007124698775856,3000.0,0.75
20,Zprime_3500GeV_015,0.827085211448229,3500.0,0.15
21,Zprime_3500GeV_030,0.8085917967688049,3500.0,0.3
22,Zprime_3500GeV_045,0.7751136836669832,3500.0,0.45
23,Zprime_3500GeV_060,0.7423503227050534,3500.0,0.6
24,Zprime_3500GeV_075,0.6991583940351104,3500.0,0.75
25,Zprime_4000GeV_015,0.8211158689917982,4000.0,0.15
26,Zprime_4000GeV_030,0.805382937950875,4000.0,0.3
27,Zprime_4000GeV_045,0.7721955017876411,4000.0,0.45
28,Zprime_4000GeV_060,0.7324249268265117,4000.0,0.6
29,Zprime_4000GeV_075,0.6826175577773647,4000.0,0.75
