,name,auc,mass,nu
0,Zprime_1500GeV_015,0.8173804906030192,1500.0,0.15
1,Zprime_1500GeV_030,0.8080896984337832,1500.0,0.3
2,Zprime_1500GeV_045,0.769763031083124,1500.0,0.45
3,Zprime_1500GeV_060,0.7513554819811283,1500.0,0.6
4,Zprime_1500GeV_075,0.6892722009720657,1500.0,0.75
5,Zprime_2000GeV_015,0.8454863692356497,2000.0,0.15
6,Zprime_2000GeV_030,0.8244893924405233,2000.0,0.3
7,Zprime_2000GeV_045,0.7924407866501538,2000.0,0.45
8,Zprime_2000GeV_060,0.757323619896078,2000.0,0.6
9,Zprime_2000GeV_075,0.7153284305899058,2000.0,0.75
10,Zprime_2500GeV_015,0.8345649075258016,2500.0,0.15
11,Zprime_2500GeV_030,0.8137675341391263,2500.0,0.3
12,Zprime_2500GeV_045,0.7866309934549728,2500.0,0.45
13,Zprime_2500GeV_060,0.7528770175009053,2500.0,0.6
14,Zprime_2500GeV_075,0.7010739775480717,2500.0,0.75
15,Zprime_3000GeV_015,0.8233688653045795,3000.0,0.15
16,Zprime_3000GeV_030,0.7997888552497752,3000.0,0.3
17,Zprime_3000GeV_045,0.7730995582846196,3000.0,0.45
18,Zprime_3000GeV_060,0.7347284568291155,3000.0,0.6
19,Zprime_3000GeV_075,0.6983776090135323,3000.0,0.75
20,Zprime_3500GeV_015,0.8102729914857493,3500.0,0.15
21,Zprime_3500GeV_030,0.7920424441726834,3500.0,0.3
22,Zprime_3500GeV_045,0.7619347624569219,3500.0,0.45
23,Zprime_3500GeV_060,0.7316213429558021,3500.0,0.6
24,Zprime_3500GeV_075,0.6938649519757623,3500.0,0.75
25,Zprime_4000GeV_015,0.7998772753672408,4000.0,0.15
26,Zprime_4000GeV_030,0.7855005808395139,4000.0,0.3
27,Zprime_4000GeV_045,0.7529235171662871,4000.0,0.45
28,Zprime_4000GeV_060,0.7191132545899439,4000.0,0.6
29,Zprime_4000GeV_075,0.6777168802178076,4000.0,0.75
