,name,auc,mass,nu
0,Zprime_1500GeV_015,0.8151954368332497,1500.0,0.15
1,Zprime_1500GeV_030,0.802255947682166,1500.0,0.3
2,Zprime_1500GeV_045,0.7646533967060215,1500.0,0.45
3,Zprime_1500GeV_060,0.7488535346446944,1500.0,0.6
4,Zprime_1500GeV_075,0.690688761806534,1500.0,0.75
5,Zprime_2000GeV_015,0.842370155937356,2000.0,0.15
6,Zprime_2000GeV_030,0.8230682488391324,2000.0,0.3
7,Zprime_2000GeV_045,0.7897202403465208,2000.0,0.45
8,Zprime_2000GeV_060,0.7566311757118993,2000.0,0.6
9,Zprime_2000GeV_075,0.717602984947156,2000.0,0.75
10,Zprime_2500GeV_015,0.833467909918595,2500.0,0.15
11,Zprime_2500GeV_030,0.8134659542440319,2500.0,0.3
12,Zprime_2500GeV_045,0.7872911700999414,2500.0,0.45
13,Zprime_2500GeV_060,0.7524285374066381,2500.0,0.6
14,Zprime_2500GeV_075,0.700997864081074,2500.0,0.75
15,Zprime_3000GeV_015,0.8240841237686802,3000.0,0.15
16,Zprime_3000GeV_030,0.7998418245853718,3000.0,0.3
17,Zprime_3000GeV_045,0.7737424780793547,3000.0,0.45
18,Zprime_3000GeV_060,0.735784781006265,3000.0,0.6
19,Zprime_3000GeV_075,0.6979540505081213,3000.0,0.75
20,Zprime_3500GeV_015,0.8126465002649566,3500.0,0.15
21,Zprime_3500GeV_030,0.7962059880409169,3500.0,0.3
22,Zprime_3500GeV_045,0.7645516786193023,3500.0,0.45
23,Zprime_3500GeV_060,0.7350552361865119,3500.0,0.6
24,Zprime_3500GeV_075,0.6932170437697415,3500.0,0.75
25,Zprime_4000GeV_015,0.8039498750884503,4000.0,0.15
26,Zprime_4000GeV_030,0.7900249646744862,4000.0,0.3
27,Zprime_4000GeV_045,0.7597669712335873,4000.0,0.45
28,Zprime_4000GeV_060,0.7232258216357386,4000.0,0.6
29,Zprime_4000GeV_075,0.6804211794640308,4000.0,0.75
