,name,auc,mass,nu
0,Zprime_1500GeV_015,0.8438588673174532,1500.0,0.15
1,Zprime_1500GeV_030,0.8332795709151395,1500.0,0.3
2,Zprime_1500GeV_045,0.7994043793132342,1500.0,0.45
3,Zprime_1500GeV_060,0.7811239661546137,1500.0,0.6
4,Zprime_1500GeV_075,0.729995761130938,1500.0,0.75
5,Zprime_2000GeV_015,0.8625767571945098,2000.0,0.15
6,Zprime_2000GeV_030,0.846702666433941,2000.0,0.3
7,Zprime_2000GeV_045,0.816739333857777,2000.0,0.45
8,Zprime_2000GeV_060,0.7842551506123631,2000.0,0.6
9,Zprime_2000GeV_075,0.7457596926782428,2000.0,0.75
10,Zprime_2500GeV_015,0.8516552017999348,2500.0,0.15
11,Zprime_2500GeV_030,0.8322337357422946,2500.0,0.3
12,Zprime_2500GeV_045,0.8099423881466294,2500.0,0.45
13,Zprime_2500GeV_060,0.7772045135654128,2500.0,0.6
14,Zprime_2500GeV_075,0.728240320861211,2500.0,0.75
15,Zprime_3000GeV_015,0.8425705047023418,3000.0,0.15
16,Zprime_3000GeV_030,0.8209819000258383,3000.0,0.3
17,Zprime_3000GeV_045,0.7959604878729395,3000.0,0.45
18,Zprime_3000GeV_060,0.7597309220544026,3000.0,0.6
19,Zprime_3000GeV_075,0.7221461169766696,3000.0,0.75
20,Zprime_3500GeV_015,0.8303202673987689,3500.0,0.15
21,Zprime_3500GeV_030,0.8158009588531774,3500.0,0.3
22,Zprime_3500GeV_045,0.7864668833678166,3500.0,0.45
23,Zprime_3500GeV_060,0.7556309379053714,3500.0,0.6
24,Zprime_3500GeV_075,0.7151613485463806,3500.0,0.75
25,Zprime_4000GeV_015,0.8246905530157831,4000.0,0.15
26,Zprime_4000GeV_030,0.8102262841645157,4000.0,0.3
27,Zprime_4000GeV_045,0.777881320189757,4000.0,0.45
28,Zprime_4000GeV_060,0.7452749025427289,4000.0,0.6
29,Zprime_4000GeV_075,0.7022214245982388,4000.0,0.75
