,name,auc,mass,nu
0,Zprime_1500GeV_015,0.81889102828203,1500.0,0.15
1,Zprime_1500GeV_030,0.8102231549847668,1500.0,0.3
2,Zprime_1500GeV_045,0.7723074157400107,1500.0,0.45
3,Zprime_1500GeV_060,0.7509270464064339,1500.0,0.6
4,Zprime_1500GeV_075,0.6959155608353056,1500.0,0.75
5,Zprime_2000GeV_015,0.8435535326908683,2000.0,0.15
6,Zprime_2000GeV_030,0.8261105015631581,2000.0,0.3
7,Zprime_2000GeV_045,0.7934991529608719,2000.0,0.45
8,Zprime_2000GeV_060,0.7589532883783656,2000.0,0.6
9,Zprime_2000GeV_075,0.7185535284004351,2000.0,0.75
10,Zprime_2500GeV_015,0.8357675429418367,2500.0,0.15
11,Zprime_2500GeV_030,0.8163682643578627,2500.0,0.3
12,Zprime_2500GeV_045,0.7905649655984299,2500.0,0.45
13,Zprime_2500GeV_060,0.7558096199056529,2500.0,0.6
14,Zprime_2500GeV_075,0.7019431993023683,2500.0,0.75
15,Zprime_3000GeV_015,0.8278753803348358,3000.0,0.15
16,Zprime_3000GeV_030,0.8056920214193826,3000.0,0.3
17,Zprime_3000GeV_045,0.7796927083389438,3000.0,0.45
18,Zprime_3000GeV_060,0.7394555536008369,3000.0,0.6
19,Zprime_3000GeV_075,0.6999502696547877,3000.0,0.75
20,Zprime_3500GeV_015,0.8215706620098181,3500.0,0.15
21,Zprime_3500GeV_030,0.8033212606441279,3500.0,0.3
22,Zprime_3500GeV_045,0.77169064763321,3500.0,0.45
23,Zprime_3500GeV_060,0.7410879417152232,3500.0,0.6
24,Zprime_3500GeV_075,0.6980691140763661,3500.0,0.75
25,Zprime_4000GeV_015,0.8144975640282932,4000.0,0.15
26,Zprime_4000GeV_030,0.7986142037013331,4000.0,0.3
27,Zprime_4000GeV_045,0.7688825193543056,4000.0,0.45
28,Zprime_4000GeV_060,0.7291258157322628,4000.0,0.6
29,Zprime_4000GeV_075,0.6825029724870726,4000.0,0.75
