,name,auc,mass,nu
0,Zprime_1500GeV_015,0.8276052016214546,1500.0,0.15
1,Zprime_1500GeV_030,0.8133663410804054,1500.0,0.3
2,Zprime_1500GeV_045,0.7835321060063819,1500.0,0.45
3,Zprime_1500GeV_060,0.7721549538665058,1500.0,0.6
4,Zprime_1500GeV_075,0.7139307543484684,1500.0,0.75
5,Zprime_2000GeV_015,0.848024543070719,2000.0,0.15
6,Zprime_2000GeV_030,0.830543723430199,2000.0,0.3
7,Zprime_2000GeV_045,0.8025475826060434,2000.0,0.45
8,Zprime_2000GeV_060,0.7713232265408085,2000.0,0.6
9,Zprime_2000GeV_075,0.7388965454589468,2000.0,0.75
10,Zprime_2500GeV_015,0.8427926977590293,2500.0,0.15
11,Zprime_2500GeV_030,0.8233307691127365,2500.0,0.3
12,Zprime_2500GeV_045,0.7988946095687236,2500.0,0.45
13,Zprime_2500GeV_060,0.766905009152959,2500.0,0.6
14,Zprime_2500GeV_075,0.7208645763670476,2500.0,0.75
15,Zprime_3000GeV_015,0.8404527139922437,3000.0,0.15
16,Zprime_3000GeV_030,0.8157978531744433,3000.0,0.3
17,Zprime_3000GeV_045,0.79298754604639,3000.0,0.45
18,Zprime_3000GeV_060,0.7571982516956943,3000.0,0.6
19,Zprime_3000GeV_075,0.7234847518290409,3000.0,0.75
20,Zprime_3500GeV_015,0.8367455017261616,3500.0,0.15
21,Zprime_3500GeV_030,0.8181241719235149,3500.0,0.3
22,Zprime_3500GeV_045,0.7888382355189394,3500.0,0.45
23,Zprime_3500GeV_060,0.7588336125261639,3500.0,0.6
24,Zprime_3500GeV_075,0.7165833494488493,3500.0,0.75
25,Zprime_4000GeV_015,0.8385568047004227,4000.0,0.15
26,Zprime_4000GeV_030,0.824089467670459,4000.0,0.3
27,Zprime_4000GeV_045,0.7893502881779385,4000.0,0.45
28,Zprime_4000GeV_060,0.7542091193391467,4000.0,0.6
29,Zprime_4000GeV_075,0.7082690559044393,4000.0,0.75
