,name,auc,mass,nu
0,Zprime_1500GeV_015,0.8501132056610772,1500.0,0.15
1,Zprime_1500GeV_030,0.8355668513874668,1500.0,0.3
2,Zprime_1500GeV_045,0.8057152373494297,1500.0,0.45
3,Zprime_1500GeV_060,0.7882914362255672,1500.0,0.6
4,Zprime_1500GeV_075,0.7423788957341463,1500.0,0.75
5,Zprime_2000GeV_015,0.8679843131829115,2000.0,0.15
6,Zprime_2000GeV_030,0.8520615171188595,2000.0,0.3
7,Zprime_2000GeV_045,0.8255263783900343,2000.0,0.45
8,Zprime_2000GeV_060,0.7945239769450633,2000.0,0.6
9,Zprime_2000GeV_075,0.7565030753663072,2000.0,0.75
10,Zprime_2500GeV_015,0.8624946677485711,2500.0,0.15
11,Zprime_2500GeV_030,0.8447217358402875,2500.0,0.3
12,Zprime_2500GeV_045,0.8220781676340443,2500.0,0.45
13,Zprime_2500GeV_060,0.7926267026578647,2500.0,0.6
14,Zprime_2500GeV_075,0.743094938313544,2500.0,0.75
15,Zprime_3000GeV_015,0.859671792283012,3000.0,0.15
16,Zprime_3000GeV_030,0.8356669164836168,3000.0,0.3
17,Zprime_3000GeV_045,0.8135292161785305,3000.0,0.45
18,Zprime_3000GeV_060,0.7794984698626755,3000.0,0.6
19,Zprime_3000GeV_075,0.7405803459613782,3000.0,0.75
20,Zprime_3500GeV_015,0.8465953562385937,3500.0,0.15
21,Zprime_3500GeV_030,0.8347412399013121,3500.0,0.3
22,Zprime_3500GeV_045,0.8045256070063009,3500.0,0.45
23,Zprime_3500GeV_060,0.7783779937083392,3500.0,0.6
24,Zprime_3500GeV_075,0.7376289456155053,3500.0,0.75
25,Zprime_4000GeV_015,0.84132102541416,4000.0,0.15
26,Zprime_4000GeV_030,0.8315029171353785,4000.0,0.3
27,Zprime_4000GeV_045,0.8010365326708037,4000.0,0.45
28,Zprime_4000GeV_060,0.7660455199795619,4000.0,0.6
29,Zprime_4000GeV_075,0.7229424109073938,4000.0,0.75
