,name,auc,mass,nu
0,Zprime_1500GeV_015,0.8291242641748809,1500.0,0.15
1,Zprime_1500GeV_030,0.8199147225013818,1500.0,0.3
2,Zprime_1500GeV_045,0.7856846667371687,1500.0,0.45
3,Zprime_1500GeV_060,0.764038878170364,1500.0,0.6
4,Zprime_1500GeV_075,0.7092929041778394,1500.0,0.75
5,Zprime_2000GeV_015,0.8490269406994811,2000.0,0.15
6,Zprime_2000GeV_030,0.8319260822710361,2000.0,0.3
7,Zprime_2000GeV_045,0.8016954188389337,2000.0,0.45
8,Zprime_2000GeV_060,0.769702916354712,2000.0,0.6
9,Zprime_2000GeV_075,0.7328681185046649,2000.0,0.75
10,Zprime_2500GeV_015,0.8462323983086886,2500.0,0.15
11,Zprime_2500GeV_030,0.8257417797794835,2500.0,0.3
12,Zprime_2500GeV_045,0.7999937481779746,2500.0,0.45
13,Zprime_2500GeV_060,0.7660478671886713,2500.0,0.6
14,Zprime_2500GeV_075,0.7162890975357092,2500.0,0.75
15,Zprime_3000GeV_015,0.8479121736781157,3000.0,0.15
16,Zprime_3000GeV_030,0.8203093159291202,3000.0,0.3
17,Zprime_3000GeV_045,0.7955422214897245,3000.0,0.45
18,Zprime_3000GeV_060,0.7564951895730355,3000.0,0.6
19,Zprime_3000GeV_075,0.718438943825564,3000.0,0.75
20,Zprime_3500GeV_015,0.841836605026522,3500.0,0.15
21,Zprime_3500GeV_030,0.8240235188301952,3500.0,0.3
22,Zprime_3500GeV_045,0.7916444927209384,3500.0,0.45
23,Zprime_3500GeV_060,0.7576111331717841,3500.0,0.6
24,Zprime_3500GeV_075,0.7135880981542363,3500.0,0.75
25,Zprime_4000GeV_015,0.8411644872744167,4000.0,0.15
26,Zprime_4000GeV_030,0.8290070927942006,4000.0,0.3
27,Zprime_4000GeV_045,0.7907132969711383,4000.0,0.45
28,Zprime_4000GeV_060,0.7517628292350429,4000.0,0.6
29,Zprime_4000GeV_075,0.7028207294948556,4000.0,0.75
