,name,auc,mass,nu
0,Zprime_1500GeV_015,0.8427997976451729,1500.0,0.15
1,Zprime_1500GeV_030,0.8353267037799075,1500.0,0.3
2,Zprime_1500GeV_045,0.8016812518950145,1500.0,0.45
3,Zprime_1500GeV_060,0.7811117851960175,1500.0,0.6
4,Zprime_1500GeV_075,0.728442253292379,1500.0,0.75
5,Zprime_2000GeV_015,0.860026062361134,2000.0,0.15
6,Zprime_2000GeV_030,0.8438833770154699,2000.0,0.3
7,Zprime_2000GeV_045,0.8156114949361151,2000.0,0.45
8,Zprime_2000GeV_060,0.783781949969349,2000.0,0.6
9,Zprime_2000GeV_075,0.7441696737630242,2000.0,0.75
10,Zprime_2500GeV_015,0.8552546368789393,2500.0,0.15
11,Zprime_2500GeV_030,0.8369375142499547,2500.0,0.3
12,Zprime_2500GeV_045,0.8120627697641503,2500.0,0.45
13,Zprime_2500GeV_060,0.7807722308183753,2500.0,0.6
14,Zprime_2500GeV_075,0.7323870009687193,2500.0,0.75
15,Zprime_3000GeV_015,0.8566811829166394,3000.0,0.15
16,Zprime_3000GeV_030,0.8300686577917005,3000.0,0.3
17,Zprime_3000GeV_045,0.8066148613537415,3000.0,0.45
18,Zprime_3000GeV_060,0.7702323331139489,3000.0,0.6
19,Zprime_3000GeV_075,0.7320274217216605,3000.0,0.75
20,Zprime_3500GeV_015,0.8467357097244042,3500.0,0.15
21,Zprime_3500GeV_030,0.832134629842934,3500.0,0.3
22,Zprime_3500GeV_045,0.8012545757185426,3500.0,0.45
23,Zprime_3500GeV_060,0.7698563025796306,3500.0,0.6
24,Zprime_3500GeV_075,0.7295067147983412,3500.0,0.75
25,Zprime_4000GeV_015,0.8458475910272896,4000.0,0.15
26,Zprime_4000GeV_030,0.8348625766394928,4000.0,0.3
27,Zprime_4000GeV_045,0.7993340383596227,4000.0,0.45
28,Zprime_4000GeV_060,0.7649149591430495,4000.0,0.6
29,Zprime_4000GeV_075,0.7193159947938732,4000.0,0.75
