,name,auc,mass,nu
0,Zprime_1500GeV_015,0.853564261671137,1500.0,0.15
1,Zprime_1500GeV_030,0.8422703116265258,1500.0,0.3
2,Zprime_1500GeV_045,0.8163276478232082,1500.0,0.45
3,Zprime_1500GeV_060,0.7939864116556035,1500.0,0.6
4,Zprime_1500GeV_075,0.751909863058577,1500.0,0.75
5,Zprime_2000GeV_015,0.8686173812374196,2000.0,0.15
6,Zprime_2000GeV_030,0.8540730253637315,2000.0,0.3
7,Zprime_2000GeV_045,0.8274485838977568,2000.0,0.45
8,Zprime_2000GeV_060,0.7963257627645974,2000.0,0.6
9,Zprime_2000GeV_075,0.7681133640194517,2000.0,0.75
10,Zprime_2500GeV_015,0.8670509089752361,2500.0,0.15
11,Zprime_2500GeV_030,0.850511957551048,2500.0,0.3
12,Zprime_2500GeV_045,0.825481134181385,2500.0,0.45
13,Zprime_2500GeV_060,0.7994674866648194,2500.0,0.6
14,Zprime_2500GeV_075,0.7529662100915402,2500.0,0.75
15,Zprime_3000GeV_015,0.8719315979169436,3000.0,0.15
16,Zprime_3000GeV_030,0.8475148110837788,3000.0,0.3
17,Zprime_3000GeV_045,0.8243499890947423,3000.0,0.45
18,Zprime_3000GeV_060,0.7884379612293425,3000.0,0.6
19,Zprime_3000GeV_075,0.753396228964934,3000.0,0.75
20,Zprime_3500GeV_015,0.8693585104433412,3500.0,0.15
21,Zprime_3500GeV_030,0.852946355490984,3500.0,0.3
22,Zprime_3500GeV_045,0.8209815109930136,3500.0,0.45
23,Zprime_3500GeV_060,0.7914860335116011,3500.0,0.6
24,Zprime_3500GeV_075,0.7491626592750166,3500.0,0.75
25,Zprime_4000GeV_015,0.8672362906829549,4000.0,0.15
26,Zprime_4000GeV_030,0.856455164515964,4000.0,0.3
27,Zprime_4000GeV_045,0.8228031596711958,4000.0,0.45
28,Zprime_4000GeV_060,0.7887742003465591,4000.0,0.6
29,Zprime_4000GeV_075,0.7402952055970574,4000.0,0.75
