,name,auc,mass,nu
0,Zprime_1500GeV_015,0.8259343262359666,1500.0,0.15
1,Zprime_1500GeV_030,0.8131838526756512,1500.0,0.3
2,Zprime_1500GeV_045,0.7782776241633246,1500.0,0.45
3,Zprime_1500GeV_060,0.7553515909733277,1500.0,0.6
4,Zprime_1500GeV_075,0.694691688551677,1500.0,0.75
5,Zprime_2000GeV_015,0.849915692324505,2000.0,0.15
6,Zprime_2000GeV_030,0.8318943973830415,2000.0,0.3
7,Zprime_2000GeV_045,0.8002615277281002,2000.0,0.45
8,Zprime_2000GeV_060,0.766288895540578,2000.0,0.6
9,Zprime_2000GeV_075,0.7267872197928819,2000.0,0.75
10,Zprime_2500GeV_015,0.8449068820830097,2500.0,0.15
11,Zprime_2500GeV_030,0.8250206452075055,2500.0,0.3
12,Zprime_2500GeV_045,0.7989301924179479,2500.0,0.45
13,Zprime_2500GeV_060,0.7657306876706891,2500.0,0.6
14,Zprime_2500GeV_075,0.7117338867261989,2500.0,0.75
15,Zprime_3000GeV_015,0.8402863395321631,3000.0,0.15
16,Zprime_3000GeV_030,0.8160542856233344,3000.0,0.3
17,Zprime_3000GeV_045,0.7912782619424951,3000.0,0.45
18,Zprime_3000GeV_060,0.7532822237442836,3000.0,0.6
19,Zprime_3000GeV_075,0.7094966674235454,3000.0,0.75
20,Zprime_3500GeV_015,0.8336609992632628,3500.0,0.15
21,Zprime_3500GeV_030,0.8165288588032196,3500.0,0.3
22,Zprime_3500GeV_045,0.7844387926378149,3500.0,0.45
23,Zprime_3500GeV_060,0.7537043577844624,3500.0,0.6
24,Zprime_3500GeV_075,0.710583274243108,3500.0,0.75
25,Zprime_4000GeV_015,0.827368107673992,4000.0,0.15
26,Zprime_4000GeV_030,0.813224006580578,4000.0,0.3
27,Zprime_4000GeV_045,0.7814485426446027,4000.0,0.45
28,Zprime_4000GeV_060,0.7438920487588527,4000.0,0.6
29,Zprime_4000GeV_075,0.6954342771354285,4000.0,0.75
