,name,auc,mass,nu
0,Zprime_1500GeV_015,0.8388135430125458,1500.0,0.15
1,Zprime_1500GeV_030,0.8336935547446722,1500.0,0.3
2,Zprime_1500GeV_045,0.8013336289583359,1500.0,0.45
3,Zprime_1500GeV_060,0.7823909475427556,1500.0,0.6
4,Zprime_1500GeV_075,0.722439049165021,1500.0,0.75
5,Zprime_2000GeV_015,0.8621402084300749,2000.0,0.15
6,Zprime_2000GeV_030,0.8446212858855677,2000.0,0.3
7,Zprime_2000GeV_045,0.8154070132824178,2000.0,0.45
8,Zprime_2000GeV_060,0.7827805843833383,2000.0,0.6
9,Zprime_2000GeV_075,0.7462791517445149,2000.0,0.75
10,Zprime_2500GeV_015,0.8513438882146029,2500.0,0.15
11,Zprime_2500GeV_030,0.8340114038479128,2500.0,0.3
12,Zprime_2500GeV_045,0.8098802902169334,2500.0,0.45
13,Zprime_2500GeV_060,0.7794411364334863,2500.0,0.6
14,Zprime_2500GeV_075,0.7305427735601053,2500.0,0.75
15,Zprime_3000GeV_015,0.8436430914436018,3000.0,0.15
16,Zprime_3000GeV_030,0.8210025577140287,3000.0,0.3
17,Zprime_3000GeV_045,0.7970160896064646,3000.0,0.45
18,Zprime_3000GeV_060,0.7624946906104675,3000.0,0.6
19,Zprime_3000GeV_075,0.7273923057164984,3000.0,0.75
20,Zprime_3500GeV_015,0.8310415584590101,3500.0,0.15
21,Zprime_3500GeV_030,0.8139590049097831,3500.0,0.3
22,Zprime_3500GeV_045,0.7872729381447996,3500.0,0.45
23,Zprime_3500GeV_060,0.7584412782952513,3500.0,0.6
24,Zprime_3500GeV_075,0.7223807559251381,3500.0,0.75
25,Zprime_4000GeV_015,0.8226325425857578,4000.0,0.15
26,Zprime_4000GeV_030,0.809179674082225,4000.0,0.3
27,Zprime_4000GeV_045,0.7806919451847909,4000.0,0.45
28,Zprime_4000GeV_060,0.7459988762062295,4000.0,0.6
29,Zprime_4000GeV_075,0.7071791788146164,4000.0,0.75
