,name,auc,mass,nu
0,Zprime_1500GeV_015,0.8592029405912012,1500.0,0.15
1,Zprime_1500GeV_030,0.8418209264995091,1500.0,0.3
2,Zprime_1500GeV_045,0.813032065978405,1500.0,0.45
3,Zprime_1500GeV_060,0.7902925090122923,1500.0,0.6
4,Zprime_1500GeV_075,0.7476790168725964,1500.0,0.75
5,Zprime_2000GeV_015,0.867867853087652,2000.0,0.15
6,Zprime_2000GeV_030,0.8537322656149025,2000.0,0.3
7,Zprime_2000GeV_045,0.8267412315905187,2000.0,0.45
8,Zprime_2000GeV_060,0.7955744073388232,2000.0,0.6
9,Zprime_2000GeV_075,0.7626855403611852,2000.0,0.75
10,Zprime_2500GeV_015,0.8648234951114664,2500.0,0.15
11,Zprime_2500GeV_030,0.847318015516392,2500.0,0.3
12,Zprime_2500GeV_045,0.8234550394965423,2500.0,0.45
13,Zprime_2500GeV_060,0.7922804171008044,2500.0,0.6
14,Zprime_2500GeV_075,0.7441609332957996,2500.0,0.75
15,Zprime_3000GeV_015,0.8639652889677341,3000.0,0.15
16,Zprime_3000GeV_030,0.8407357690118171,3000.0,0.3
17,Zprime_3000GeV_045,0.8179051764360332,3000.0,0.45
18,Zprime_3000GeV_060,0.782435368050011,3000.0,0.6
19,Zprime_3000GeV_075,0.7445764002613195,3000.0,0.75
20,Zprime_3500GeV_015,0.8558964190057534,3500.0,0.15
21,Zprime_3500GeV_030,0.8430846082789892,3500.0,0.3
22,Zprime_3500GeV_045,0.8119071921846239,3500.0,0.45
23,Zprime_3500GeV_060,0.7807869981110678,3500.0,0.6
24,Zprime_3500GeV_075,0.7389818324416081,3500.0,0.75
25,Zprime_4000GeV_015,0.8574280651473567,4000.0,0.15
26,Zprime_4000GeV_030,0.8446909418543103,4000.0,0.3
27,Zprime_4000GeV_045,0.8109366097867573,4000.0,0.45
28,Zprime_4000GeV_060,0.7730785325607921,4000.0,0.6
29,Zprime_4000GeV_075,0.7277818592603906,4000.0,0.75
