,name,auc,mass,nu
0,Zprime_1500GeV_015,0.834458032860705,1500.0,0.15
1,Zprime_1500GeV_030,0.8221366162488786,1500.0,0.3
2,Zprime_1500GeV_045,0.7911507093407728,1500.0,0.45
3,Zprime_1500GeV_060,0.7771103941952234,1500.0,0.6
4,Zprime_1500GeV_075,0.7290158540400273,1500.0,0.75
5,Zprime_2000GeV_015,0.8561169930181136,2000.0,0.15
6,Zprime_2000GeV_030,0.8393061267240893,2000.0,0.3
7,Zprime_2000GeV_045,0.8118625124954674,2000.0,0.45
8,Zprime_2000GeV_060,0.7800721177361247,2000.0,0.6
9,Zprime_2000GeV_075,0.7464490333092983,2000.0,0.75
10,Zprime_2500GeV_015,0.8504503865799602,2500.0,0.15
11,Zprime_2500GeV_030,0.8314175315107775,2500.0,0.3
12,Zprime_2500GeV_045,0.8085215749064683,2500.0,0.45
13,Zprime_2500GeV_060,0.7778987634548207,2500.0,0.6
14,Zprime_2500GeV_075,0.7313906976337111,2500.0,0.75
15,Zprime_3000GeV_015,0.8462618195086282,3000.0,0.15
16,Zprime_3000GeV_030,0.8235736891631209,3000.0,0.3
17,Zprime_3000GeV_045,0.8002918387190529,3000.0,0.45
18,Zprime_3000GeV_060,0.764926502576033,3000.0,0.6
19,Zprime_3000GeV_075,0.7271369832677983,3000.0,0.75
20,Zprime_3500GeV_015,0.838659426174675,3500.0,0.15
21,Zprime_3500GeV_030,0.8231140654888758,3500.0,0.3
22,Zprime_3500GeV_045,0.791702305856016,3500.0,0.45
23,Zprime_3500GeV_060,0.7643709842265902,3500.0,0.6
24,Zprime_3500GeV_075,0.7253616644104944,3500.0,0.75
25,Zprime_4000GeV_015,0.8339221620400069,4000.0,0.15
26,Zprime_4000GeV_030,0.820950526425058,4000.0,0.3
27,Zprime_4000GeV_045,0.7908184219422364,4000.0,0.45
28,Zprime_4000GeV_060,0.7535653947159643,4000.0,0.6
29,Zprime_4000GeV_075,0.7127426618384497,4000.0,0.75
