,name,auc,mass,nu
0,Zprime_1500GeV_015,0.8347037360904414,1500.0,0.15
1,Zprime_1500GeV_030,0.8214306377622999,1500.0,0.3
2,Zprime_1500GeV_045,0.7836478521997982,1500.0,0.45
3,Zprime_1500GeV_060,0.7685114458970327,1500.0,0.6
4,Zprime_1500GeV_075,0.7217754526785662,1500.0,0.75
5,Zprime_2000GeV_015,0.8571131928096795,2000.0,0.15
6,Zprime_2000GeV_030,0.8415777787369432,2000.0,0.3
7,Zprime_2000GeV_045,0.8104065350461607,2000.0,0.45
8,Zprime_2000GeV_060,0.7794358930630423,2000.0,0.6
9,Zprime_2000GeV_075,0.7402242735846156,2000.0,0.75
10,Zprime_2500GeV_015,0.8499924924545711,2500.0,0.15
11,Zprime_2500GeV_030,0.8303934060193933,2500.0,0.3
12,Zprime_2500GeV_045,0.8072460718725222,2500.0,0.45
13,Zprime_2500GeV_060,0.7744067291708864,2500.0,0.6
14,Zprime_2500GeV_075,0.7258498594258238,2500.0,0.75
15,Zprime_3000GeV_015,0.8445668910338975,3000.0,0.15
16,Zprime_3000GeV_030,0.8217218987245046,3000.0,0.3
17,Zprime_3000GeV_045,0.7963373622784821,3000.0,0.45
18,Zprime_3000GeV_060,0.7598974187381471,3000.0,0.6
19,Zprime_3000GeV_075,0.7215291291028345,3000.0,0.75
20,Zprime_3500GeV_015,0.8357568562026626,3500.0,0.15
21,Zprime_3500GeV_030,0.8201535324192255,3500.0,0.3
22,Zprime_3500GeV_045,0.789338616246843,3500.0,0.45
23,Zprime_3500GeV_060,0.7590358093685297,3500.0,0.6
24,Zprime_3500GeV_075,0.7182336749822729,3500.0,0.75
25,Zprime_4000GeV_015,0.8320091824430431,4000.0,0.15
26,Zprime_4000GeV_030,0.8157352087557037,4000.0,0.3
27,Zprime_4000GeV_045,0.7832008913661687,4000.0,0.45
28,Zprime_4000GeV_060,0.7477394116707671,4000.0,0.6
29,Zprime_4000GeV_075,0.7015367416068121,4000.0,0.75
