,name,auc,mass,nu
0,Zprime_1500GeV_015,0.8285860292956725,1500.0,0.15
1,Zprime_1500GeV_030,0.8184731763840586,1500.0,0.3
2,Zprime_1500GeV_045,0.7837714502459936,1500.0,0.45
3,Zprime_1500GeV_060,0.7704012192169389,1500.0,0.6
4,Zprime_1500GeV_075,0.7067421877419943,1500.0,0.75
5,Zprime_2000GeV_015,0.8561810677173641,2000.0,0.15
6,Zprime_2000GeV_030,0.8373882224480869,2000.0,0.3
7,Zprime_2000GeV_045,0.8081175232800275,2000.0,0.45
8,Zprime_2000GeV_060,0.7728434824543662,2000.0,0.6
9,Zprime_2000GeV_075,0.7334143461003579,2000.0,0.75
10,Zprime_2500GeV_015,0.8525161040908396,2500.0,0.15
11,Zprime_2500GeV_030,0.8334693884445645,2500.0,0.3
12,Zprime_2500GeV_045,0.8089421964415995,2500.0,0.45
13,Zprime_2500GeV_060,0.7759438986729026,2500.0,0.6
14,Zprime_2500GeV_075,0.7199765497903601,2500.0,0.75
15,Zprime_3000GeV_015,0.8498953262398018,3000.0,0.15
16,Zprime_3000GeV_030,0.8269897150207421,3000.0,0.3
17,Zprime_3000GeV_045,0.8018277782662986,3000.0,0.45
18,Zprime_3000GeV_060,0.7640511717714171,3000.0,0.6
19,Zprime_3000GeV_075,0.7231090541394555,3000.0,0.75
20,Zprime_3500GeV_015,0.8444579446377982,3500.0,0.15
21,Zprime_3500GeV_030,0.8267152772744972,3500.0,0.3
22,Zprime_3500GeV_045,0.795962065432975,3500.0,0.45
23,Zprime_3500GeV_060,0.7668028884118441,3500.0,0.6
24,Zprime_3500GeV_075,0.7245889469047466,3500.0,0.75
25,Zprime_4000GeV_015,0.8407762522460835,4000.0,0.15
26,Zprime_4000GeV_030,0.8250904927837293,4000.0,0.3
27,Zprime_4000GeV_045,0.7953122618802422,4000.0,0.45
28,Zprime_4000GeV_060,0.757461509517217,4000.0,0.6
29,Zprime_4000GeV_075,0.7086959881826796,4000.0,0.75
