,name,auc,mass,nu
0,Zprime_1500GeV_015,0.8429086357678506,1500.0,0.15
1,Zprime_1500GeV_030,0.827004162558531,1500.0,0.3
2,Zprime_1500GeV_045,0.7988977426307616,1500.0,0.45
3,Zprime_1500GeV_060,0.7792547818886179,1500.0,0.6
4,Zprime_1500GeV_075,0.7281261519803388,1500.0,0.75
5,Zprime_2000GeV_015,0.8574736243860467,2000.0,0.15
6,Zprime_2000GeV_030,0.8420907530628313,2000.0,0.3
7,Zprime_2000GeV_045,0.8132072786227252,2000.0,0.45
8,Zprime_2000GeV_060,0.7834870450916183,2000.0,0.6
9,Zprime_2000GeV_075,0.7487522601387901,2000.0,0.75
10,Zprime_2500GeV_015,0.8503319104775869,2500.0,0.15
11,Zprime_2500GeV_030,0.831595674594489,2500.0,0.3
12,Zprime_2500GeV_045,0.8078520310357258,2500.0,0.45
13,Zprime_2500GeV_060,0.7798777342870813,2500.0,0.6
14,Zprime_2500GeV_075,0.7326659707798531,2500.0,0.75
15,Zprime_3000GeV_015,0.8431170222939303,3000.0,0.15
16,Zprime_3000GeV_030,0.8212959623863201,3000.0,0.3
17,Zprime_3000GeV_045,0.7991359059687657,3000.0,0.45
18,Zprime_3000GeV_060,0.7647113925712055,3000.0,0.6
19,Zprime_3000GeV_075,0.7305147328198561,3000.0,0.75
20,Zprime_3500GeV_015,0.8312750143481649,3500.0,0.15
21,Zprime_3500GeV_030,0.818082553348682,3500.0,0.3
22,Zprime_3500GeV_045,0.790968747653114,3500.0,0.45
23,Zprime_3500GeV_060,0.7647827453809227,3500.0,0.6
24,Zprime_3500GeV_075,0.7264920389350867,3500.0,0.75
25,Zprime_4000GeV_015,0.8249853198134287,4000.0,0.15
26,Zprime_4000GeV_030,0.8150734795653745,4000.0,0.3
27,Zprime_4000GeV_045,0.7862576967256326,4000.0,0.45
28,Zprime_4000GeV_060,0.7553507907935338,4000.0,0.6
29,Zprime_4000GeV_075,0.7134757401494901,4000.0,0.75
