,name,auc,mass,nu
0,Zprime_1500GeV_015,0.8427317154289483,1500.0,0.15
1,Zprime_1500GeV_030,0.8355009362850618,1500.0,0.3
2,Zprime_1500GeV_045,0.8033406284183701,1500.0,0.45
3,Zprime_1500GeV_060,0.7836685468461342,1500.0,0.6
4,Zprime_1500GeV_075,0.7236068310812074,1500.0,0.75
5,Zprime_2000GeV_015,0.868214419281909,2000.0,0.15
6,Zprime_2000GeV_030,0.850838478735566,2000.0,0.3
7,Zprime_2000GeV_045,0.8198087644447792,2000.0,0.45
8,Zprime_2000GeV_060,0.7897525150455881,2000.0,0.6
9,Zprime_2000GeV_075,0.7503691155813875,2000.0,0.75
10,Zprime_2500GeV_015,0.8623292506958535,2500.0,0.15
11,Zprime_2500GeV_030,0.8433503264154403,2500.0,0.3
12,Zprime_2500GeV_045,0.8200911074346194,2500.0,0.45
13,Zprime_2500GeV_060,0.7863713025065132,2500.0,0.6
14,Zprime_2500GeV_075,0.7321642965951863,2500.0,0.75
15,Zprime_3000GeV_015,0.8573570533940316,3000.0,0.15
16,Zprime_3000GeV_030,0.8343115050999147,3000.0,0.3
17,Zprime_3000GeV_045,0.8091112308506707,3000.0,0.45
18,Zprime_3000GeV_060,0.7716555914632048,3000.0,0.6
19,Zprime_3000GeV_075,0.7350797954432617,3000.0,0.75
20,Zprime_3500GeV_015,0.8470066427085907,3500.0,0.15
21,Zprime_3500GeV_030,0.8305204854242166,3500.0,0.3
22,Zprime_3500GeV_045,0.802117616001679,3500.0,0.45
23,Zprime_3500GeV_060,0.7696634633462391,3500.0,0.6
24,Zprime_3500GeV_075,0.7291563527364148,3500.0,0.75
25,Zprime_4000GeV_015,0.8417189350387693,4000.0,0.15
26,Zprime_4000GeV_030,0.8289376088175631,4000.0,0.3
27,Zprime_4000GeV_045,0.7965057292159713,4000.0,0.45
28,Zprime_4000GeV_060,0.7609397729245712,4000.0,0.6
29,Zprime_4000GeV_075,0.7150419342030445,4000.0,0.75
