,name,auc,mass,nu
0,Zprime_1500GeV_015,0.8208897026056687,1500.0,0.15
1,Zprime_1500GeV_030,0.8018072890743142,1500.0,0.3
2,Zprime_1500GeV_045,0.7698872331179949,1500.0,0.45
3,Zprime_1500GeV_060,0.7448024496446718,1500.0,0.6
4,Zprime_1500GeV_075,0.6936884802384705,1500.0,0.75
5,Zprime_2000GeV_015,0.8425107124033329,2000.0,0.15
6,Zprime_2000GeV_030,0.8247126544186014,2000.0,0.3
7,Zprime_2000GeV_045,0.7971638878573057,2000.0,0.45
8,Zprime_2000GeV_060,0.7640221376842187,2000.0,0.6
9,Zprime_2000GeV_075,0.7204726574318187,2000.0,0.75
10,Zprime_2500GeV_015,0.8399631017822317,2500.0,0.15
11,Zprime_2500GeV_030,0.8204542772036056,2500.0,0.3
12,Zprime_2500GeV_045,0.796608901407243,2500.0,0.45
13,Zprime_2500GeV_060,0.7639069490468444,2500.0,0.6
14,Zprime_2500GeV_075,0.7126924855794243,2500.0,0.75
15,Zprime_3000GeV_015,0.8410191275880038,3000.0,0.15
16,Zprime_3000GeV_030,0.8141442001963366,3000.0,0.3
17,Zprime_3000GeV_045,0.7921750282808172,3000.0,0.45
18,Zprime_3000GeV_060,0.7574737857910575,3000.0,0.6
19,Zprime_3000GeV_075,0.7190610696669979,3000.0,0.75
20,Zprime_3500GeV_015,0.8338302243533005,3500.0,0.15
21,Zprime_3500GeV_030,0.819613024968292,3500.0,0.3
22,Zprime_3500GeV_045,0.7889760031876175,3500.0,0.45
23,Zprime_3500GeV_060,0.7594018434463321,3500.0,0.6
24,Zprime_3500GeV_075,0.7159589591525387,3500.0,0.75
25,Zprime_4000GeV_015,0.8358420319232072,4000.0,0.15
26,Zprime_4000GeV_030,0.8235050437782153,4000.0,0.3
27,Zprime_4000GeV_045,0.7902970965833601,4000.0,0.45
28,Zprime_4000GeV_060,0.7527910648649988,4000.0,0.6
29,Zprime_4000GeV_075,0.7058876661720116,4000.0,0.75
