,name,auc,mass,nu
0,Zprime_1500GeV_015,0.8426607137351843,1500.0,0.15
1,Zprime_1500GeV_030,0.8251207606946264,1500.0,0.3
2,Zprime_1500GeV_045,0.7980001056431101,1500.0,0.45
3,Zprime_1500GeV_060,0.7798629135516291,1500.0,0.6
4,Zprime_1500GeV_075,0.7353096955688332,1500.0,0.75
5,Zprime_2000GeV_015,0.8555655336177184,2000.0,0.15
6,Zprime_2000GeV_030,0.8388010202858206,2000.0,0.3
7,Zprime_2000GeV_045,0.8103823284952558,2000.0,0.45
8,Zprime_2000GeV_060,0.780050737306824,2000.0,0.6
9,Zprime_2000GeV_075,0.7483155092552927,2000.0,0.75
10,Zprime_2500GeV_015,0.8388308890665604,2500.0,0.15
11,Zprime_2500GeV_030,0.8199833592188018,2500.0,0.3
12,Zprime_2500GeV_045,0.7984794202890328,2500.0,0.45
13,Zprime_2500GeV_060,0.767769026101758,2500.0,0.6
14,Zprime_2500GeV_075,0.726763627474084,2500.0,0.75
15,Zprime_3000GeV_015,0.8235726571152324,3000.0,0.15
16,Zprime_3000GeV_030,0.8043327455364504,3000.0,0.3
17,Zprime_3000GeV_045,0.780463796330266,3000.0,0.45
18,Zprime_3000GeV_060,0.7480693817952244,3000.0,0.6
19,Zprime_3000GeV_075,0.7140639860033128,3000.0,0.75
20,Zprime_3500GeV_015,0.8064240974775468,3500.0,0.15
21,Zprime_3500GeV_030,0.7922400884868661,3500.0,0.3
22,Zprime_3500GeV_045,0.7670342957151252,3500.0,0.45
23,Zprime_3500GeV_060,0.7405404820510318,3500.0,0.6
24,Zprime_3500GeV_075,0.7069604740110444,3500.0,0.75
25,Zprime_4000GeV_015,0.7956428860860874,4000.0,0.15
26,Zprime_4000GeV_030,0.7820247553240973,4000.0,0.3
27,Zprime_4000GeV_045,0.7526891490231201,4000.0,0.45
28,Zprime_4000GeV_060,0.7252538166039088,4000.0,0.6
29,Zprime_4000GeV_075,0.688464793721813,4000.0,0.75
