,name,auc,mass,nu
0,Zprime_1500GeV_015,0.8170593480736588,1500.0,0.15
1,Zprime_1500GeV_030,0.8049659962612004,1500.0,0.3
2,Zprime_1500GeV_045,0.7720889365637283,1500.0,0.45
3,Zprime_1500GeV_060,0.751173683868983,1500.0,0.6
4,Zprime_1500GeV_075,0.6959448617735216,1500.0,0.75
5,Zprime_2000GeV_015,0.8462017409223389,2000.0,0.15
6,Zprime_2000GeV_030,0.8270013734327992,2000.0,0.3
7,Zprime_2000GeV_045,0.7951091928417825,2000.0,0.45
8,Zprime_2000GeV_060,0.7612010646533304,2000.0,0.6
9,Zprime_2000GeV_075,0.720795602399802,2000.0,0.75
10,Zprime_2500GeV_015,0.837758651025476,2500.0,0.15
11,Zprime_2500GeV_030,0.8174408046726733,2500.0,0.3
12,Zprime_2500GeV_045,0.7913429076572789,2500.0,0.45
13,Zprime_2500GeV_060,0.756426820550041,2500.0,0.6
14,Zprime_2500GeV_075,0.704636339799022,2500.0,0.75
15,Zprime_3000GeV_015,0.8289314681517908,3000.0,0.15
16,Zprime_3000GeV_030,0.8047188981902565,3000.0,0.3
17,Zprime_3000GeV_045,0.7769794809747428,3000.0,0.45
18,Zprime_3000GeV_060,0.737336278362035,3000.0,0.6
19,Zprime_3000GeV_075,0.6977789926120775,3000.0,0.75
20,Zprime_3500GeV_015,0.8163244286100169,3500.0,0.15
21,Zprime_3500GeV_030,0.797814841426906,3500.0,0.3
22,Zprime_3500GeV_045,0.7657910482837227,3500.0,0.45
23,Zprime_3500GeV_060,0.7350357763137645,3500.0,0.6
24,Zprime_3500GeV_075,0.6942814306280753,3500.0,0.75
25,Zprime_4000GeV_015,0.8012410938644839,4000.0,0.15
26,Zprime_4000GeV_030,0.7890451148196469,4000.0,0.3
27,Zprime_4000GeV_045,0.7547831178184069,4000.0,0.45
28,Zprime_4000GeV_060,0.7196212880189429,4000.0,0.6
29,Zprime_4000GeV_075,0.6770482361013812,4000.0,0.75
