,name,auc,mass,nu
0,Zprime_1500GeV_015,0.8252766263358361,1500.0,0.15
1,Zprime_1500GeV_030,0.8171797080819577,1500.0,0.3
2,Zprime_1500GeV_045,0.7794476600435465,1500.0,0.45
3,Zprime_1500GeV_060,0.7638030203171922,1500.0,0.6
4,Zprime_1500GeV_075,0.7013388854425404,1500.0,0.75
5,Zprime_2000GeV_015,0.8498614042836214,2000.0,0.15
6,Zprime_2000GeV_030,0.8303781991176667,2000.0,0.3
7,Zprime_2000GeV_045,0.7991141790489924,2000.0,0.45
8,Zprime_2000GeV_060,0.7641339491008546,2000.0,0.6
9,Zprime_2000GeV_075,0.7253891591127735,2000.0,0.75
10,Zprime_2500GeV_015,0.8375056359206675,2500.0,0.15
11,Zprime_2500GeV_030,0.8173920257139407,2500.0,0.3
12,Zprime_2500GeV_045,0.7921149288729158,2500.0,0.45
13,Zprime_2500GeV_060,0.7590270327152605,2500.0,0.6
14,Zprime_2500GeV_075,0.7086625904639987,2500.0,0.75
15,Zprime_3000GeV_015,0.8270476554401918,3000.0,0.15
16,Zprime_3000GeV_030,0.8025489188919808,3000.0,0.3
17,Zprime_3000GeV_045,0.777895358207904,3000.0,0.45
18,Zprime_3000GeV_060,0.740362721340974,3000.0,0.6
19,Zprime_3000GeV_075,0.7044996809063063,3000.0,0.75
20,Zprime_3500GeV_015,0.8123192116620637,3500.0,0.15
21,Zprime_3500GeV_030,0.7939748375347295,3500.0,0.3
22,Zprime_3500GeV_045,0.7667237581837157,3500.0,0.45
23,Zprime_3500GeV_060,0.7380113048615032,3500.0,0.6
24,Zprime_3500GeV_075,0.699139839704334,3500.0,0.75
25,Zprime_4000GeV_015,0.8029800364617735,4000.0,0.15
26,Zprime_4000GeV_030,0.7883631372022072,4000.0,0.3
27,Zprime_4000GeV_045,0.7573285413544499,4000.0,0.45
28,Zprime_4000GeV_060,0.7259281850280038,4000.0,0.6
29,Zprime_4000GeV_075,0.6862451165388002,4000.0,0.75
