,name,auc,mass,nu
0,Zprime_1500GeV_015,0.8492235824651975,1500.0,0.15
1,Zprime_1500GeV_030,0.841792790393673,1500.0,0.3
2,Zprime_1500GeV_045,0.8076722155655349,1500.0,0.45
3,Zprime_1500GeV_060,0.7865610394303019,1500.0,0.6
4,Zprime_1500GeV_075,0.731356999003489,1500.0,0.75
5,Zprime_2000GeV_015,0.8698812501229028,2000.0,0.15
6,Zprime_2000GeV_030,0.854292507001012,2000.0,0.3
7,Zprime_2000GeV_045,0.8242229896820765,2000.0,0.45
8,Zprime_2000GeV_060,0.792218572533197,2000.0,0.6
9,Zprime_2000GeV_075,0.7515885456261311,2000.0,0.75
10,Zprime_2500GeV_015,0.8681026192764664,2500.0,0.15
11,Zprime_2500GeV_030,0.848519510303962,2500.0,0.3
12,Zprime_2500GeV_045,0.8251196475275278,2500.0,0.45
13,Zprime_2500GeV_060,0.7916054622260662,2500.0,0.6
14,Zprime_2500GeV_075,0.7412271371362266,2500.0,0.75
15,Zprime_3000GeV_015,0.8677920004936649,3000.0,0.15
16,Zprime_3000GeV_030,0.8427791620276301,3000.0,0.3
17,Zprime_3000GeV_045,0.8184123545448296,3000.0,0.45
18,Zprime_3000GeV_060,0.7805548243549416,3000.0,0.6
19,Zprime_3000GeV_075,0.7404021038207093,3000.0,0.75
20,Zprime_3500GeV_015,0.8602931310120369,3500.0,0.15
21,Zprime_3500GeV_030,0.845687768274858,3500.0,0.3
22,Zprime_3500GeV_045,0.8140065705925255,3500.0,0.45
23,Zprime_3500GeV_060,0.7804983949525953,3500.0,0.6
24,Zprime_3500GeV_075,0.7380471754872258,3500.0,0.75
25,Zprime_4000GeV_015,0.8598698521852094,4000.0,0.15
26,Zprime_4000GeV_030,0.8459023009325208,4000.0,0.3
27,Zprime_4000GeV_045,0.8122083720193074,4000.0,0.45
28,Zprime_4000GeV_060,0.776803081331037,4000.0,0.6
29,Zprime_4000GeV_075,0.7297830956054345,4000.0,0.75
