,name,auc,mass,nu
0,Zprime_1500GeV_015,0.8507212744430338,1500.0,0.15
1,Zprime_1500GeV_030,0.8379711014453239,1500.0,0.3
2,Zprime_1500GeV_045,0.803632135316305,1500.0,0.45
3,Zprime_1500GeV_060,0.7857505744992818,1500.0,0.6
4,Zprime_1500GeV_075,0.7362678362484976,1500.0,0.75
5,Zprime_2000GeV_015,0.869678498816384,2000.0,0.15
6,Zprime_2000GeV_030,0.8540665825707242,2000.0,0.3
7,Zprime_2000GeV_045,0.8232107165994759,2000.0,0.45
8,Zprime_2000GeV_060,0.7913347923349446,2000.0,0.6
9,Zprime_2000GeV_075,0.7524726324085701,2000.0,0.75
10,Zprime_2500GeV_015,0.8633945509471594,2500.0,0.15
11,Zprime_2500GeV_030,0.8447158489861699,2500.0,0.3
12,Zprime_2500GeV_045,0.8212741412925437,2500.0,0.45
13,Zprime_2500GeV_060,0.7887872854356215,2500.0,0.6
14,Zprime_2500GeV_075,0.7367617234180762,2500.0,0.75
15,Zprime_3000GeV_015,0.8597524811751891,3000.0,0.15
16,Zprime_3000GeV_030,0.8371444399968273,3000.0,0.3
17,Zprime_3000GeV_045,0.8120430122035891,3000.0,0.45
18,Zprime_3000GeV_060,0.7742959835574689,3000.0,0.6
19,Zprime_3000GeV_075,0.7322854534768043,3000.0,0.75
20,Zprime_3500GeV_015,0.848722190510522,3500.0,0.15
21,Zprime_3500GeV_030,0.834617789497591,3500.0,0.3
22,Zprime_3500GeV_045,0.8043486246053372,3500.0,0.45
23,Zprime_3500GeV_060,0.772016895413418,3500.0,0.6
24,Zprime_3500GeV_075,0.727587969230108,3500.0,0.75
25,Zprime_4000GeV_015,0.8418991045694159,4000.0,0.15
26,Zprime_4000GeV_030,0.8321050832271829,4000.0,0.3
27,Zprime_4000GeV_045,0.7991391177180751,4000.0,0.45
28,Zprime_4000GeV_060,0.7617020705395892,4000.0,0.6
29,Zprime_4000GeV_075,0.7152066287848227,4000.0,0.75
