,name,auc,mass,nu
0,Zprime_1500GeV_015,0.8434676573271412,1500.0,0.15
1,Zprime_1500GeV_030,0.8312614988169627,1500.0,0.3
2,Zprime_1500GeV_045,0.7936510028243609,1500.0,0.45
3,Zprime_1500GeV_060,0.7781777372177009,1500.0,0.6
4,Zprime_1500GeV_075,0.7324263437200973,1500.0,0.75
5,Zprime_2000GeV_015,0.8626007510274795,2000.0,0.15
6,Zprime_2000GeV_030,0.8473597203851729,2000.0,0.3
7,Zprime_2000GeV_045,0.8178498022497831,2000.0,0.45
8,Zprime_2000GeV_060,0.7895995466512181,2000.0,0.6
9,Zprime_2000GeV_075,0.7520989609640044,2000.0,0.75
10,Zprime_2500GeV_015,0.8591757057874426,2500.0,0.15
11,Zprime_2500GeV_030,0.8406749585737929,2500.0,0.3
12,Zprime_2500GeV_045,0.8173727048917775,2500.0,0.45
13,Zprime_2500GeV_060,0.7868621080868204,2500.0,0.6
14,Zprime_2500GeV_075,0.7366977084427176,2500.0,0.75
15,Zprime_3000GeV_015,0.8563091696898617,3000.0,0.15
16,Zprime_3000GeV_030,0.8343068949085258,3000.0,0.3
17,Zprime_3000GeV_045,0.8110299127222206,3000.0,0.45
18,Zprime_3000GeV_060,0.7740989352991497,3000.0,0.6
19,Zprime_3000GeV_075,0.7347847832742661,3000.0,0.75
20,Zprime_3500GeV_015,0.8486457878715113,3500.0,0.15
21,Zprime_3500GeV_030,0.8350231121163091,3500.0,0.3
22,Zprime_3500GeV_045,0.8029047562030229,3500.0,0.45
23,Zprime_3500GeV_060,0.7729639645200062,3500.0,0.6
24,Zprime_3500GeV_075,0.7297948279937256,3500.0,0.75
25,Zprime_4000GeV_015,0.8461693198145565,4000.0,0.15
26,Zprime_4000GeV_030,0.8330462047732796,4000.0,0.3
27,Zprime_4000GeV_045,0.8010711641285129,4000.0,0.45
28,Zprime_4000GeV_060,0.7649236547802342,4000.0,0.6
29,Zprime_4000GeV_075,0.7175886595148612,4000.0,0.75
