,name,auc,mass,nu
0,Zprime_1500GeV_015,0.8635874119602354,1500.0,0.15
1,Zprime_1500GeV_030,0.8487444559983008,1500.0,0.3
2,Zprime_1500GeV_045,0.824802267834715,1500.0,0.45
3,Zprime_1500GeV_060,0.8010485649429423,1500.0,0.6
4,Zprime_1500GeV_075,0.7577191228806004,1500.0,0.75
5,Zprime_2000GeV_015,0.8774998731380199,2000.0,0.15
6,Zprime_2000GeV_030,0.8642716936222031,2000.0,0.3
7,Zprime_2000GeV_045,0.8360037266298872,2000.0,0.45
8,Zprime_2000GeV_060,0.8058685331488562,2000.0,0.6
9,Zprime_2000GeV_075,0.7730477038313586,2000.0,0.75
10,Zprime_2500GeV_015,0.876630869174722,2500.0,0.15
11,Zprime_2500GeV_030,0.8570296052826889,2500.0,0.3
12,Zprime_2500GeV_045,0.8345979823636626,2500.0,0.45
13,Zprime_2500GeV_060,0.8026663675394334,2500.0,0.6
14,Zprime_2500GeV_075,0.7550578265901111,2500.0,0.75
15,Zprime_3000GeV_015,0.8749153059341692,3000.0,0.15
16,Zprime_3000GeV_030,0.8512872979472779,3000.0,0.3
17,Zprime_3000GeV_045,0.8254393337234318,3000.0,0.45
18,Zprime_3000GeV_060,0.7898308802098408,3000.0,0.6
19,Zprime_3000GeV_075,0.7535254013562248,3000.0,0.75
20,Zprime_3500GeV_015,0.8653032794052664,3500.0,0.15
21,Zprime_3500GeV_030,0.8507182756106959,3500.0,0.3
22,Zprime_3500GeV_045,0.8199016226325303,3500.0,0.45
23,Zprime_3500GeV_060,0.7893071669808517,3500.0,0.6
24,Zprime_3500GeV_075,0.7440522894776423,3500.0,0.75
25,Zprime_4000GeV_015,0.8579029309867874,4000.0,0.15
26,Zprime_4000GeV_030,0.8487504819522865,4000.0,0.3
27,Zprime_4000GeV_045,0.8144621058548525,4000.0,0.45
28,Zprime_4000GeV_060,0.7773847418038329,4000.0,0.6
29,Zprime_4000GeV_075,0.7325115716093686,4000.0,0.75
