,name,auc,mass,nu
0,Zprime_1500GeV_015,0.8125533096598738,1500.0,0.15
1,Zprime_1500GeV_030,0.8096571965554009,1500.0,0.3
2,Zprime_1500GeV_045,0.7678402605892667,1500.0,0.45
3,Zprime_1500GeV_060,0.7533800543162957,1500.0,0.6
4,Zprime_1500GeV_075,0.6887943166225897,1500.0,0.75
5,Zprime_2000GeV_015,0.8431666008032535,2000.0,0.15
6,Zprime_2000GeV_030,0.8219560350290646,2000.0,0.3
7,Zprime_2000GeV_045,0.7903106672165908,2000.0,0.45
8,Zprime_2000GeV_060,0.7563241650203179,2000.0,0.6
9,Zprime_2000GeV_075,0.7151874708232097,2000.0,0.75
10,Zprime_2500GeV_015,0.8322426496409848,2500.0,0.15
11,Zprime_2500GeV_030,0.8106638875455499,2500.0,0.3
12,Zprime_2500GeV_045,0.7834440667608432,2500.0,0.45
13,Zprime_2500GeV_060,0.7496033911551507,2500.0,0.6
14,Zprime_2500GeV_075,0.6989019392730506,2500.0,0.75
15,Zprime_3000GeV_015,0.8185290489164165,3000.0,0.15
16,Zprime_3000GeV_030,0.7952664842280415,3000.0,0.3
17,Zprime_3000GeV_045,0.7686721379859334,3000.0,0.45
18,Zprime_3000GeV_060,0.7302186103094581,3000.0,0.6
19,Zprime_3000GeV_075,0.6926565468566022,3000.0,0.75
20,Zprime_3500GeV_015,0.8029419166616519,3500.0,0.15
21,Zprime_3500GeV_030,0.7846439151135096,3500.0,0.3
22,Zprime_3500GeV_045,0.7559449887515,3500.0,0.45
23,Zprime_3500GeV_060,0.7260296773537283,3500.0,0.6
24,Zprime_3500GeV_075,0.6871985539010292,3500.0,0.75
25,Zprime_4000GeV_015,0.7906871842825909,4000.0,0.15
26,Zprime_4000GeV_030,0.7757734766751739,4000.0,0.3
27,Zprime_4000GeV_045,0.7435465353433283,4000.0,0.45
28,Zprime_4000GeV_060,0.7112761387739043,4000.0,0.6
29,Zprime_4000GeV_075,0.6721867848086577,4000.0,0.75
