,name,auc,mass,nu
0,Zprime_1500GeV_015,0.8220417284428114,1500.0,0.15
1,Zprime_1500GeV_030,0.8065802557981514,1500.0,0.3
2,Zprime_1500GeV_045,0.7693269512595414,1500.0,0.45
3,Zprime_1500GeV_060,0.7521144203793259,1500.0,0.6
4,Zprime_1500GeV_075,0.6962389873818997,1500.0,0.75
5,Zprime_2000GeV_015,0.840701194589826,2000.0,0.15
6,Zprime_2000GeV_030,0.8218667490115348,2000.0,0.3
7,Zprime_2000GeV_045,0.7896572044343055,2000.0,0.45
8,Zprime_2000GeV_060,0.7546148882598515,2000.0,0.6
9,Zprime_2000GeV_075,0.7167677433644646,2000.0,0.75
10,Zprime_2500GeV_015,0.8241756988722025,2500.0,0.15
11,Zprime_2500GeV_030,0.8043224509575237,2500.0,0.3
12,Zprime_2500GeV_045,0.7800924754803803,2500.0,0.45
13,Zprime_2500GeV_060,0.745390915180351,2500.0,0.6
14,Zprime_2500GeV_075,0.6995847114843028,2500.0,0.75
15,Zprime_3000GeV_015,0.8129477538845981,3000.0,0.15
16,Zprime_3000GeV_030,0.789337788178907,3000.0,0.3
17,Zprime_3000GeV_045,0.7633545137798103,3000.0,0.45
18,Zprime_3000GeV_060,0.727659790131115,3000.0,0.6
19,Zprime_3000GeV_075,0.6906505483010187,3000.0,0.75
20,Zprime_3500GeV_015,0.7990172529501132,3500.0,0.15
21,Zprime_3500GeV_030,0.7833694226735662,3500.0,0.3
22,Zprime_3500GeV_045,0.7527634343795716,3500.0,0.45
23,Zprime_3500GeV_060,0.7240986622533547,3500.0,0.6
24,Zprime_3500GeV_075,0.6870509894926835,3500.0,0.75
25,Zprime_4000GeV_015,0.7961084297735506,4000.0,0.15
26,Zprime_4000GeV_030,0.778949822184574,4000.0,0.3
27,Zprime_4000GeV_045,0.7453413245023193,4000.0,0.45
28,Zprime_4000GeV_060,0.7131840332536185,4000.0,0.6
29,Zprime_4000GeV_075,0.6710588519693774,4000.0,0.75
