,name,auc,mass,nu
0,Zprime_1500GeV_015,0.8299303903131268,1500.0,0.15
1,Zprime_1500GeV_030,0.8152644054219993,1500.0,0.3
2,Zprime_1500GeV_045,0.7814891966741967,1500.0,0.45
3,Zprime_1500GeV_060,0.7645228826313976,1500.0,0.6
4,Zprime_1500GeV_075,0.7122233468201365,1500.0,0.75
5,Zprime_2000GeV_015,0.8515592926690957,2000.0,0.15
6,Zprime_2000GeV_030,0.8331614430292998,2000.0,0.3
7,Zprime_2000GeV_045,0.8021722479595094,2000.0,0.45
8,Zprime_2000GeV_060,0.7685003822675712,2000.0,0.6
9,Zprime_2000GeV_075,0.7318174140594209,2000.0,0.75
10,Zprime_2500GeV_015,0.8440803229789939,2500.0,0.15
11,Zprime_2500GeV_030,0.8230997151460533,2500.0,0.3
12,Zprime_2500GeV_045,0.7993689022078967,2500.0,0.45
13,Zprime_2500GeV_060,0.7650039596567769,2500.0,0.6
14,Zprime_2500GeV_075,0.7149670426520197,2500.0,0.75
15,Zprime_3000GeV_015,0.8389364207974044,3000.0,0.15
16,Zprime_3000GeV_030,0.8151973543325888,3000.0,0.3
17,Zprime_3000GeV_045,0.788858369096928,3000.0,0.45
18,Zprime_3000GeV_060,0.7498690083808929,3000.0,0.6
19,Zprime_3000GeV_075,0.7112147886769039,3000.0,0.75
20,Zprime_3500GeV_015,0.8314580423046415,3500.0,0.15
21,Zprime_3500GeV_030,0.8136039154822658,3500.0,0.3
22,Zprime_3500GeV_045,0.7831033622229764,3500.0,0.45
23,Zprime_3500GeV_060,0.7503507620645643,3500.0,0.6
24,Zprime_3500GeV_075,0.7090792238767485,3500.0,0.75
25,Zprime_4000GeV_015,0.8284841930665958,4000.0,0.15
26,Zprime_4000GeV_030,0.8121524098824884,4000.0,0.3
27,Zprime_4000GeV_045,0.7798649833484141,4000.0,0.45
28,Zprime_4000GeV_060,0.7402588425797993,4000.0,0.6
29,Zprime_4000GeV_075,0.6957451191724643,4000.0,0.75
