,name,auc,mass,nu
0,Zprime_1500GeV_015,0.8415144100740193,1500.0,0.15
1,Zprime_1500GeV_030,0.8287595649550403,1500.0,0.3
2,Zprime_1500GeV_045,0.7953892273238767,1500.0,0.45
3,Zprime_1500GeV_060,0.7776109992546978,1500.0,0.6
4,Zprime_1500GeV_075,0.726531134479307,1500.0,0.75
5,Zprime_2000GeV_015,0.8607598338769998,2000.0,0.15
6,Zprime_2000GeV_030,0.8439656399619467,2000.0,0.3
7,Zprime_2000GeV_045,0.8152852769596419,2000.0,0.45
8,Zprime_2000GeV_060,0.7846262607514759,2000.0,0.6
9,Zprime_2000GeV_075,0.7447979975598706,2000.0,0.75
10,Zprime_2500GeV_015,0.854680822283381,2500.0,0.15
11,Zprime_2500GeV_030,0.8349154051477141,2500.0,0.3
12,Zprime_2500GeV_045,0.811766349342043,2500.0,0.45
13,Zprime_2500GeV_060,0.7779079712829136,2500.0,0.6
14,Zprime_2500GeV_075,0.7271215965066601,2500.0,0.75
15,Zprime_3000GeV_015,0.8468725353134284,3000.0,0.15
16,Zprime_3000GeV_030,0.8239984213092376,3000.0,0.3
17,Zprime_3000GeV_045,0.7995446098177028,3000.0,0.45
18,Zprime_3000GeV_060,0.7631368254116537,3000.0,0.6
19,Zprime_3000GeV_075,0.7232186029486147,3000.0,0.75
20,Zprime_3500GeV_015,0.8371634461925802,3500.0,0.15
21,Zprime_3500GeV_030,0.82025517927108,3500.0,0.3
22,Zprime_3500GeV_045,0.7887784044571593,3500.0,0.45
23,Zprime_3500GeV_060,0.7586291421802094,3500.0,0.6
24,Zprime_3500GeV_075,0.7187139495906658,3500.0,0.75
25,Zprime_4000GeV_015,0.8276175853779596,4000.0,0.15
26,Zprime_4000GeV_030,0.8151619635840787,4000.0,0.3
27,Zprime_4000GeV_045,0.7826054414702613,4000.0,0.45
28,Zprime_4000GeV_060,0.7487255088744056,4000.0,0.6
29,Zprime_4000GeV_075,0.7003475377567798,4000.0,0.75
