,name,auc,mass,nu
0,Zprime_1500GeV_015,0.8381507048319454,1500.0,0.15
1,Zprime_1500GeV_030,0.824010243127657,1500.0,0.3
2,Zprime_1500GeV_045,0.7931203164109982,1500.0,0.45
3,Zprime_1500GeV_060,0.7766509672435699,1500.0,0.6
4,Zprime_1500GeV_075,0.7299197182198536,1500.0,0.75
5,Zprime_2000GeV_015,0.8533298803177131,2000.0,0.15
6,Zprime_2000GeV_030,0.8379383516359002,2000.0,0.3
7,Zprime_2000GeV_045,0.8079070612961972,2000.0,0.45
8,Zprime_2000GeV_060,0.7768477593212466,2000.0,0.6
9,Zprime_2000GeV_075,0.7418047727857303,2000.0,0.75
10,Zprime_2500GeV_015,0.8433478938223214,2500.0,0.15
11,Zprime_2500GeV_030,0.8245907834784811,2500.0,0.3
12,Zprime_2500GeV_045,0.8025208659813724,2500.0,0.45
13,Zprime_2500GeV_060,0.7710508646383137,2500.0,0.6
14,Zprime_2500GeV_075,0.7228037220650503,2500.0,0.75
15,Zprime_3000GeV_015,0.8352139633438922,3000.0,0.15
16,Zprime_3000GeV_030,0.8140913417068718,3000.0,0.3
17,Zprime_3000GeV_045,0.7900441564194002,3000.0,0.45
18,Zprime_3000GeV_060,0.753545468091351,3000.0,0.6
19,Zprime_3000GeV_075,0.7177490097646858,3000.0,0.75
20,Zprime_3500GeV_015,0.8267204457503043,3500.0,0.15
21,Zprime_3500GeV_030,0.811607221668034,3500.0,0.3
22,Zprime_3500GeV_045,0.7809106663290685,3500.0,0.45
23,Zprime_3500GeV_060,0.7531318632213321,3500.0,0.6
24,Zprime_3500GeV_075,0.7145324351619072,3500.0,0.75
25,Zprime_4000GeV_015,0.8211295085865479,4000.0,0.15
26,Zprime_4000GeV_030,0.8083307533375763,4000.0,0.3
27,Zprime_4000GeV_045,0.7773575260386554,4000.0,0.45
28,Zprime_4000GeV_060,0.7408888794679042,4000.0,0.6
29,Zprime_4000GeV_075,0.7006010244423815,4000.0,0.75
