,name,auc,mass,nu
0,Zprime_1500GeV_015,0.8335855761927584,1500.0,0.15
1,Zprime_1500GeV_030,0.8193913645139509,1500.0,0.3
2,Zprime_1500GeV_045,0.7854563041098354,1500.0,0.45
3,Zprime_1500GeV_060,0.7623226565614297,1500.0,0.6
4,Zprime_1500GeV_075,0.7141206523337639,1500.0,0.75
5,Zprime_2000GeV_015,0.8530867861040023,2000.0,0.15
6,Zprime_2000GeV_030,0.8372572673467765,2000.0,0.3
7,Zprime_2000GeV_045,0.8078937980838984,2000.0,0.45
8,Zprime_2000GeV_060,0.7735084933023191,2000.0,0.6
9,Zprime_2000GeV_075,0.7360562934240626,2000.0,0.75
10,Zprime_2500GeV_015,0.8505195164310915,2500.0,0.15
11,Zprime_2500GeV_030,0.8302984223362457,2500.0,0.3
12,Zprime_2500GeV_045,0.8056375463626453,2500.0,0.45
13,Zprime_2500GeV_060,0.7702388315840276,2500.0,0.6
14,Zprime_2500GeV_075,0.7176810743850761,2500.0,0.75
15,Zprime_3000GeV_015,0.8455824035352585,3000.0,0.15
16,Zprime_3000GeV_030,0.8221353900651696,3000.0,0.3
17,Zprime_3000GeV_045,0.7958063864991529,3000.0,0.45
18,Zprime_3000GeV_060,0.7555102271805143,3000.0,0.6
19,Zprime_3000GeV_075,0.7168955026765141,3000.0,0.75
20,Zprime_3500GeV_015,0.838728038836154,3500.0,0.15
21,Zprime_3500GeV_030,0.8214599537472395,3500.0,0.3
22,Zprime_3500GeV_045,0.7888000715964114,3500.0,0.45
23,Zprime_3500GeV_060,0.7551192348512468,3500.0,0.6
24,Zprime_3500GeV_075,0.7110883882335246,3500.0,0.75
25,Zprime_4000GeV_015,0.8321832370649326,4000.0,0.15
26,Zprime_4000GeV_030,0.8189303178706093,4000.0,0.3
27,Zprime_4000GeV_045,0.7850165019389742,4000.0,0.45
28,Zprime_4000GeV_060,0.7463148546691075,4000.0,0.6
29,Zprime_4000GeV_075,0.6961521805247702,4000.0,0.75
