,name,auc,mass,nu
0,Zprime_1500GeV_015,0.8314653348243689,1500.0,0.15
1,Zprime_1500GeV_030,0.8158679447063437,1500.0,0.3
2,Zprime_1500GeV_045,0.78445483597809,1500.0,0.45
3,Zprime_1500GeV_060,0.7702737503360544,1500.0,0.6
4,Zprime_1500GeV_075,0.7122154634724738,1500.0,0.75
5,Zprime_2000GeV_015,0.8508555191409835,2000.0,0.15
6,Zprime_2000GeV_030,0.8330860068833605,2000.0,0.3
7,Zprime_2000GeV_045,0.8056033221351889,2000.0,0.45
8,Zprime_2000GeV_060,0.770131640683936,2000.0,0.6
9,Zprime_2000GeV_075,0.733511515182176,2000.0,0.75
10,Zprime_2500GeV_015,0.8464022200686762,2500.0,0.15
11,Zprime_2500GeV_030,0.8272456535368478,2500.0,0.3
12,Zprime_2500GeV_045,0.8037945985413502,2500.0,0.45
13,Zprime_2500GeV_060,0.7724604254161926,2500.0,0.6
14,Zprime_2500GeV_075,0.7224191986723253,2500.0,0.75
15,Zprime_3000GeV_015,0.8456245949373912,3000.0,0.15
16,Zprime_3000GeV_030,0.8221759950186152,3000.0,0.3
17,Zprime_3000GeV_045,0.7966233359135168,3000.0,0.45
18,Zprime_3000GeV_060,0.7610420326610701,3000.0,0.6
19,Zprime_3000GeV_075,0.7246233405605973,3000.0,0.75
20,Zprime_3500GeV_015,0.8372446323646691,3500.0,0.15
21,Zprime_3500GeV_030,0.8217222990300294,3500.0,0.3
22,Zprime_3500GeV_045,0.791559628209001,3500.0,0.45
23,Zprime_3500GeV_060,0.7633982937230357,3500.0,0.6
24,Zprime_3500GeV_075,0.7233182706976944,3500.0,0.75
25,Zprime_4000GeV_015,0.8386552600180798,4000.0,0.15
26,Zprime_4000GeV_030,0.8221564474623586,4000.0,0.3
27,Zprime_4000GeV_045,0.7917839020131656,4000.0,0.45
28,Zprime_4000GeV_060,0.7563360943816098,4000.0,0.6
29,Zprime_4000GeV_075,0.7095221922987817,4000.0,0.75
