,name,auc,mass,nu
0,Zprime_1500GeV_015,0.8506125530994575,1500.0,0.15
1,Zprime_1500GeV_030,0.8384680405540358,1500.0,0.3
2,Zprime_1500GeV_045,0.8074414369835005,1500.0,0.45
3,Zprime_1500GeV_060,0.7846906694072747,1500.0,0.6
4,Zprime_1500GeV_075,0.7382917636737013,1500.0,0.75
5,Zprime_2000GeV_015,0.8654849214026517,2000.0,0.15
6,Zprime_2000GeV_030,0.8520431359584122,2000.0,0.3
7,Zprime_2000GeV_045,0.8220268299097132,2000.0,0.45
8,Zprime_2000GeV_060,0.7902740552632634,2000.0,0.6
9,Zprime_2000GeV_075,0.752083094773831,2000.0,0.75
10,Zprime_2500GeV_015,0.8618165833590701,2500.0,0.15
11,Zprime_2500GeV_030,0.842157919838222,2500.0,0.3
12,Zprime_2500GeV_045,0.8187037440691092,2500.0,0.45
13,Zprime_2500GeV_060,0.7856001705228716,2500.0,0.6
14,Zprime_2500GeV_075,0.7357179880346595,2500.0,0.75
15,Zprime_3000GeV_015,0.8575037214927488,3000.0,0.15
16,Zprime_3000GeV_030,0.8347474327053386,3000.0,0.3
17,Zprime_3000GeV_045,0.8114299280827498,3000.0,0.45
18,Zprime_3000GeV_060,0.7715619359417818,3000.0,0.6
19,Zprime_3000GeV_075,0.7341370647412846,3000.0,0.75
20,Zprime_3500GeV_015,0.8475158638023699,3500.0,0.15
21,Zprime_3500GeV_030,0.8330871913991108,3500.0,0.3
22,Zprime_3500GeV_045,0.8029248610764406,3500.0,0.45
23,Zprime_3500GeV_060,0.7718361551730385,3500.0,0.6
24,Zprime_3500GeV_075,0.7266703410043189,3500.0,0.75
25,Zprime_4000GeV_015,0.8476503436666833,4000.0,0.15
26,Zprime_4000GeV_030,0.8317473547099222,4000.0,0.3
27,Zprime_4000GeV_045,0.8005240949639388,4000.0,0.45
28,Zprime_4000GeV_060,0.7631913114763416,4000.0,0.6
29,Zprime_4000GeV_075,0.715842846782982,4000.0,0.75
