,name,auc,mass,nu
0,Zprime_1500GeV_015,0.8221927238211617,1500.0,0.15
1,Zprime_1500GeV_030,0.8129201922660317,1500.0,0.3
2,Zprime_1500GeV_045,0.7755326054501083,1500.0,0.45
3,Zprime_1500GeV_060,0.7572271352088559,1500.0,0.6
4,Zprime_1500GeV_075,0.6906618328490306,1500.0,0.75
5,Zprime_2000GeV_015,0.849579186222609,2000.0,0.15
6,Zprime_2000GeV_030,0.828947378526514,2000.0,0.3
7,Zprime_2000GeV_045,0.7991273471845005,2000.0,0.45
8,Zprime_2000GeV_060,0.7632108389543778,2000.0,0.6
9,Zprime_2000GeV_075,0.7244679907773011,2000.0,0.75
10,Zprime_2500GeV_015,0.842210028649539,2500.0,0.15
11,Zprime_2500GeV_030,0.8226816625273079,2500.0,0.3
12,Zprime_2500GeV_045,0.7961063967644771,2500.0,0.45
13,Zprime_2500GeV_060,0.7631110424097154,2500.0,0.6
14,Zprime_2500GeV_075,0.7077854024016577,2500.0,0.75
15,Zprime_3000GeV_015,0.8349227297080257,3000.0,0.15
16,Zprime_3000GeV_030,0.8120175113509714,3000.0,0.3
17,Zprime_3000GeV_045,0.7841528037794614,3000.0,0.45
18,Zprime_3000GeV_060,0.7455584898163277,3000.0,0.6
19,Zprime_3000GeV_075,0.7062226378938755,3000.0,0.75
20,Zprime_3500GeV_015,0.8246680179356443,3500.0,0.15
21,Zprime_3500GeV_030,0.8058450973086968,3500.0,0.3
22,Zprime_3500GeV_045,0.7745714286351946,3500.0,0.45
23,Zprime_3500GeV_060,0.7438879689656348,3500.0,0.6
24,Zprime_3500GeV_075,0.7035060594340231,3500.0,0.75
25,Zprime_4000GeV_015,0.8153736524688354,4000.0,0.15
26,Zprime_4000GeV_030,0.7991853114864438,4000.0,0.3
27,Zprime_4000GeV_045,0.769008442950367,4000.0,0.45
28,Zprime_4000GeV_060,0.7315507294171836,4000.0,0.6
29,Zprime_4000GeV_075,0.6839873557368688,4000.0,0.75
