,name,auc,mass,nu
0,Zprime_1500GeV_015,0.8396474625769691,1500.0,0.15
1,Zprime_1500GeV_030,0.8191107960219508,1500.0,0.3
2,Zprime_1500GeV_045,0.7879884991770927,1500.0,0.45
3,Zprime_1500GeV_060,0.7760325410536034,1500.0,0.6
4,Zprime_1500GeV_075,0.7266173629546284,1500.0,0.75
5,Zprime_2000GeV_015,0.8544593791813325,2000.0,0.15
6,Zprime_2000GeV_030,0.839597614040039,2000.0,0.3
7,Zprime_2000GeV_045,0.8135145953332128,2000.0,0.45
8,Zprime_2000GeV_060,0.7825475195731345,2000.0,0.6
9,Zprime_2000GeV_075,0.7455628612561508,2000.0,0.75
10,Zprime_2500GeV_015,0.8496900935156936,2500.0,0.15
11,Zprime_2500GeV_030,0.8312009013481696,2500.0,0.3
12,Zprime_2500GeV_045,0.8088755803884231,2500.0,0.45
13,Zprime_2500GeV_060,0.7786323301161168,2500.0,0.6
14,Zprime_2500GeV_075,0.7347218337292236,2500.0,0.75
15,Zprime_3000GeV_015,0.8502086079134448,3000.0,0.15
16,Zprime_3000GeV_030,0.8275341660276136,3000.0,0.3
17,Zprime_3000GeV_045,0.8038576623954077,3000.0,0.45
18,Zprime_3000GeV_060,0.7705121840819251,3000.0,0.6
19,Zprime_3000GeV_075,0.7367528191574864,3000.0,0.75
20,Zprime_3500GeV_015,0.8460984652186267,3500.0,0.15
21,Zprime_3500GeV_030,0.8272012582792541,3500.0,0.3
22,Zprime_3500GeV_045,0.7994257110792434,3500.0,0.45
23,Zprime_3500GeV_060,0.7692138829539463,3500.0,0.6
24,Zprime_3500GeV_075,0.7284761168052601,3500.0,0.75
25,Zprime_4000GeV_015,0.8488945778099584,4000.0,0.15
26,Zprime_4000GeV_030,0.8324624239884828,4000.0,0.3
27,Zprime_4000GeV_045,0.8010485423954445,4000.0,0.45
28,Zprime_4000GeV_060,0.76568135283839,4000.0,0.6
29,Zprime_4000GeV_075,0.7209690579584187,4000.0,0.75
