,name,auc,mass,nu
0,Zprime_1500GeV_015,0.8532682266486173,1500.0,0.15
1,Zprime_1500GeV_030,0.8402685531859584,1500.0,0.3
2,Zprime_1500GeV_045,0.8095057055515673,1500.0,0.45
3,Zprime_1500GeV_060,0.7818454454102255,1500.0,0.6
4,Zprime_1500GeV_075,0.7308103969774827,1500.0,0.75
5,Zprime_2000GeV_015,0.8697407392292583,2000.0,0.15
6,Zprime_2000GeV_030,0.8541195585428952,2000.0,0.3
7,Zprime_2000GeV_045,0.8243638554551355,2000.0,0.45
8,Zprime_2000GeV_060,0.7916169358996877,2000.0,0.6
9,Zprime_2000GeV_075,0.754185251641856,2000.0,0.75
10,Zprime_2500GeV_015,0.8647129114026657,2500.0,0.15
11,Zprime_2500GeV_030,0.845490966617299,2500.0,0.3
12,Zprime_2500GeV_045,0.8223248519224431,2500.0,0.45
13,Zprime_2500GeV_060,0.7874235167057401,2500.0,0.6
14,Zprime_2500GeV_075,0.7355861781520642,2500.0,0.75
15,Zprime_3000GeV_015,0.8651147222729724,3000.0,0.15
16,Zprime_3000GeV_030,0.8398983315248787,3000.0,0.3
17,Zprime_3000GeV_045,0.8154270768600789,3000.0,0.45
18,Zprime_3000GeV_060,0.7754236755822698,3000.0,0.6
19,Zprime_3000GeV_075,0.7360397750364635,3000.0,0.75
20,Zprime_3500GeV_015,0.8576075119142839,3500.0,0.15
21,Zprime_3500GeV_030,0.8413016637550528,3500.0,0.3
22,Zprime_3500GeV_045,0.8095727950598476,3500.0,0.45
23,Zprime_3500GeV_060,0.7750364310827981,3500.0,0.6
24,Zprime_3500GeV_075,0.7316322439244505,3500.0,0.75
25,Zprime_4000GeV_015,0.858855217886887,4000.0,0.15
26,Zprime_4000GeV_030,0.8448281601770316,4000.0,0.3
27,Zprime_4000GeV_045,0.8078548354425403,4000.0,0.45
28,Zprime_4000GeV_060,0.7703748720764249,4000.0,0.6
29,Zprime_4000GeV_075,0.7182218954806575,4000.0,0.75
