,name,auc,mass,nu
0,Zprime_1500GeV_015,0.8258224518566475,1500.0,0.15
1,Zprime_1500GeV_030,0.8098903431600993,1500.0,0.3
2,Zprime_1500GeV_045,0.7834371699682334,1500.0,0.45
3,Zprime_1500GeV_060,0.7628323703908277,1500.0,0.6
4,Zprime_1500GeV_075,0.7172501320635144,1500.0,0.75
5,Zprime_2000GeV_015,0.8429371782892406,2000.0,0.15
6,Zprime_2000GeV_030,0.8251702292581278,2000.0,0.3
7,Zprime_2000GeV_045,0.7955020311254791,2000.0,0.45
8,Zprime_2000GeV_060,0.7676255559085954,2000.0,0.6
9,Zprime_2000GeV_075,0.7358963848931022,2000.0,0.75
10,Zprime_2500GeV_015,0.8327672833497375,2500.0,0.15
11,Zprime_2500GeV_030,0.8130213905520179,2500.0,0.3
12,Zprime_2500GeV_045,0.7900750644187217,2500.0,0.45
13,Zprime_2500GeV_060,0.7590627666463834,2500.0,0.6
14,Zprime_2500GeV_075,0.7186197710163331,2500.0,0.75
15,Zprime_3000GeV_015,0.8261296688142312,3000.0,0.15
16,Zprime_3000GeV_030,0.8009970125859032,3000.0,0.3
17,Zprime_3000GeV_045,0.7794871327502568,3000.0,0.45
18,Zprime_3000GeV_060,0.7460977836157416,3000.0,0.6
19,Zprime_3000GeV_075,0.7145817010031861,3000.0,0.75
20,Zprime_3500GeV_015,0.8129548494849753,3500.0,0.15
21,Zprime_3500GeV_030,0.7967144049918905,3500.0,0.3
22,Zprime_3500GeV_045,0.7708797572715013,3500.0,0.45
23,Zprime_3500GeV_060,0.7450149282199562,3500.0,0.6
24,Zprime_3500GeV_075,0.7073486323298739,3500.0,0.75
25,Zprime_4000GeV_015,0.8119825566852923,4000.0,0.15
26,Zprime_4000GeV_030,0.7976567302026559,4000.0,0.3
27,Zprime_4000GeV_045,0.7676414081267687,4000.0,0.45
28,Zprime_4000GeV_060,0.7347363534859974,4000.0,0.6
29,Zprime_4000GeV_075,0.6967395154877425,4000.0,0.75
