,name,auc,mass,nu
0,Zprime_1500GeV_015,0.8641136185919804,1500.0,0.15
1,Zprime_1500GeV_030,0.850621451284116,1500.0,0.3
2,Zprime_1500GeV_045,0.8175646715383296,1500.0,0.45
3,Zprime_1500GeV_060,0.8018629105333384,1500.0,0.6
4,Zprime_1500GeV_075,0.7520096955409274,1500.0,0.75
5,Zprime_2000GeV_015,0.875172471339959,2000.0,0.15
6,Zprime_2000GeV_030,0.861744616867239,2000.0,0.3
7,Zprime_2000GeV_045,0.831989936311861,2000.0,0.45
8,Zprime_2000GeV_060,0.800768959064302,2000.0,0.6
9,Zprime_2000GeV_075,0.7656351557783351,2000.0,0.75
10,Zprime_2500GeV_015,0.8699386455846853,2500.0,0.15
11,Zprime_2500GeV_030,0.8507081051026797,2500.0,0.3
12,Zprime_2500GeV_045,0.8270024231326661,2500.0,0.45
13,Zprime_2500GeV_060,0.7963856040731304,2500.0,0.6
14,Zprime_2500GeV_075,0.7467500782472996,2500.0,0.75
15,Zprime_3000GeV_015,0.8652302229884452,3000.0,0.15
16,Zprime_3000GeV_030,0.8423005133153361,3000.0,0.3
17,Zprime_3000GeV_045,0.8183565762445899,3000.0,0.45
18,Zprime_3000GeV_060,0.7811519290818347,3000.0,0.6
19,Zprime_3000GeV_075,0.7451470384862702,3000.0,0.75
20,Zprime_3500GeV_015,0.8559909698580451,3500.0,0.15
21,Zprime_3500GeV_030,0.8418602857908114,3500.0,0.3
22,Zprime_3500GeV_045,0.810021053763928,3500.0,0.45
23,Zprime_3500GeV_060,0.7796256595285639,3500.0,0.6
24,Zprime_3500GeV_075,0.7386096499709921,3500.0,0.75
25,Zprime_4000GeV_015,0.8513934784480481,4000.0,0.15
26,Zprime_4000GeV_030,0.8386546691567787,4000.0,0.3
27,Zprime_4000GeV_045,0.8048537792096672,4000.0,0.45
28,Zprime_4000GeV_060,0.7702199549052278,4000.0,0.6
29,Zprime_4000GeV_075,0.7202888340808062,4000.0,0.75
