,name,auc,mass,nu
0,Zprime_1500GeV_015,0.8152336235994682,1500.0,0.15
1,Zprime_1500GeV_030,0.8064128261542673,1500.0,0.3
2,Zprime_1500GeV_045,0.7729595038771131,1500.0,0.45
3,Zprime_1500GeV_060,0.7538087054831777,1500.0,0.6
4,Zprime_1500GeV_075,0.6961941988049123,1500.0,0.75
5,Zprime_2000GeV_015,0.8417138915656937,2000.0,0.15
6,Zprime_2000GeV_030,0.8214271542579241,2000.0,0.3
7,Zprime_2000GeV_045,0.7920931383650633,2000.0,0.45
8,Zprime_2000GeV_060,0.7578222036971657,2000.0,0.6
9,Zprime_2000GeV_075,0.721690410193601,2000.0,0.75
10,Zprime_2500GeV_015,0.8362437399037495,2500.0,0.15
11,Zprime_2500GeV_030,0.8136183802717398,2500.0,0.3
12,Zprime_2500GeV_045,0.7887686962970458,2500.0,0.45
13,Zprime_2500GeV_060,0.7554825348867311,2500.0,0.6
14,Zprime_2500GeV_075,0.706516957519554,2500.0,0.75
15,Zprime_3000GeV_015,0.8323981716652304,3000.0,0.15
16,Zprime_3000GeV_030,0.8052341311644897,3000.0,0.3
17,Zprime_3000GeV_045,0.7813794940296808,3000.0,0.45
18,Zprime_3000GeV_060,0.745213224889613,3000.0,0.6
19,Zprime_3000GeV_075,0.7102517759557709,3000.0,0.75
20,Zprime_3500GeV_015,0.8214171994524424,3500.0,0.15
21,Zprime_3500GeV_030,0.8043467864550855,3500.0,0.3
22,Zprime_3500GeV_045,0.7765357919380312,3500.0,0.45
23,Zprime_3500GeV_060,0.7457859161210554,3500.0,0.6
24,Zprime_3500GeV_075,0.7076546230043619,3500.0,0.75
25,Zprime_4000GeV_015,0.8228629001859743,4000.0,0.15
26,Zprime_4000GeV_030,0.8043944345178918,4000.0,0.3
27,Zprime_4000GeV_045,0.772348293439398,4000.0,0.45
28,Zprime_4000GeV_060,0.7365164843936524,4000.0,0.6
29,Zprime_4000GeV_075,0.6949566085028221,4000.0,0.75
