,name,auc,mass,nu
0,Zprime_1500GeV_015,0.8264239810089153,1500.0,0.15
1,Zprime_1500GeV_030,0.8126642593784379,1500.0,0.3
2,Zprime_1500GeV_045,0.7823408756144624,1500.0,0.45
3,Zprime_1500GeV_060,0.7620622750969249,1500.0,0.6
4,Zprime_1500GeV_075,0.707516778972977,1500.0,0.75
5,Zprime_2000GeV_015,0.8530985209795764,2000.0,0.15
6,Zprime_2000GeV_030,0.8364748648041755,2000.0,0.3
7,Zprime_2000GeV_045,0.8072790220477372,2000.0,0.45
8,Zprime_2000GeV_060,0.7744414777762222,2000.0,0.6
9,Zprime_2000GeV_075,0.7362990687996991,2000.0,0.75
10,Zprime_2500GeV_015,0.848809723320643,2500.0,0.15
11,Zprime_2500GeV_030,0.8303085321484289,2500.0,0.3
12,Zprime_2500GeV_045,0.8066842957540514,2500.0,0.45
13,Zprime_2500GeV_060,0.7729557295328767,2500.0,0.6
14,Zprime_2500GeV_075,0.7207066050204485,2500.0,0.75
15,Zprime_3000GeV_015,0.8449107711623606,3000.0,0.15
16,Zprime_3000GeV_030,0.82168450830888,3000.0,0.3
17,Zprime_3000GeV_045,0.7984342880881268,3000.0,0.45
18,Zprime_3000GeV_060,0.7612956004228981,3000.0,0.6
19,Zprime_3000GeV_075,0.7222541330307891,3000.0,0.75
20,Zprime_3500GeV_015,0.8363688319688214,3500.0,0.15
21,Zprime_3500GeV_030,0.8199473859143378,3500.0,0.3
22,Zprime_3500GeV_045,0.7906349993150208,3500.0,0.45
23,Zprime_3500GeV_060,0.7597016625558427,3500.0,0.6
24,Zprime_3500GeV_075,0.7199356453726982,3500.0,0.75
25,Zprime_4000GeV_015,0.8296299542699984,4000.0,0.15
26,Zprime_4000GeV_030,0.816652317804634,4000.0,0.3
27,Zprime_4000GeV_045,0.7869487534490737,4000.0,0.45
28,Zprime_4000GeV_060,0.7499537953606122,4000.0,0.6
29,Zprime_4000GeV_075,0.7028692641617762,4000.0,0.75
