,name,auc,mass,nu
0,Zprime_1500GeV_015,0.8240885157563036,1500.0,0.15
1,Zprime_1500GeV_030,0.8080470319446513,1500.0,0.3
2,Zprime_1500GeV_045,0.7743126032340188,1500.0,0.45
3,Zprime_1500GeV_060,0.7533877078389536,1500.0,0.6
4,Zprime_1500GeV_075,0.6966789200399721,1500.0,0.75
5,Zprime_2000GeV_015,0.8443597186428003,2000.0,0.15
6,Zprime_2000GeV_030,0.825705117613741,2000.0,0.3
7,Zprime_2000GeV_045,0.7954479039085499,2000.0,0.45
8,Zprime_2000GeV_060,0.7601111648434447,2000.0,0.6
9,Zprime_2000GeV_075,0.7178872844090746,2000.0,0.75
10,Zprime_2500GeV_015,0.8381798492790351,2500.0,0.15
11,Zprime_2500GeV_030,0.8173545400071365,2500.0,0.3
12,Zprime_2500GeV_045,0.793101398091282,2500.0,0.45
13,Zprime_2500GeV_060,0.7575687002449341,2500.0,0.6
14,Zprime_2500GeV_075,0.7045172109782118,2500.0,0.75
15,Zprime_3000GeV_015,0.8360180735862577,3000.0,0.15
16,Zprime_3000GeV_030,0.811063499002652,3000.0,0.3
17,Zprime_3000GeV_045,0.7862002113471263,3000.0,0.45
18,Zprime_3000GeV_060,0.7467531176187239,3000.0,0.6
19,Zprime_3000GeV_075,0.7064335104464164,3000.0,0.75
20,Zprime_3500GeV_015,0.8285171310369649,3500.0,0.15
21,Zprime_3500GeV_030,0.8119890824563676,3500.0,0.3
22,Zprime_3500GeV_045,0.7789217810321512,3500.0,0.45
23,Zprime_3500GeV_060,0.7485639134511846,3500.0,0.6
24,Zprime_3500GeV_075,0.7051577601581469,3500.0,0.75
25,Zprime_4000GeV_015,0.8281175981188214,4000.0,0.15
26,Zprime_4000GeV_030,0.8126445667710469,4000.0,0.3
27,Zprime_4000GeV_045,0.7791850627769805,4000.0,0.45
28,Zprime_4000GeV_060,0.742638690847672,4000.0,0.6
29,Zprime_4000GeV_075,0.6929779882256543,4000.0,0.75
