,name,auc,mass,nu
0,Zprime_1500GeV_015,0.8336216609351484,1500.0,0.15
1,Zprime_1500GeV_030,0.8206579516069548,1500.0,0.3
2,Zprime_1500GeV_045,0.7881044650027547,1500.0,0.45
3,Zprime_1500GeV_060,0.7699064351465282,1500.0,0.6
4,Zprime_1500GeV_075,0.7146228843676146,1500.0,0.75
5,Zprime_2000GeV_015,0.8543064953994618,2000.0,0.15
6,Zprime_2000GeV_030,0.8378064834500178,2000.0,0.3
7,Zprime_2000GeV_045,0.8062665302885181,2000.0,0.45
8,Zprime_2000GeV_060,0.7724793038699581,2000.0,0.6
9,Zprime_2000GeV_075,0.735217493281575,2000.0,0.75
10,Zprime_2500GeV_015,0.8476342828378896,2500.0,0.15
11,Zprime_2500GeV_030,0.8282491800962548,2500.0,0.3
12,Zprime_2500GeV_045,0.804457596386678,2500.0,0.45
13,Zprime_2500GeV_060,0.7710776232989592,2500.0,0.6
14,Zprime_2500GeV_075,0.7180982894466985,2500.0,0.75
15,Zprime_3000GeV_015,0.8412143937176317,3000.0,0.15
16,Zprime_3000GeV_030,0.8181898774284636,3000.0,0.3
17,Zprime_3000GeV_045,0.793975194256931,3000.0,0.45
18,Zprime_3000GeV_060,0.7564872409494461,3000.0,0.6
19,Zprime_3000GeV_075,0.7137956351367729,3000.0,0.75
20,Zprime_3500GeV_015,0.8322617854083205,3500.0,0.15
21,Zprime_3500GeV_030,0.8165901448423372,3500.0,0.3
22,Zprime_3500GeV_045,0.7839360685111596,3500.0,0.45
23,Zprime_3500GeV_060,0.7539961043087665,3500.0,0.6
24,Zprime_3500GeV_075,0.7112673886417843,3500.0,0.75
25,Zprime_4000GeV_015,0.8266812113384013,4000.0,0.15
26,Zprime_4000GeV_030,0.8124430755334993,4000.0,0.3
27,Zprime_4000GeV_045,0.7800394547940519,4000.0,0.45
28,Zprime_4000GeV_060,0.7433423462460729,4000.0,0.6
29,Zprime_4000GeV_075,0.6972499028679598,4000.0,0.75
