,name,auc,mass,nu
0,Zprime_1500GeV_015,0.8219311386336098,1500.0,0.15
1,Zprime_1500GeV_030,0.8051272174685854,1500.0,0.3
2,Zprime_1500GeV_045,0.7748123215007561,1500.0,0.45
3,Zprime_1500GeV_060,0.7578750436304689,1500.0,0.6
4,Zprime_1500GeV_075,0.7099183396804747,1500.0,0.75
5,Zprime_2000GeV_015,0.8438209169577087,2000.0,0.15
6,Zprime_2000GeV_030,0.8259371264300078,2000.0,0.3
7,Zprime_2000GeV_045,0.7968849040304382,2000.0,0.45
8,Zprime_2000GeV_060,0.7642410325556296,2000.0,0.6
9,Zprime_2000GeV_075,0.72559528358911,2000.0,0.75
10,Zprime_2500GeV_015,0.8420006923057312,2500.0,0.15
11,Zprime_2500GeV_030,0.8200187157455514,2500.0,0.3
12,Zprime_2500GeV_045,0.7956864056651805,2500.0,0.45
13,Zprime_2500GeV_060,0.7606264695188549,2500.0,0.6
14,Zprime_2500GeV_075,0.71086068181788,2500.0,0.75
15,Zprime_3000GeV_015,0.8359269955663325,3000.0,0.15
16,Zprime_3000GeV_030,0.8137763119619673,3000.0,0.3
17,Zprime_3000GeV_045,0.787345740589271,3000.0,0.45
18,Zprime_3000GeV_060,0.7511213379763482,3000.0,0.6
19,Zprime_3000GeV_075,0.7131021606276333,3000.0,0.75
20,Zprime_3500GeV_015,0.8335059908822208,3500.0,0.15
21,Zprime_3500GeV_030,0.8146019040325834,3500.0,0.3
22,Zprime_3500GeV_045,0.784091188489642,3500.0,0.45
23,Zprime_3500GeV_060,0.7505383030461139,3500.0,0.6
24,Zprime_3500GeV_075,0.7071509056920002,3500.0,0.75
25,Zprime_4000GeV_015,0.832720503169232,4000.0,0.15
26,Zprime_4000GeV_030,0.8159086964469298,4000.0,0.3
27,Zprime_4000GeV_045,0.7822519104235887,4000.0,0.45
28,Zprime_4000GeV_060,0.744895468968855,4000.0,0.6
29,Zprime_4000GeV_075,0.6961182355208604,4000.0,0.75
