,name,auc,mass,nu
0,Zprime_1500GeV_015,0.8204968577079346,1500.0,0.15
1,Zprime_1500GeV_030,0.8084401448599957,1500.0,0.3
2,Zprime_1500GeV_045,0.7743788772641201,1500.0,0.45
3,Zprime_1500GeV_060,0.7533319233604269,1500.0,0.6
4,Zprime_1500GeV_075,0.7023932308693477,1500.0,0.75
5,Zprime_2000GeV_015,0.846570261587694,2000.0,0.15
6,Zprime_2000GeV_030,0.827182198312036,2000.0,0.3
7,Zprime_2000GeV_045,0.7962013874746217,2000.0,0.45
8,Zprime_2000GeV_060,0.7644418523870056,2000.0,0.6
9,Zprime_2000GeV_075,0.72305961707358,2000.0,0.75
10,Zprime_2500GeV_015,0.8382639446116928,2500.0,0.15
11,Zprime_2500GeV_030,0.8190870047604318,2500.0,0.3
12,Zprime_2500GeV_045,0.7928079197030689,2500.0,0.45
13,Zprime_2500GeV_060,0.759603521242067,2500.0,0.6
14,Zprime_2500GeV_075,0.7053727084637172,2500.0,0.75
15,Zprime_3000GeV_015,0.8304610033618393,3000.0,0.15
16,Zprime_3000GeV_030,0.8073151715574146,3000.0,0.3
17,Zprime_3000GeV_045,0.7811288365723773,3000.0,0.45
18,Zprime_3000GeV_060,0.7423198592098077,3000.0,0.6
19,Zprime_3000GeV_075,0.7053834437154431,3000.0,0.75
20,Zprime_3500GeV_015,0.8187576646075808,3500.0,0.15
21,Zprime_3500GeV_030,0.8012462904625755,3500.0,0.3
22,Zprime_3500GeV_045,0.7700596142044037,3500.0,0.45
23,Zprime_3500GeV_060,0.7415496408701243,3500.0,0.6
24,Zprime_3500GeV_075,0.7018090096478222,3500.0,0.75
25,Zprime_4000GeV_015,0.8118075504637692,4000.0,0.15
26,Zprime_4000GeV_030,0.796125425169682,4000.0,0.3
27,Zprime_4000GeV_045,0.7660191077833514,4000.0,0.45
28,Zprime_4000GeV_060,0.730104062115283,4000.0,0.6
29,Zprime_4000GeV_075,0.6855449381268695,4000.0,0.75
