,name,auc,mass,nu
0,Zprime_1500GeV_015,0.8383749207069899,1500.0,0.15
1,Zprime_1500GeV_030,0.833500564835627,1500.0,0.3
2,Zprime_1500GeV_045,0.8004521898487954,1500.0,0.45
3,Zprime_1500GeV_060,0.7816131987261951,1500.0,0.6
4,Zprime_1500GeV_075,0.7316505664987583,1500.0,0.75
5,Zprime_2000GeV_015,0.8660927423850512,2000.0,0.15
6,Zprime_2000GeV_030,0.8480401390612442,2000.0,0.3
7,Zprime_2000GeV_045,0.8168849819934066,2000.0,0.45
8,Zprime_2000GeV_060,0.785650275924691,2000.0,0.6
9,Zprime_2000GeV_075,0.7487462989844822,2000.0,0.75
10,Zprime_2500GeV_015,0.8629424370604913,2500.0,0.15
11,Zprime_2500GeV_030,0.8426318621690414,2500.0,0.3
12,Zprime_2500GeV_045,0.8170376965429683,2500.0,0.45
13,Zprime_2500GeV_060,0.7835575515781904,2500.0,0.6
14,Zprime_2500GeV_075,0.734431713796456,2500.0,0.75
15,Zprime_3000GeV_015,0.8639382277635521,3000.0,0.15
16,Zprime_3000GeV_030,0.8363286477363441,3000.0,0.3
17,Zprime_3000GeV_045,0.8121047670877527,3000.0,0.45
18,Zprime_3000GeV_060,0.7743574080468543,3000.0,0.6
19,Zprime_3000GeV_075,0.736982084770507,3000.0,0.75
20,Zprime_3500GeV_015,0.8565243885695323,3500.0,0.15
21,Zprime_3500GeV_030,0.8368420609585712,3500.0,0.3
22,Zprime_3500GeV_045,0.8069307803529002,3500.0,0.45
23,Zprime_3500GeV_060,0.7759371338959049,3500.0,0.6
24,Zprime_3500GeV_075,0.7334657921313307,3500.0,0.75
25,Zprime_4000GeV_015,0.8541796740644374,4000.0,0.15
26,Zprime_4000GeV_030,0.8369169550057819,4000.0,0.3
27,Zprime_4000GeV_045,0.8045166789247897,4000.0,0.45
28,Zprime_4000GeV_060,0.7687546760383619,4000.0,0.6
29,Zprime_4000GeV_075,0.719446758306472,4000.0,0.75
