,name,auc,mass,nu
0,Zprime_1500GeV_015,0.8975730499992057,1500.0,0.15
1,Zprime_1500GeV_030,0.8693261495118321,1500.0,0.3
2,Zprime_1500GeV_045,0.8670860324763612,1500.0,0.45
3,Zprime_1500GeV_060,0.8434972653208971,1500.0,0.6
4,Zprime_1500GeV_075,0.7988819878202976,1500.0,0.75
5,Zprime_2000GeV_015,0.904833246620578,2000.0,0.15
6,Zprime_2000GeV_030,0.9012229206209842,2000.0,0.3
7,Zprime_2000GeV_045,0.889813463139774,2000.0,0.45
8,Zprime_2000GeV_060,0.8589487194099125,2000.0,0.6
9,Zprime_2000GeV_075,0.8170274683644033,2000.0,0.75
10,Zprime_2500GeV_015,0.9094942924013658,2500.0,0.15
11,Zprime_2500GeV_030,0.9023013037793838,2500.0,0.3
12,Zprime_2500GeV_045,0.8866932489936274,2500.0,0.45
13,Zprime_2500GeV_060,0.8575411421674848,2500.0,0.6
14,Zprime_2500GeV_075,0.8340957957213176,2500.0,0.75
15,Zprime_3000GeV_015,0.9034520548433149,3000.0,0.15
16,Zprime_3000GeV_030,0.8917479700370007,3000.0,0.3
17,Zprime_3000GeV_045,0.8780283586970107,3000.0,0.45
18,Zprime_3000GeV_060,0.8483142515437792,3000.0,0.6
19,Zprime_3000GeV_075,0.8290687338739599,3000.0,0.75
20,Zprime_3500GeV_015,0.8962829124116349,3500.0,0.15
21,Zprime_3500GeV_030,0.8880522241372529,3500.0,0.3
22,Zprime_3500GeV_045,0.8725632698134643,3500.0,0.45
23,Zprime_3500GeV_060,0.8565490471891437,3500.0,0.6
24,Zprime_3500GeV_075,0.8125157717183438,3500.0,0.75
25,Zprime_4000GeV_015,0.8835661809525913,4000.0,0.15
26,Zprime_4000GeV_030,0.8876949599139781,4000.0,0.3
27,Zprime_4000GeV_045,0.8667431187050451,4000.0,0.45
28,Zprime_4000GeV_060,0.8383147046160317,4000.0,0.6
29,Zprime_4000GeV_075,0.7784352601749384,4000.0,0.75
