,name,auc,mass,nu
0,Zprime_1500GeV_015,0.9312369616133079,1500.0,0.15
1,Zprime_1500GeV_030,0.9109650103086464,1500.0,0.3
2,Zprime_1500GeV_045,0.9063830182104783,1500.0,0.45
3,Zprime_1500GeV_060,0.8848453136833989,1500.0,0.6
4,Zprime_1500GeV_075,0.8448007438531515,1500.0,0.75
5,Zprime_2000GeV_015,0.9361285419585716,2000.0,0.15
6,Zprime_2000GeV_030,0.9332225326539096,2000.0,0.3
7,Zprime_2000GeV_045,0.9233937204061604,2000.0,0.45
8,Zprime_2000GeV_060,0.8989598846522352,2000.0,0.6
9,Zprime_2000GeV_075,0.8618521075241735,2000.0,0.75
10,Zprime_2500GeV_015,0.9395483166621926,2500.0,0.15
11,Zprime_2500GeV_030,0.9340687865147423,2500.0,0.3
12,Zprime_2500GeV_045,0.923054854589712,2500.0,0.45
13,Zprime_2500GeV_060,0.8977606227776667,2500.0,0.6
14,Zprime_2500GeV_075,0.8747171791292375,2500.0,0.75
15,Zprime_3000GeV_015,0.9349545039482561,3000.0,0.15
16,Zprime_3000GeV_030,0.9260811385018285,3000.0,0.3
17,Zprime_3000GeV_045,0.9161553592817048,3000.0,0.45
18,Zprime_3000GeV_060,0.8919929991967221,3000.0,0.6
19,Zprime_3000GeV_075,0.8740494813912527,3000.0,0.75
20,Zprime_3500GeV_015,0.929941956877411,3500.0,0.15
21,Zprime_3500GeV_030,0.9242520085301285,3500.0,0.3
22,Zprime_3500GeV_045,0.910171453467782,3500.0,0.45
23,Zprime_3500GeV_060,0.8983914177915008,3500.0,0.6
24,Zprime_3500GeV_075,0.8600935022239412,3500.0,0.75
25,Zprime_4000GeV_015,0.9195032001414569,4000.0,0.15
26,Zprime_4000GeV_030,0.9223012998487713,4000.0,0.3
27,Zprime_4000GeV_045,0.907797150782845,4000.0,0.45
28,Zprime_4000GeV_060,0.8830181476326678,4000.0,0.6
29,Zprime_4000GeV_075,0.8287761747542312,4000.0,0.75
