,name,auc,mass,nu
0,Zprime_1500GeV_015,0.9143858540335968,1500.0,0.15
1,Zprime_1500GeV_030,0.890564946586311,1500.0,0.3
2,Zprime_1500GeV_045,0.8899666609232834,1500.0,0.45
3,Zprime_1500GeV_060,0.8639171871601053,1500.0,0.6
4,Zprime_1500GeV_075,0.821623283139431,1500.0,0.75
5,Zprime_2000GeV_015,0.9242308478342787,2000.0,0.15
6,Zprime_2000GeV_030,0.9208945597072913,2000.0,0.3
7,Zprime_2000GeV_045,0.9095460805829043,2000.0,0.45
8,Zprime_2000GeV_060,0.879475270430353,2000.0,0.6
9,Zprime_2000GeV_075,0.8421243586545941,2000.0,0.75
10,Zprime_2500GeV_015,0.9284102250904632,2500.0,0.15
11,Zprime_2500GeV_030,0.9225480663408809,2500.0,0.3
12,Zprime_2500GeV_045,0.9082884397348785,2500.0,0.45
13,Zprime_2500GeV_060,0.8798565715440613,2500.0,0.6
14,Zprime_2500GeV_075,0.858128738085052,2500.0,0.75
15,Zprime_3000GeV_015,0.9245270683528914,3000.0,0.15
16,Zprime_3000GeV_030,0.9132856958982124,3000.0,0.3
17,Zprime_3000GeV_045,0.9008252703310486,3000.0,0.45
18,Zprime_3000GeV_060,0.8727289733501993,3000.0,0.6
19,Zprime_3000GeV_075,0.8550948604823756,3000.0,0.75
20,Zprime_3500GeV_015,0.9172096159287901,3500.0,0.15
21,Zprime_3500GeV_030,0.9101103358096913,3500.0,0.3
22,Zprime_3500GeV_045,0.895909677451992,3500.0,0.45
23,Zprime_3500GeV_060,0.8814498819049977,3500.0,0.6
24,Zprime_3500GeV_075,0.8393540471432561,3500.0,0.75
25,Zprime_4000GeV_015,0.9064565048302314,4000.0,0.15
26,Zprime_4000GeV_030,0.9092542858950043,4000.0,0.3
27,Zprime_4000GeV_045,0.8900421136452972,4000.0,0.45
28,Zprime_4000GeV_060,0.8658792003447671,4000.0,0.6
29,Zprime_4000GeV_075,0.8072454412458943,4000.0,0.75
