,name,auc,mass,nu
0,Zprime_1500GeV_015,0.9329336451802462,1500.0,0.15
1,Zprime_1500GeV_030,0.914398870117395,1500.0,0.3
2,Zprime_1500GeV_045,0.9063161401917017,1500.0,0.45
3,Zprime_1500GeV_060,0.8875437194007314,1500.0,0.6
4,Zprime_1500GeV_075,0.845095008989807,1500.0,0.75
5,Zprime_2000GeV_015,0.9379142482284382,2000.0,0.15
6,Zprime_2000GeV_030,0.9368090861847899,2000.0,0.3
7,Zprime_2000GeV_045,0.9280374895391761,2000.0,0.45
8,Zprime_2000GeV_060,0.9020851650698847,2000.0,0.6
9,Zprime_2000GeV_075,0.8655273064839315,2000.0,0.75
10,Zprime_2500GeV_015,0.9409110248530121,2500.0,0.15
11,Zprime_2500GeV_030,0.936959560619774,2500.0,0.3
12,Zprime_2500GeV_045,0.9254009742650313,2500.0,0.45
13,Zprime_2500GeV_060,0.9013102005366121,2500.0,0.6
14,Zprime_2500GeV_075,0.8797103607553436,2500.0,0.75
15,Zprime_3000GeV_015,0.9367765095950933,3000.0,0.15
16,Zprime_3000GeV_030,0.9279574914355492,3000.0,0.3
17,Zprime_3000GeV_045,0.9182930014551871,3000.0,0.45
18,Zprime_3000GeV_060,0.8948256376348253,3000.0,0.6
19,Zprime_3000GeV_075,0.8781329782868194,3000.0,0.75
20,Zprime_3500GeV_015,0.9306100691691581,3500.0,0.15
21,Zprime_3500GeV_030,0.9246004156573476,3500.0,0.3
22,Zprime_3500GeV_045,0.9121340871191591,3500.0,0.45
23,Zprime_3500GeV_060,0.9008702154594738,3500.0,0.6
24,Zprime_3500GeV_075,0.8638732138636412,3500.0,0.75
25,Zprime_4000GeV_015,0.9206895100625846,4000.0,0.15
26,Zprime_4000GeV_030,0.9229529473841265,4000.0,0.3
27,Zprime_4000GeV_045,0.9086303567644808,4000.0,0.45
28,Zprime_4000GeV_060,0.884809380624697,4000.0,0.6
29,Zprime_4000GeV_075,0.8312627717032106,4000.0,0.75
