,name,auc,mass,nu
0,Zprime_1500GeV_015,0.9264963139844375,1500.0,0.15
1,Zprime_1500GeV_030,0.9015617388060571,1500.0,0.3
2,Zprime_1500GeV_045,0.8960980245067856,1500.0,0.45
3,Zprime_1500GeV_060,0.8708917022232083,1500.0,0.6
4,Zprime_1500GeV_075,0.8269807503998183,1500.0,0.75
5,Zprime_2000GeV_015,0.929503110961087,2000.0,0.15
6,Zprime_2000GeV_030,0.9269562721750483,2000.0,0.3
7,Zprime_2000GeV_045,0.91610250000618,2000.0,0.45
8,Zprime_2000GeV_060,0.8878750176810433,2000.0,0.6
9,Zprime_2000GeV_075,0.8474797191557408,2000.0,0.75
10,Zprime_2500GeV_015,0.9313685497647134,2500.0,0.15
11,Zprime_2500GeV_030,0.92495293728177,2500.0,0.3
12,Zprime_2500GeV_045,0.9136131743437202,2500.0,0.45
13,Zprime_2500GeV_060,0.8835369556943584,2500.0,0.6
14,Zprime_2500GeV_075,0.8591900318617096,2500.0,0.75
15,Zprime_3000GeV_015,0.9256603985101198,3000.0,0.15
16,Zprime_3000GeV_030,0.9149787949838416,3000.0,0.3
17,Zprime_3000GeV_045,0.9031190737918281,3000.0,0.45
18,Zprime_3000GeV_060,0.87271676848423,3000.0,0.6
19,Zprime_3000GeV_075,0.8526334609751285,3000.0,0.75
20,Zprime_3500GeV_015,0.9220355800407533,3500.0,0.15
21,Zprime_3500GeV_030,0.9118119192872,3500.0,0.3
22,Zprime_3500GeV_045,0.8963415881600186,3500.0,0.45
23,Zprime_3500GeV_060,0.8801120271858838,3500.0,0.6
24,Zprime_3500GeV_075,0.831615333376308,3500.0,0.75
25,Zprime_4000GeV_015,0.9072804315130748,4000.0,0.15
26,Zprime_4000GeV_030,0.9092395511685035,4000.0,0.3
27,Zprime_4000GeV_045,0.888013457697868,4000.0,0.45
28,Zprime_4000GeV_060,0.8573011462658913,4000.0,0.6
29,Zprime_4000GeV_075,0.7920647226992777,4000.0,0.75
