,name,auc,mass,nu
0,Zprime_1500GeV_015,0.9387129261386196,1500.0,0.15
1,Zprime_1500GeV_030,0.9241540410845267,1500.0,0.3
2,Zprime_1500GeV_045,0.9183182736993349,1500.0,0.45
3,Zprime_1500GeV_060,0.9016487304746241,1500.0,0.6
4,Zprime_1500GeV_075,0.8677179145657196,1500.0,0.75
5,Zprime_2000GeV_015,0.9428129093748372,2000.0,0.15
6,Zprime_2000GeV_030,0.9422296170125646,2000.0,0.3
7,Zprime_2000GeV_045,0.933934722557368,2000.0,0.45
8,Zprime_2000GeV_060,0.912861417468628,2000.0,0.6
9,Zprime_2000GeV_075,0.882483413258133,2000.0,0.75
10,Zprime_2500GeV_015,0.9458489647825463,2500.0,0.15
11,Zprime_2500GeV_030,0.9421479981626137,2500.0,0.3
12,Zprime_2500GeV_045,0.9333203516087748,2500.0,0.45
13,Zprime_2500GeV_060,0.9116029389759368,2500.0,0.6
14,Zprime_2500GeV_075,0.8950998317943862,2500.0,0.75
15,Zprime_3000GeV_015,0.9420841418094831,3000.0,0.15
16,Zprime_3000GeV_030,0.935157063577542,3000.0,0.3
17,Zprime_3000GeV_045,0.9284121092450374,3000.0,0.45
18,Zprime_3000GeV_060,0.9079526166965863,3000.0,0.6
19,Zprime_3000GeV_075,0.896192826455991,3000.0,0.75
20,Zprime_3500GeV_015,0.9383550595806693,3500.0,0.15
21,Zprime_3500GeV_030,0.9345100772812596,3500.0,0.3
22,Zprime_3500GeV_045,0.9228538438193175,3500.0,0.45
23,Zprime_3500GeV_060,0.9146258149834903,3500.0,0.6
24,Zprime_3500GeV_075,0.8831397537549153,3500.0,0.75
25,Zprime_4000GeV_015,0.9302537560254319,4000.0,0.15
26,Zprime_4000GeV_030,0.9318599855217599,4000.0,0.3
27,Zprime_4000GeV_045,0.9213163785494984,4000.0,0.45
28,Zprime_4000GeV_060,0.9012024914203758,4000.0,0.6
29,Zprime_4000GeV_075,0.8573736142920616,4000.0,0.75
