,name,auc,mass,nu
0,Zprime_1500GeV_015,0.9346866162741487,1500.0,0.15
1,Zprime_1500GeV_030,0.9143504575221418,1500.0,0.3
2,Zprime_1500GeV_045,0.9073955228625638,1500.0,0.45
3,Zprime_1500GeV_060,0.8892666243674795,1500.0,0.6
4,Zprime_1500GeV_075,0.8531715335525043,1500.0,0.75
5,Zprime_2000GeV_015,0.9374820516217405,2000.0,0.15
6,Zprime_2000GeV_030,0.9363387878957616,2000.0,0.3
7,Zprime_2000GeV_045,0.926916971530396,2000.0,0.45
8,Zprime_2000GeV_060,0.9028896298725517,2000.0,0.6
9,Zprime_2000GeV_075,0.8691028884353877,2000.0,0.75
10,Zprime_2500GeV_015,0.9412903032218525,2500.0,0.15
11,Zprime_2500GeV_030,0.9360946988079597,2500.0,0.3
12,Zprime_2500GeV_045,0.9262132067796439,2500.0,0.45
13,Zprime_2500GeV_060,0.9015148076337909,2500.0,0.6
14,Zprime_2500GeV_075,0.8818651251481252,2500.0,0.75
15,Zprime_3000GeV_015,0.9371242155610764,3000.0,0.15
16,Zprime_3000GeV_030,0.9293008155524297,3000.0,0.3
17,Zprime_3000GeV_045,0.9203805395397282,3000.0,0.45
18,Zprime_3000GeV_060,0.8966254097330537,3000.0,0.6
19,Zprime_3000GeV_075,0.8821714639956488,3000.0,0.75
20,Zprime_3500GeV_015,0.932812514910504,3500.0,0.15
21,Zprime_3500GeV_030,0.9277066102256115,3500.0,0.3
22,Zprime_3500GeV_045,0.9156654309515884,3500.0,0.45
23,Zprime_3500GeV_060,0.9042178407612517,3500.0,0.6
24,Zprime_3500GeV_075,0.8662178925202517,3500.0,0.75
25,Zprime_4000GeV_015,0.9245849712742029,4000.0,0.15
26,Zprime_4000GeV_030,0.9259609595193369,4000.0,0.3
27,Zprime_4000GeV_045,0.9132182538881313,4000.0,0.45
28,Zprime_4000GeV_060,0.8893790446339802,4000.0,0.6
29,Zprime_4000GeV_075,0.8393426998691168,4000.0,0.75
