,name,auc,mass,nu
0,Zprime_1500GeV_015,0.9021036120243237,1500.0,0.15
1,Zprime_1500GeV_030,0.8765029700103457,1500.0,0.3
2,Zprime_1500GeV_045,0.8676083728643922,1500.0,0.45
3,Zprime_1500GeV_060,0.8420269266018553,1500.0,0.6
4,Zprime_1500GeV_075,0.788786070501406,1500.0,0.75
5,Zprime_2000GeV_015,0.9138660018939406,2000.0,0.15
6,Zprime_2000GeV_030,0.9085029865801656,2000.0,0.3
7,Zprime_2000GeV_045,0.8953776421602435,2000.0,0.45
8,Zprime_2000GeV_060,0.8629856875529055,2000.0,0.6
9,Zprime_2000GeV_075,0.81549955425072,2000.0,0.75
10,Zprime_2500GeV_015,0.9172641659595082,2500.0,0.15
11,Zprime_2500GeV_030,0.9094800644466894,2500.0,0.3
12,Zprime_2500GeV_045,0.8937328163549347,2500.0,0.45
13,Zprime_2500GeV_060,0.8609273554688941,2500.0,0.6
14,Zprime_2500GeV_075,0.8313982114337819,2500.0,0.75
15,Zprime_3000GeV_015,0.9111509674331022,3000.0,0.15
16,Zprime_3000GeV_030,0.899226773661802,3000.0,0.3
17,Zprime_3000GeV_045,0.8847155608115477,3000.0,0.45
18,Zprime_3000GeV_060,0.8519668896355624,3000.0,0.6
19,Zprime_3000GeV_075,0.8296189389630606,3000.0,0.75
20,Zprime_3500GeV_015,0.9031140410839522,3500.0,0.15
21,Zprime_3500GeV_030,0.894146032306554,3500.0,0.3
22,Zprime_3500GeV_045,0.8784847222862316,3500.0,0.45
23,Zprime_3500GeV_060,0.8604579181536863,3500.0,0.6
24,Zprime_3500GeV_075,0.8106458669073252,3500.0,0.75
25,Zprime_4000GeV_015,0.8894484588438621,4000.0,0.15
26,Zprime_4000GeV_030,0.8930877563237133,4000.0,0.3
27,Zprime_4000GeV_045,0.8718127949342633,4000.0,0.45
28,Zprime_4000GeV_060,0.8424095305139296,4000.0,0.6
29,Zprime_4000GeV_075,0.7758127299282815,4000.0,0.75
