,name,auc,mass,nu
0,Zprime_1500GeV_015,0.9367225431311933,1500.0,0.15
1,Zprime_1500GeV_030,0.9185297259939574,1500.0,0.3
2,Zprime_1500GeV_045,0.9138318458190423,1500.0,0.45
3,Zprime_1500GeV_060,0.8922446531520548,1500.0,0.6
4,Zprime_1500GeV_075,0.8549515655491289,1500.0,0.75
5,Zprime_2000GeV_015,0.9404159414114803,2000.0,0.15
6,Zprime_2000GeV_030,0.939467553249599,2000.0,0.3
7,Zprime_2000GeV_045,0.9312518551858779,2000.0,0.45
8,Zprime_2000GeV_060,0.9077470039993536,2000.0,0.6
9,Zprime_2000GeV_075,0.8719591879883329,2000.0,0.75
10,Zprime_2500GeV_015,0.944089058731194,2500.0,0.15
11,Zprime_2500GeV_030,0.9396323087101904,2500.0,0.3
12,Zprime_2500GeV_045,0.9299614840480558,2500.0,0.45
13,Zprime_2500GeV_060,0.9066824050033028,2500.0,0.6
14,Zprime_2500GeV_075,0.8866768293996435,2500.0,0.75
15,Zprime_3000GeV_015,0.9394650509495192,3000.0,0.15
16,Zprime_3000GeV_030,0.9322615812315573,3000.0,0.3
17,Zprime_3000GeV_045,0.9235116789442235,3000.0,0.45
18,Zprime_3000GeV_060,0.9016052193803135,3000.0,0.6
19,Zprime_3000GeV_075,0.8840260004475644,3000.0,0.75
20,Zprime_3500GeV_015,0.935407271223453,3500.0,0.15
21,Zprime_3500GeV_030,0.9297039715672129,3500.0,0.3
22,Zprime_3500GeV_045,0.9185621879815707,3500.0,0.45
23,Zprime_3500GeV_060,0.9082021327361545,3500.0,0.6
24,Zprime_3500GeV_075,0.8697282923999226,3500.0,0.75
25,Zprime_4000GeV_015,0.9259275550018419,4000.0,0.15
26,Zprime_4000GeV_030,0.9282233169424159,4000.0,0.3
27,Zprime_4000GeV_045,0.9157486519748766,4000.0,0.45
28,Zprime_4000GeV_060,0.8926300097174388,4000.0,0.6
29,Zprime_4000GeV_075,0.8415824848684851,4000.0,0.75
