,name,auc,mass,nu
0,Zprime_1500GeV_015,0.8993749515366729,1500.0,0.15
1,Zprime_1500GeV_030,0.8719783407464707,1500.0,0.3
2,Zprime_1500GeV_045,0.8727368407065526,1500.0,0.45
3,Zprime_1500GeV_060,0.8449716463934553,1500.0,0.6
4,Zprime_1500GeV_075,0.7948517832969583,1500.0,0.75
5,Zprime_2000GeV_015,0.9102706524866532,2000.0,0.15
6,Zprime_2000GeV_030,0.9074245910332603,2000.0,0.3
7,Zprime_2000GeV_045,0.8947296938318171,2000.0,0.45
8,Zprime_2000GeV_060,0.8628855356528351,2000.0,0.6
9,Zprime_2000GeV_075,0.8196502175979985,2000.0,0.75
10,Zprime_2500GeV_015,0.9154085589986636,2500.0,0.15
11,Zprime_2500GeV_030,0.9080403189627031,2500.0,0.3
12,Zprime_2500GeV_045,0.8922478037322957,2500.0,0.45
13,Zprime_2500GeV_060,0.8609958800238168,2500.0,0.6
14,Zprime_2500GeV_075,0.8376837097698395,2500.0,0.75
15,Zprime_3000GeV_015,0.9090362439892918,3000.0,0.15
16,Zprime_3000GeV_030,0.8965339785061894,3000.0,0.3
17,Zprime_3000GeV_045,0.8822332516416991,3000.0,0.45
18,Zprime_3000GeV_060,0.8525806798026675,3000.0,0.6
19,Zprime_3000GeV_075,0.8348666496638797,3000.0,0.75
20,Zprime_3500GeV_015,0.9015517002307586,3500.0,0.15
21,Zprime_3500GeV_030,0.891636157503912,3500.0,0.3
22,Zprime_3500GeV_045,0.8763616309147708,3500.0,0.45
23,Zprime_3500GeV_060,0.8595927215357582,3500.0,0.6
24,Zprime_3500GeV_075,0.8166854788456992,3500.0,0.75
25,Zprime_4000GeV_015,0.8893970724636425,4000.0,0.15
26,Zprime_4000GeV_030,0.8909488566154874,4000.0,0.3
27,Zprime_4000GeV_045,0.869795920822962,4000.0,0.45
28,Zprime_4000GeV_060,0.841463489562445,4000.0,0.6
29,Zprime_4000GeV_075,0.7812552594899068,4000.0,0.75
