,name,auc,mass,nu
0,Zprime_1500GeV_015,0.9317622340122405,1500.0,0.15
1,Zprime_1500GeV_030,0.9123508125918716,1500.0,0.3
2,Zprime_1500GeV_045,0.9059516604801754,1500.0,0.45
3,Zprime_1500GeV_060,0.8835399568858743,1500.0,0.6
4,Zprime_1500GeV_075,0.84684650745374,1500.0,0.75
5,Zprime_2000GeV_015,0.9366895715487555,2000.0,0.15
6,Zprime_2000GeV_030,0.9338028363000987,2000.0,0.3
7,Zprime_2000GeV_045,0.9249134563512911,2000.0,0.45
8,Zprime_2000GeV_060,0.8986153710419393,2000.0,0.6
9,Zprime_2000GeV_075,0.8644009656435331,2000.0,0.75
10,Zprime_2500GeV_015,0.9394952046117316,2500.0,0.15
11,Zprime_2500GeV_030,0.9347589797005593,2500.0,0.3
12,Zprime_2500GeV_045,0.9230655772525302,2500.0,0.45
13,Zprime_2500GeV_060,0.8966826964270647,2500.0,0.6
14,Zprime_2500GeV_075,0.8762104012507429,2500.0,0.75
15,Zprime_3000GeV_015,0.9354346300663304,3000.0,0.15
16,Zprime_3000GeV_030,0.927084784724871,3000.0,0.3
17,Zprime_3000GeV_045,0.9160734163002242,3000.0,0.45
18,Zprime_3000GeV_060,0.8898344113146299,3000.0,0.6
19,Zprime_3000GeV_075,0.8737747944176111,3000.0,0.75
20,Zprime_3500GeV_015,0.930657539344742,3500.0,0.15
21,Zprime_3500GeV_030,0.9230197881391797,3500.0,0.3
22,Zprime_3500GeV_045,0.9100288781119823,3500.0,0.45
23,Zprime_3500GeV_060,0.8967448674140813,3500.0,0.6
24,Zprime_3500GeV_075,0.8574436494123209,3500.0,0.75
25,Zprime_4000GeV_015,0.9177271980250993,4000.0,0.15
26,Zprime_4000GeV_030,0.9216997484920265,4000.0,0.3
27,Zprime_4000GeV_045,0.9056169717630485,4000.0,0.45
28,Zprime_4000GeV_060,0.8801837880520103,4000.0,0.6
29,Zprime_4000GeV_075,0.8274048997132762,4000.0,0.75
