,name,auc,mass,nu
0,Zprime_1500GeV_015,0.9313661192996617,1500.0,0.15
1,Zprime_1500GeV_030,0.9131981320795991,1500.0,0.3
2,Zprime_1500GeV_045,0.9043543300661938,1500.0,0.45
3,Zprime_1500GeV_060,0.8823853529254889,1500.0,0.6
4,Zprime_1500GeV_075,0.8470278244499866,1500.0,0.75
5,Zprime_2000GeV_015,0.9374537284171996,2000.0,0.15
6,Zprime_2000GeV_030,0.9350421736696756,2000.0,0.3
7,Zprime_2000GeV_045,0.9257322006264801,2000.0,0.45
8,Zprime_2000GeV_060,0.89975950991872,2000.0,0.6
9,Zprime_2000GeV_075,0.8591277920074839,2000.0,0.75
10,Zprime_2500GeV_015,0.9398783239454439,2500.0,0.15
11,Zprime_2500GeV_030,0.9352719047388862,2500.0,0.3
12,Zprime_2500GeV_045,0.9245909745439993,2500.0,0.45
13,Zprime_2500GeV_060,0.8986257879796926,2500.0,0.6
14,Zprime_2500GeV_075,0.8743268300350513,2500.0,0.75
15,Zprime_3000GeV_015,0.9353636129573663,3000.0,0.15
16,Zprime_3000GeV_030,0.9273238143310766,3000.0,0.3
17,Zprime_3000GeV_045,0.9168421136579767,3000.0,0.45
18,Zprime_3000GeV_060,0.8906975008751368,3000.0,0.6
19,Zprime_3000GeV_075,0.873247882887498,3000.0,0.75
20,Zprime_3500GeV_015,0.9303377364233837,3500.0,0.15
21,Zprime_3500GeV_030,0.9244123415776616,3500.0,0.3
22,Zprime_3500GeV_045,0.9122283066277008,3500.0,0.45
23,Zprime_3500GeV_060,0.8978883079219553,3500.0,0.6
24,Zprime_3500GeV_075,0.8562071918176153,3500.0,0.75
25,Zprime_4000GeV_015,0.9189882437619031,4000.0,0.15
26,Zprime_4000GeV_030,0.9225514875604861,4000.0,0.3
27,Zprime_4000GeV_045,0.9078572905614548,4000.0,0.45
28,Zprime_4000GeV_060,0.8820526588331518,4000.0,0.6
29,Zprime_4000GeV_075,0.8256801005552461,4000.0,0.75
