,name,auc,mass,nu
0,Zprime_1500GeV_015,0.9022143186126268,1500.0,0.15
1,Zprime_1500GeV_030,0.8736218591916035,1500.0,0.3
2,Zprime_1500GeV_045,0.8695135178705423,1500.0,0.45
3,Zprime_1500GeV_060,0.8404850651745963,1500.0,0.6
4,Zprime_1500GeV_075,0.7936461892176455,1500.0,0.75
5,Zprime_2000GeV_015,0.9129549881845754,2000.0,0.15
6,Zprime_2000GeV_030,0.9078336358544656,2000.0,0.3
7,Zprime_2000GeV_045,0.8946026332087639,2000.0,0.45
8,Zprime_2000GeV_060,0.8609762479748214,2000.0,0.6
9,Zprime_2000GeV_075,0.8174715856933386,2000.0,0.75
10,Zprime_2500GeV_015,0.9176198723795449,2500.0,0.15
11,Zprime_2500GeV_030,0.9100367969853319,2500.0,0.3
12,Zprime_2500GeV_045,0.8930469074206552,2500.0,0.45
13,Zprime_2500GeV_060,0.8616523174984128,2500.0,0.6
14,Zprime_2500GeV_075,0.833508971458317,2500.0,0.75
15,Zprime_3000GeV_015,0.9128665257472187,3000.0,0.15
16,Zprime_3000GeV_030,0.8991332447189049,3000.0,0.3
17,Zprime_3000GeV_045,0.885556151985559,3000.0,0.45
18,Zprime_3000GeV_060,0.8517251447692333,3000.0,0.6
19,Zprime_3000GeV_075,0.832549620569728,3000.0,0.75
20,Zprime_3500GeV_015,0.9041755959284123,3500.0,0.15
21,Zprime_3500GeV_030,0.8963208505293654,3500.0,0.3
22,Zprime_3500GeV_045,0.8789048323076872,3500.0,0.45
23,Zprime_3500GeV_060,0.8611647998434458,3500.0,0.6
24,Zprime_3500GeV_075,0.8133362341262167,3500.0,0.75
25,Zprime_4000GeV_015,0.8933278309727846,4000.0,0.15
26,Zprime_4000GeV_030,0.895426416553858,4000.0,0.3
27,Zprime_4000GeV_045,0.8739167376501403,4000.0,0.45
28,Zprime_4000GeV_060,0.8439293043160859,4000.0,0.6
29,Zprime_4000GeV_075,0.78041937073599,4000.0,0.75
