,name,auc,mass,nu
0,Zprime_1500GeV_015,0.9282228930013817,1500.0,0.15
1,Zprime_1500GeV_030,0.908790538448451,1500.0,0.3
2,Zprime_1500GeV_045,0.9059171782176207,1500.0,0.45
3,Zprime_1500GeV_060,0.8843691783372107,1500.0,0.6
4,Zprime_1500GeV_075,0.8477315353161419,1500.0,0.75
5,Zprime_2000GeV_015,0.932738028792007,2000.0,0.15
6,Zprime_2000GeV_030,0.9309908259577007,2000.0,0.3
7,Zprime_2000GeV_045,0.9230726650994208,2000.0,0.45
8,Zprime_2000GeV_060,0.8992006201970218,2000.0,0.6
9,Zprime_2000GeV_075,0.8638391665154845,2000.0,0.75
10,Zprime_2500GeV_015,0.9360896367851326,2500.0,0.15
11,Zprime_2500GeV_030,0.9311992738656479,2500.0,0.3
12,Zprime_2500GeV_045,0.9209401941773891,2500.0,0.45
13,Zprime_2500GeV_060,0.8968934008942276,2500.0,0.6
14,Zprime_2500GeV_075,0.8781523920587616,2500.0,0.75
15,Zprime_3000GeV_015,0.9313551576585593,3000.0,0.15
16,Zprime_3000GeV_030,0.9229064246730349,3000.0,0.3
17,Zprime_3000GeV_045,0.9134013683079435,3000.0,0.45
18,Zprime_3000GeV_060,0.8902964621967827,3000.0,0.6
19,Zprime_3000GeV_075,0.874560482492289,3000.0,0.75
20,Zprime_3500GeV_015,0.9260805015304385,3500.0,0.15
21,Zprime_3500GeV_030,0.9194519105624064,3500.0,0.3
22,Zprime_3500GeV_045,0.9080455537374996,3500.0,0.45
23,Zprime_3500GeV_060,0.8963772188192375,3500.0,0.6
24,Zprime_3500GeV_075,0.8606012484153075,3500.0,0.75
25,Zprime_4000GeV_015,0.9163224607436073,4000.0,0.15
26,Zprime_4000GeV_030,0.918444868214422,4000.0,0.3
27,Zprime_4000GeV_045,0.9034807600337148,4000.0,0.45
28,Zprime_4000GeV_060,0.8803881909936034,4000.0,0.6
29,Zprime_4000GeV_075,0.829307687186143,4000.0,0.75
