,name,auc,mass,nu
0,Zprime_1500GeV_015,0.9390839333443574,1500.0,0.15
1,Zprime_1500GeV_030,0.9223899865052367,1500.0,0.3
2,Zprime_1500GeV_045,0.91580903020174,1500.0,0.45
3,Zprime_1500GeV_060,0.8976331103894523,1500.0,0.6
4,Zprime_1500GeV_075,0.8608721689363731,1500.0,0.75
5,Zprime_2000GeV_015,0.9434378427680252,2000.0,0.15
6,Zprime_2000GeV_030,0.9417695333238407,2000.0,0.3
7,Zprime_2000GeV_045,0.9348400342504631,2000.0,0.45
8,Zprime_2000GeV_060,0.9112483317198291,2000.0,0.6
9,Zprime_2000GeV_075,0.8797717000296379,2000.0,0.75
10,Zprime_2500GeV_015,0.9458849991966296,2500.0,0.15
11,Zprime_2500GeV_030,0.9429071090125724,2500.0,0.3
12,Zprime_2500GeV_045,0.9330389460667923,2500.0,0.45
13,Zprime_2500GeV_060,0.9101470192908723,2500.0,0.6
14,Zprime_2500GeV_075,0.8923246301959871,2500.0,0.75
15,Zprime_3000GeV_015,0.9432085752454097,3000.0,0.15
16,Zprime_3000GeV_030,0.9356915787402399,3000.0,0.3
17,Zprime_3000GeV_045,0.927030389185885,3000.0,0.45
18,Zprime_3000GeV_060,0.9051304672888493,3000.0,0.6
19,Zprime_3000GeV_075,0.8925317007203819,3000.0,0.75
20,Zprime_3500GeV_015,0.9387079212191783,3500.0,0.15
21,Zprime_3500GeV_030,0.9338071147484186,3500.0,0.3
22,Zprime_3500GeV_045,0.9223312472992794,3500.0,0.45
23,Zprime_3500GeV_060,0.9123881998020327,3500.0,0.6
24,Zprime_3500GeV_075,0.8805860568555404,3500.0,0.75
25,Zprime_4000GeV_015,0.9304786859832933,4000.0,0.15
26,Zprime_4000GeV_030,0.9333036766225753,4000.0,0.3
27,Zprime_4000GeV_045,0.9198831724979768,4000.0,0.45
28,Zprime_4000GeV_060,0.8987419674371513,4000.0,0.6
29,Zprime_4000GeV_075,0.8495951779589126,4000.0,0.75
