,name,auc,mass,nu
0,Zprime_1500GeV_015,0.9461649509481062,1500.0,0.15
1,Zprime_1500GeV_030,0.9292372975389229,1500.0,0.3
2,Zprime_1500GeV_045,0.9216270334788726,1500.0,0.45
3,Zprime_1500GeV_060,0.9062400894966289,1500.0,0.6
4,Zprime_1500GeV_075,0.8733466247970212,1500.0,0.75
5,Zprime_2000GeV_015,0.9491736676592549,2000.0,0.15
6,Zprime_2000GeV_030,0.947675142463807,2000.0,0.3
7,Zprime_2000GeV_045,0.9398306340081695,2000.0,0.45
8,Zprime_2000GeV_060,0.918643240633761,2000.0,0.6
9,Zprime_2000GeV_075,0.8891228471959864,2000.0,0.75
10,Zprime_2500GeV_015,0.9515712733350268,2500.0,0.15
11,Zprime_2500GeV_030,0.9479287422405422,2500.0,0.3
12,Zprime_2500GeV_045,0.9392909519691427,2500.0,0.45
13,Zprime_2500GeV_060,0.9176131289239101,2500.0,0.6
14,Zprime_2500GeV_075,0.9007878163826692,2500.0,0.75
15,Zprime_3000GeV_015,0.9483868133472982,3000.0,0.15
16,Zprime_3000GeV_030,0.9414558849375231,3000.0,0.3
17,Zprime_3000GeV_045,0.9342152541206633,3000.0,0.45
18,Zprime_3000GeV_060,0.9136491242059803,3000.0,0.6
19,Zprime_3000GeV_075,0.9007036813624199,3000.0,0.75
20,Zprime_3500GeV_015,0.9431388239237221,3500.0,0.15
21,Zprime_3500GeV_030,0.9396941721248974,3500.0,0.3
22,Zprime_3500GeV_045,0.9293326067309331,3500.0,0.45
23,Zprime_3500GeV_060,0.9191455071687654,3500.0,0.6
24,Zprime_3500GeV_075,0.8884442940329617,3500.0,0.75
25,Zprime_4000GeV_015,0.9352993311276663,4000.0,0.15
26,Zprime_4000GeV_030,0.9380915264465455,4000.0,0.3
27,Zprime_4000GeV_045,0.9271660108111223,4000.0,0.45
28,Zprime_4000GeV_060,0.9060203778972024,4000.0,0.6
29,Zprime_4000GeV_075,0.8598248727640645,4000.0,0.75
