,name,auc,mass,nu
0,Zprime_1500GeV_015,0.8862826128996998,1500.0,0.15
1,Zprime_1500GeV_030,0.8587145445438147,1500.0,0.3
2,Zprime_1500GeV_045,0.8557497141211784,1500.0,0.45
3,Zprime_1500GeV_060,0.8265613671304269,1500.0,0.6
4,Zprime_1500GeV_075,0.7829231620567919,1500.0,0.75
5,Zprime_2000GeV_015,0.8986360360437959,2000.0,0.15
6,Zprime_2000GeV_030,0.8955725399526127,2000.0,0.3
7,Zprime_2000GeV_045,0.8811018525332355,2000.0,0.45
8,Zprime_2000GeV_060,0.8477055284769327,2000.0,0.6
9,Zprime_2000GeV_075,0.8044728920701052,2000.0,0.75
10,Zprime_2500GeV_015,0.9043882219390382,2500.0,0.15
11,Zprime_2500GeV_030,0.8951039823263289,2500.0,0.3
12,Zprime_2500GeV_045,0.8782816693793795,2500.0,0.45
13,Zprime_2500GeV_060,0.8478362948455567,2500.0,0.6
14,Zprime_2500GeV_075,0.8213694560423322,2500.0,0.75
15,Zprime_3000GeV_015,0.897572657807841,3000.0,0.15
16,Zprime_3000GeV_030,0.8846207300344375,3000.0,0.3
17,Zprime_3000GeV_045,0.8691314883047088,3000.0,0.45
18,Zprime_3000GeV_060,0.8373976810245365,3000.0,0.6
19,Zprime_3000GeV_075,0.8178431813708176,3000.0,0.75
20,Zprime_3500GeV_015,0.8895097095253702,3500.0,0.15
21,Zprime_3500GeV_030,0.879920785159464,3500.0,0.3
22,Zprime_3500GeV_045,0.8630557477080539,3500.0,0.45
23,Zprime_3500GeV_060,0.8461613433931056,3500.0,0.6
24,Zprime_3500GeV_075,0.8013120501085111,3500.0,0.75
25,Zprime_4000GeV_015,0.8765680115130867,4000.0,0.15
26,Zprime_4000GeV_030,0.880171302639101,4000.0,0.3
27,Zprime_4000GeV_045,0.8567952761567434,4000.0,0.45
28,Zprime_4000GeV_060,0.8269706869643831,4000.0,0.6
29,Zprime_4000GeV_075,0.7651746499714102,4000.0,0.75
