,name,auc,mass,nu
0,Zprime_1500GeV_015,0.9377922397017181,1500.0,0.15
1,Zprime_1500GeV_030,0.920165450869868,1500.0,0.3
2,Zprime_1500GeV_045,0.9147661613917042,1500.0,0.45
3,Zprime_1500GeV_060,0.8979121944762264,1500.0,0.6
4,Zprime_1500GeV_075,0.8610618576292528,1500.0,0.75
5,Zprime_2000GeV_015,0.9416940516508157,2000.0,0.15
6,Zprime_2000GeV_030,0.940572453849591,2000.0,0.3
7,Zprime_2000GeV_045,0.9332530409836113,2000.0,0.45
8,Zprime_2000GeV_060,0.9111640652137404,2000.0,0.6
9,Zprime_2000GeV_075,0.8793834543560988,2000.0,0.75
10,Zprime_2500GeV_015,0.944142110649133,2500.0,0.15
11,Zprime_2500GeV_030,0.9401918329528473,2500.0,0.3
12,Zprime_2500GeV_045,0.9313677972640242,2500.0,0.45
13,Zprime_2500GeV_060,0.9097885825983968,2500.0,0.6
14,Zprime_2500GeV_075,0.8914075157564225,2500.0,0.75
15,Zprime_3000GeV_015,0.9393824491385822,3000.0,0.15
16,Zprime_3000GeV_030,0.9330705211857137,3000.0,0.3
17,Zprime_3000GeV_045,0.925303161156502,3000.0,0.45
18,Zprime_3000GeV_060,0.9048832657015208,3000.0,0.6
19,Zprime_3000GeV_075,0.8927577173244797,3000.0,0.75
20,Zprime_3500GeV_015,0.9347445388849387,3500.0,0.15
21,Zprime_3500GeV_030,0.9299315070543379,3500.0,0.3
22,Zprime_3500GeV_045,0.9205766739799306,3500.0,0.45
23,Zprime_3500GeV_060,0.9106232295420296,3500.0,0.6
24,Zprime_3500GeV_075,0.8797261006897441,3500.0,0.75
25,Zprime_4000GeV_015,0.9251465912802387,4000.0,0.15
26,Zprime_4000GeV_030,0.9285937279168252,4000.0,0.3
27,Zprime_4000GeV_045,0.9172518197999234,4000.0,0.45
28,Zprime_4000GeV_060,0.8962431365694108,4000.0,0.6
29,Zprime_4000GeV_075,0.8504151532504055,4000.0,0.75
