,name,auc,mass,nu
0,Zprime_1500GeV_015,0.93374993110033,1500.0,0.15
1,Zprime_1500GeV_030,0.917630691551137,1500.0,0.3
2,Zprime_1500GeV_045,0.9093303731299275,1500.0,0.45
3,Zprime_1500GeV_060,0.8920655499422536,1500.0,0.6
4,Zprime_1500GeV_075,0.8583815891880096,1500.0,0.75
5,Zprime_2000GeV_015,0.938399821429373,2000.0,0.15
6,Zprime_2000GeV_030,0.9368805457194158,2000.0,0.3
7,Zprime_2000GeV_045,0.9289888469219936,2000.0,0.45
8,Zprime_2000GeV_060,0.9057078717050394,2000.0,0.6
9,Zprime_2000GeV_075,0.8744946278440033,2000.0,0.75
10,Zprime_2500GeV_015,0.9411873413102733,2500.0,0.15
11,Zprime_2500GeV_030,0.9367508554575118,2500.0,0.3
12,Zprime_2500GeV_045,0.926582148337244,2500.0,0.45
13,Zprime_2500GeV_060,0.9035225647384079,2500.0,0.6
14,Zprime_2500GeV_075,0.8853061908753962,2500.0,0.75
15,Zprime_3000GeV_015,0.937084885291744,3000.0,0.15
16,Zprime_3000GeV_030,0.9297254721216386,3000.0,0.3
17,Zprime_3000GeV_045,0.9207231182751501,3000.0,0.45
18,Zprime_3000GeV_060,0.8985594111048492,3000.0,0.6
19,Zprime_3000GeV_075,0.8849242596652834,3000.0,0.75
20,Zprime_3500GeV_015,0.932051324559092,3500.0,0.15
21,Zprime_3500GeV_030,0.926681773021835,3500.0,0.3
22,Zprime_3500GeV_045,0.9156321398105917,3500.0,0.45
23,Zprime_3500GeV_060,0.9057515265126829,3500.0,0.6
24,Zprime_3500GeV_075,0.8720616149895787,3500.0,0.75
25,Zprime_4000GeV_015,0.9236282083313816,4000.0,0.15
26,Zprime_4000GeV_030,0.9258830867735043,4000.0,0.3
27,Zprime_4000GeV_045,0.9131937102952692,4000.0,0.45
28,Zprime_4000GeV_060,0.8907170548718258,4000.0,0.6
29,Zprime_4000GeV_075,0.8425408320355221,4000.0,0.75
