,name,auc,mass,nu
0,Zprime_1500GeV_015,0.9058723071906967,1500.0,0.15
1,Zprime_1500GeV_030,0.8814548585903098,1500.0,0.3
2,Zprime_1500GeV_045,0.8785723047472083,1500.0,0.45
3,Zprime_1500GeV_060,0.8527001412344422,1500.0,0.6
4,Zprime_1500GeV_075,0.8085893886512723,1500.0,0.75
5,Zprime_2000GeV_015,0.9139434748588949,2000.0,0.15
6,Zprime_2000GeV_030,0.9118421283260664,2000.0,0.3
7,Zprime_2000GeV_045,0.8996614410560979,2000.0,0.45
8,Zprime_2000GeV_060,0.8709364597350728,2000.0,0.6
9,Zprime_2000GeV_075,0.830521549776817,2000.0,0.75
10,Zprime_2500GeV_015,0.917392947272918,2500.0,0.15
11,Zprime_2500GeV_030,0.9107026740245869,2500.0,0.3
12,Zprime_2500GeV_045,0.8969132600672329,2500.0,0.45
13,Zprime_2500GeV_060,0.8699214994501102,2500.0,0.6
14,Zprime_2500GeV_075,0.8480949021400024,2500.0,0.75
15,Zprime_3000GeV_015,0.9119437733150374,3000.0,0.15
16,Zprime_3000GeV_030,0.9002505082269949,3000.0,0.3
17,Zprime_3000GeV_045,0.8886256593447701,3000.0,0.45
18,Zprime_3000GeV_060,0.8602831810229117,3000.0,0.6
19,Zprime_3000GeV_075,0.8443333765527078,3000.0,0.75
20,Zprime_3500GeV_015,0.9048672485585132,3500.0,0.15
21,Zprime_3500GeV_030,0.8968215171362496,3500.0,0.3
22,Zprime_3500GeV_045,0.8827881602121468,3500.0,0.45
23,Zprime_3500GeV_060,0.8684904303884635,3500.0,0.6
24,Zprime_3500GeV_075,0.8268941962654978,3500.0,0.75
25,Zprime_4000GeV_015,0.891690004647683,4000.0,0.15
26,Zprime_4000GeV_030,0.8965844355438374,4000.0,0.3
27,Zprime_4000GeV_045,0.8763507388958397,4000.0,0.45
28,Zprime_4000GeV_060,0.8510367887576794,4000.0,0.6
29,Zprime_4000GeV_075,0.792279610180926,4000.0,0.75
