,name,auc,mass,nu
0,Zprime_1500GeV_015,0.9019389534910879,1500.0,0.15
1,Zprime_1500GeV_030,0.8749184317119539,1500.0,0.3
2,Zprime_1500GeV_045,0.8712517972781194,1500.0,0.45
3,Zprime_1500GeV_060,0.8414398151771294,1500.0,0.6
4,Zprime_1500GeV_075,0.7958536660915311,1500.0,0.75
5,Zprime_2000GeV_015,0.913554868188067,2000.0,0.15
6,Zprime_2000GeV_030,0.9088684849474423,2000.0,0.3
7,Zprime_2000GeV_045,0.8964374441305007,2000.0,0.45
8,Zprime_2000GeV_060,0.8634296557237641,2000.0,0.6
9,Zprime_2000GeV_075,0.8219355836305524,2000.0,0.75
10,Zprime_2500GeV_015,0.9171043863307711,2500.0,0.15
11,Zprime_2500GeV_030,0.9102066357610872,2500.0,0.3
12,Zprime_2500GeV_045,0.89400957768627,2500.0,0.45
13,Zprime_2500GeV_060,0.8634375242323218,2500.0,0.6
14,Zprime_2500GeV_075,0.8380851818893735,2500.0,0.75
15,Zprime_3000GeV_015,0.9127230980669181,3000.0,0.15
16,Zprime_3000GeV_030,0.9001771432031556,3000.0,0.3
17,Zprime_3000GeV_045,0.8863988739416652,3000.0,0.45
18,Zprime_3000GeV_060,0.8551849180887973,3000.0,0.6
19,Zprime_3000GeV_075,0.8359273161515378,3000.0,0.75
20,Zprime_3500GeV_015,0.9046650742978846,3500.0,0.15
21,Zprime_3500GeV_030,0.8964017829529558,3500.0,0.3
22,Zprime_3500GeV_045,0.8799341888077862,3500.0,0.45
23,Zprime_3500GeV_060,0.8636206252403735,3500.0,0.6
24,Zprime_3500GeV_075,0.8181696426652915,3500.0,0.75
25,Zprime_4000GeV_015,0.8934669231192435,4000.0,0.15
26,Zprime_4000GeV_030,0.8956348211964582,4000.0,0.3
27,Zprime_4000GeV_045,0.8746438539326393,4000.0,0.45
28,Zprime_4000GeV_060,0.8464246961830555,4000.0,0.6
29,Zprime_4000GeV_075,0.7845916102498193,4000.0,0.75
