,name,auc,mass,nu
0,Zprime_1500GeV_015,0.9378826267263454,1500.0,0.15
1,Zprime_1500GeV_030,0.922341375768393,1500.0,0.3
2,Zprime_1500GeV_045,0.9188403944551204,1500.0,0.45
3,Zprime_1500GeV_060,0.9014435945081771,1500.0,0.6
4,Zprime_1500GeV_075,0.8641132015237604,1500.0,0.75
5,Zprime_2000GeV_015,0.9424599858402206,2000.0,0.15
6,Zprime_2000GeV_030,0.9415188020070999,2000.0,0.3
7,Zprime_2000GeV_045,0.934653702756105,2000.0,0.45
8,Zprime_2000GeV_060,0.9132412582983751,2000.0,0.6
9,Zprime_2000GeV_075,0.882822587072065,2000.0,0.75
10,Zprime_2500GeV_015,0.9447026509903587,2500.0,0.15
11,Zprime_2500GeV_030,0.9412358999096833,2500.0,0.3
12,Zprime_2500GeV_045,0.9327749825828969,2500.0,0.45
13,Zprime_2500GeV_060,0.9112303453386115,2500.0,0.6
14,Zprime_2500GeV_075,0.8953564471696805,2500.0,0.75
15,Zprime_3000GeV_015,0.9409287306331199,3000.0,0.15
16,Zprime_3000GeV_030,0.9340448284530652,3000.0,0.3
17,Zprime_3000GeV_045,0.9260719199336942,3000.0,0.45
18,Zprime_3000GeV_060,0.9066209342517505,3000.0,0.6
19,Zprime_3000GeV_075,0.8938847780110876,3000.0,0.75
20,Zprime_3500GeV_015,0.9361065190816474,3500.0,0.15
21,Zprime_3500GeV_030,0.9319291564866988,3500.0,0.3
22,Zprime_3500GeV_045,0.9218025876999314,3500.0,0.45
23,Zprime_3500GeV_060,0.9135573671447206,3500.0,0.6
24,Zprime_3500GeV_075,0.8828080212295064,3500.0,0.75
25,Zprime_4000GeV_015,0.9285120114958875,4000.0,0.15
26,Zprime_4000GeV_030,0.9306268931948337,4000.0,0.3
27,Zprime_4000GeV_045,0.9191076982729955,4000.0,0.45
28,Zprime_4000GeV_060,0.8992325498572764,4000.0,0.6
29,Zprime_4000GeV_075,0.8553416936700844,4000.0,0.75
