,name,auc,mass,nu
0,Zprime_1500GeV_015,0.936904134634159,1500.0,0.15
1,Zprime_1500GeV_030,0.9191425779330503,1500.0,0.3
2,Zprime_1500GeV_045,0.9130172298202167,1500.0,0.45
3,Zprime_1500GeV_060,0.8951370918381756,1500.0,0.6
4,Zprime_1500GeV_075,0.8578911472935838,1500.0,0.75
5,Zprime_2000GeV_015,0.9415092900224823,2000.0,0.15
6,Zprime_2000GeV_030,0.9405838204724858,2000.0,0.3
7,Zprime_2000GeV_045,0.9331204468913409,2000.0,0.45
8,Zprime_2000GeV_060,0.9092028954763669,2000.0,0.6
9,Zprime_2000GeV_075,0.8757743040794332,2000.0,0.75
10,Zprime_2500GeV_015,0.9431222480351097,2500.0,0.15
11,Zprime_2500GeV_030,0.94004071174332,2500.0,0.3
12,Zprime_2500GeV_045,0.9303003905917748,2500.0,0.45
13,Zprime_2500GeV_060,0.9070369172860149,2500.0,0.6
14,Zprime_2500GeV_075,0.8895891923970967,2500.0,0.75
15,Zprime_3000GeV_015,0.9396375104701382,3000.0,0.15
16,Zprime_3000GeV_030,0.9325127837584136,3000.0,0.3
17,Zprime_3000GeV_045,0.9230063906643358,3000.0,0.45
18,Zprime_3000GeV_060,0.9016912718704773,3000.0,0.6
19,Zprime_3000GeV_075,0.8867410169436787,3000.0,0.75
20,Zprime_3500GeV_015,0.9348533186180656,3500.0,0.15
21,Zprime_3500GeV_030,0.9297135066686896,3500.0,0.3
22,Zprime_3500GeV_045,0.9172650516780798,3500.0,0.45
23,Zprime_3500GeV_060,0.9085218400596683,3500.0,0.6
24,Zprime_3500GeV_075,0.8747236941060186,3500.0,0.75
25,Zprime_4000GeV_015,0.9250208039064364,4000.0,0.15
26,Zprime_4000GeV_030,0.9284360625602818,4000.0,0.3
27,Zprime_4000GeV_045,0.9153863244315978,4000.0,0.45
28,Zprime_4000GeV_060,0.8939234068137717,4000.0,0.6
29,Zprime_4000GeV_075,0.8445592777729423,4000.0,0.75
