,name,auc,mass,nu
0,Zprime_1500GeV_015,0.8992072567467958,1500.0,0.15
1,Zprime_1500GeV_030,0.8725567820960317,1500.0,0.3
2,Zprime_1500GeV_045,0.8660311937089418,1500.0,0.45
3,Zprime_1500GeV_060,0.8419895752553636,1500.0,0.6
4,Zprime_1500GeV_075,0.7841228959484616,1500.0,0.75
5,Zprime_2000GeV_015,0.9107228097749097,2000.0,0.15
6,Zprime_2000GeV_030,0.9068191476940921,2000.0,0.3
7,Zprime_2000GeV_045,0.8928567190863044,2000.0,0.45
8,Zprime_2000GeV_060,0.8596571745091838,2000.0,0.6
9,Zprime_2000GeV_075,0.8156236731898467,2000.0,0.75
10,Zprime_2500GeV_015,0.9160012476897084,2500.0,0.15
11,Zprime_2500GeV_030,0.9077953873949042,2500.0,0.3
12,Zprime_2500GeV_045,0.8907785099764632,2500.0,0.45
13,Zprime_2500GeV_060,0.8588342860564777,2500.0,0.6
14,Zprime_2500GeV_075,0.8306328090987811,2500.0,0.75
15,Zprime_3000GeV_015,0.9094373220377459,3000.0,0.15
16,Zprime_3000GeV_030,0.8969200102369425,3000.0,0.3
17,Zprime_3000GeV_045,0.8823608103684631,3000.0,0.45
18,Zprime_3000GeV_060,0.8491044393117314,3000.0,0.6
19,Zprime_3000GeV_075,0.827805204018547,3000.0,0.75
20,Zprime_3500GeV_015,0.9015032928235026,3500.0,0.15
21,Zprime_3500GeV_030,0.8925688126912721,3500.0,0.3
22,Zprime_3500GeV_045,0.8765490377204994,3500.0,0.45
23,Zprime_3500GeV_060,0.8583548943846874,3500.0,0.6
24,Zprime_3500GeV_075,0.8106241109606995,3500.0,0.75
25,Zprime_4000GeV_015,0.8881145628684343,4000.0,0.15
26,Zprime_4000GeV_030,0.8921283629601585,4000.0,0.3
27,Zprime_4000GeV_045,0.8700925708967621,4000.0,0.45
28,Zprime_4000GeV_060,0.8386721729591762,4000.0,0.6
29,Zprime_4000GeV_075,0.7742081317570031,4000.0,0.75
