,name,auc,mass,nu
0,Zprime_1500GeV_015,0.909308532254855,1500.0,0.15
1,Zprime_1500GeV_030,0.8846769710861224,1500.0,0.3
2,Zprime_1500GeV_045,0.8835636671600705,1500.0,0.45
3,Zprime_1500GeV_060,0.8575901493342406,1500.0,0.6
4,Zprime_1500GeV_075,0.8120270863454,1500.0,0.75
5,Zprime_2000GeV_015,0.9200597147942169,2000.0,0.15
6,Zprime_2000GeV_030,0.9165071798058599,2000.0,0.3
7,Zprime_2000GeV_045,0.90494398360724,2000.0,0.45
8,Zprime_2000GeV_060,0.8739337922998823,2000.0,0.6
9,Zprime_2000GeV_075,0.8336402987812137,2000.0,0.75
10,Zprime_2500GeV_015,0.9233369945019632,2500.0,0.15
11,Zprime_2500GeV_030,0.9177268997138696,2500.0,0.3
12,Zprime_2500GeV_045,0.9031396072311201,2500.0,0.45
13,Zprime_2500GeV_060,0.8749051946176575,2500.0,0.6
14,Zprime_2500GeV_075,0.8505700665650068,2500.0,0.75
15,Zprime_3000GeV_015,0.9189773447259518,3000.0,0.15
16,Zprime_3000GeV_030,0.9077939603389115,3000.0,0.3
17,Zprime_3000GeV_045,0.8953421160108139,3000.0,0.45
18,Zprime_3000GeV_060,0.8678620632604213,3000.0,0.6
19,Zprime_3000GeV_075,0.8486447142467508,3000.0,0.75
20,Zprime_3500GeV_015,0.9109469365231733,3500.0,0.15
21,Zprime_3500GeV_030,0.9043091224529212,3500.0,0.3
22,Zprime_3500GeV_045,0.8901486734001068,3500.0,0.45
23,Zprime_3500GeV_060,0.8767298578092865,3500.0,0.6
24,Zprime_3500GeV_075,0.8333480414276199,3500.0,0.75
25,Zprime_4000GeV_015,0.90030594633112,4000.0,0.15
26,Zprime_4000GeV_030,0.9042123235124017,4000.0,0.3
27,Zprime_4000GeV_045,0.8852497245625487,4000.0,0.45
28,Zprime_4000GeV_060,0.8597053406111805,4000.0,0.6
29,Zprime_4000GeV_075,0.8015287458583541,4000.0,0.75
