,name,auc,mass,nu
0,Zprime_1500GeV_015,0.9239156126184956,1500.0,0.15
1,Zprime_1500GeV_030,0.9070270122467354,1500.0,0.3
2,Zprime_1500GeV_045,0.896343628265396,1500.0,0.45
3,Zprime_1500GeV_060,0.8773054081084652,1500.0,0.6
4,Zprime_1500GeV_075,0.8426608684295784,1500.0,0.75
5,Zprime_2000GeV_015,0.9315499239090161,2000.0,0.15
6,Zprime_2000GeV_030,0.9297655176632285,2000.0,0.3
7,Zprime_2000GeV_045,0.9188903796929667,2000.0,0.45
8,Zprime_2000GeV_060,0.8934763833284198,2000.0,0.6
9,Zprime_2000GeV_075,0.8584040897417101,2000.0,0.75
10,Zprime_2500GeV_015,0.9341675307710147,2500.0,0.15
11,Zprime_2500GeV_030,0.9286968500647287,2500.0,0.3
12,Zprime_2500GeV_045,0.9178988876537599,2500.0,0.45
13,Zprime_2500GeV_060,0.890924649806385,2500.0,0.6
14,Zprime_2500GeV_075,0.8709934991403838,2500.0,0.75
15,Zprime_3000GeV_015,0.9298924591703569,3000.0,0.15
16,Zprime_3000GeV_030,0.9206177795522563,3000.0,0.3
17,Zprime_3000GeV_045,0.9099391970226576,3000.0,0.45
18,Zprime_3000GeV_060,0.8840305276620104,3000.0,0.6
19,Zprime_3000GeV_075,0.869789361462454,3000.0,0.75
20,Zprime_3500GeV_015,0.9257546492046531,3500.0,0.15
21,Zprime_3500GeV_030,0.9184545122468154,3500.0,0.3
22,Zprime_3500GeV_045,0.904191267238999,3500.0,0.45
23,Zprime_3500GeV_060,0.8918802682597164,3500.0,0.6
24,Zprime_3500GeV_075,0.8543787253701197,3500.0,0.75
25,Zprime_4000GeV_015,0.9135440365242266,4000.0,0.15
26,Zprime_4000GeV_030,0.9166698254591256,4000.0,0.3
27,Zprime_4000GeV_045,0.9012208352268969,4000.0,0.45
28,Zprime_4000GeV_060,0.8755011575608326,4000.0,0.6
29,Zprime_4000GeV_075,0.8251749526337602,4000.0,0.75
