,name,auc,mass,nu
0,Zprime_1500GeV_015,0.9102171904442932,1500.0,0.15
1,Zprime_1500GeV_030,0.8854938428161256,1500.0,0.3
2,Zprime_1500GeV_045,0.8784898328389961,1500.0,0.45
3,Zprime_1500GeV_060,0.8530508019274803,1500.0,0.6
4,Zprime_1500GeV_075,0.8104539747838917,1500.0,0.75
5,Zprime_2000GeV_015,0.9195137012875346,2000.0,0.15
6,Zprime_2000GeV_030,0.9157620345271924,2000.0,0.3
7,Zprime_2000GeV_045,0.9034273471654852,2000.0,0.45
8,Zprime_2000GeV_060,0.8733759625342354,2000.0,0.6
9,Zprime_2000GeV_075,0.834788806955883,2000.0,0.75
10,Zprime_2500GeV_015,0.9240112980591146,2500.0,0.15
11,Zprime_2500GeV_030,0.9176442258270471,2500.0,0.3
12,Zprime_2500GeV_045,0.9021563479818776,2500.0,0.45
13,Zprime_2500GeV_060,0.8735826176554399,2500.0,0.6
14,Zprime_2500GeV_075,0.8504540131726426,2500.0,0.75
15,Zprime_3000GeV_015,0.9203399283021558,3000.0,0.15
16,Zprime_3000GeV_030,0.9080135112566918,3000.0,0.3
17,Zprime_3000GeV_045,0.8950469011124156,3000.0,0.45
18,Zprime_3000GeV_060,0.8658991230782582,3000.0,0.6
19,Zprime_3000GeV_075,0.8500635165053323,3000.0,0.75
20,Zprime_3500GeV_015,0.9123143210167947,3500.0,0.15
21,Zprime_3500GeV_030,0.9052689635707268,3500.0,0.3
22,Zprime_3500GeV_045,0.8895783440793045,3500.0,0.45
23,Zprime_3500GeV_060,0.8744307789525444,3500.0,0.6
24,Zprime_3500GeV_075,0.8316870474225918,3500.0,0.75
25,Zprime_4000GeV_015,0.9024649673000408,4000.0,0.15
26,Zprime_4000GeV_030,0.9044515689400592,4000.0,0.3
27,Zprime_4000GeV_045,0.8844641928578556,4000.0,0.45
28,Zprime_4000GeV_060,0.8588825148758972,4000.0,0.6
29,Zprime_4000GeV_075,0.8011613288148018,4000.0,0.75
