,name,auc,mass,nu
0,Zprime_1500GeV_015,0.9083097205989927,1500.0,0.15
1,Zprime_1500GeV_030,0.8819691020645826,1500.0,0.3
2,Zprime_1500GeV_045,0.8744526078089586,1500.0,0.45
3,Zprime_1500GeV_060,0.8489295416704127,1500.0,0.6
4,Zprime_1500GeV_075,0.7961604887731362,1500.0,0.75
5,Zprime_2000GeV_015,0.9190083041220379,2000.0,0.15
6,Zprime_2000GeV_030,0.9153168503306415,2000.0,0.3
7,Zprime_2000GeV_045,0.901965047109599,2000.0,0.45
8,Zprime_2000GeV_060,0.8691329724071404,2000.0,0.6
9,Zprime_2000GeV_075,0.8257154314474962,2000.0,0.75
10,Zprime_2500GeV_015,0.9223271589860599,2500.0,0.15
11,Zprime_2500GeV_030,0.9154819954359887,2500.0,0.3
12,Zprime_2500GeV_045,0.8995429287663722,2500.0,0.45
13,Zprime_2500GeV_060,0.8696645886916969,2500.0,0.6
14,Zprime_2500GeV_075,0.8430022365003391,2500.0,0.75
15,Zprime_3000GeV_015,0.9145454665086925,3000.0,0.15
16,Zprime_3000GeV_030,0.904353659178436,3000.0,0.3
17,Zprime_3000GeV_045,0.8914181366842571,3000.0,0.45
18,Zprime_3000GeV_060,0.8608321089664015,3000.0,0.6
19,Zprime_3000GeV_075,0.8396173591459644,3000.0,0.75
20,Zprime_3500GeV_015,0.9086478828885938,3500.0,0.15
21,Zprime_3500GeV_030,0.8996107556563002,3500.0,0.3
22,Zprime_3500GeV_045,0.8858699899483071,3500.0,0.45
23,Zprime_3500GeV_060,0.8686432098296332,3500.0,0.6
24,Zprime_3500GeV_075,0.8236115086271729,3500.0,0.75
25,Zprime_4000GeV_015,0.8948342131929281,4000.0,0.15
26,Zprime_4000GeV_030,0.898015860315852,4000.0,0.3
27,Zprime_4000GeV_045,0.877795703994638,4000.0,0.45
28,Zprime_4000GeV_060,0.8502035009505723,4000.0,0.6
29,Zprime_4000GeV_075,0.7868680017866554,4000.0,0.75
