,name,auc,mass,nu
0,Zprime_1500GeV_015,0.94112044409691,1500.0,0.15
1,Zprime_1500GeV_030,0.9233585025990892,1500.0,0.3
2,Zprime_1500GeV_045,0.9197643324041791,1500.0,0.45
3,Zprime_1500GeV_060,0.90245407509119,1500.0,0.6
4,Zprime_1500GeV_075,0.8669035577757295,1500.0,0.75
5,Zprime_2000GeV_015,0.9438319181187321,2000.0,0.15
6,Zprime_2000GeV_030,0.9432125653544547,2000.0,0.3
7,Zprime_2000GeV_045,0.93625034631721,2000.0,0.45
8,Zprime_2000GeV_060,0.9146660902737235,2000.0,0.6
9,Zprime_2000GeV_075,0.8840948061981136,2000.0,0.75
10,Zprime_2500GeV_015,0.9468244796612566,2500.0,0.15
11,Zprime_2500GeV_030,0.94334005577683,2500.0,0.3
12,Zprime_2500GeV_045,0.9348951435478754,2500.0,0.45
13,Zprime_2500GeV_060,0.9131720851500988,2500.0,0.6
14,Zprime_2500GeV_075,0.8964016728488199,2500.0,0.75
15,Zprime_3000GeV_015,0.9431863540555039,3000.0,0.15
16,Zprime_3000GeV_030,0.9359312230386311,3000.0,0.3
17,Zprime_3000GeV_045,0.9287820999487798,3000.0,0.45
18,Zprime_3000GeV_060,0.9091516705060156,3000.0,0.6
19,Zprime_3000GeV_075,0.8958325102870531,3000.0,0.75
20,Zprime_3500GeV_015,0.937860140398765,3500.0,0.15
21,Zprime_3500GeV_030,0.9335212162893936,3500.0,0.3
22,Zprime_3500GeV_045,0.9240131752573247,3500.0,0.45
23,Zprime_3500GeV_060,0.9153483739632148,3500.0,0.6
24,Zprime_3500GeV_075,0.8824505898278863,3500.0,0.75
25,Zprime_4000GeV_015,0.9296431815049069,4000.0,0.15
26,Zprime_4000GeV_030,0.9329030679705557,4000.0,0.3
27,Zprime_4000GeV_045,0.9214774273617139,4000.0,0.45
28,Zprime_4000GeV_060,0.900630038594805,4000.0,0.6
29,Zprime_4000GeV_075,0.8560299160831011,4000.0,0.75
