,name,auc,mass,nu
0,Zprime_1500GeV_015,0.8963939314104954,1500.0,0.15
1,Zprime_1500GeV_030,0.8724256123631897,1500.0,0.3
2,Zprime_1500GeV_045,0.8684990914363081,1500.0,0.45
3,Zprime_1500GeV_060,0.8409021282613978,1500.0,0.6
4,Zprime_1500GeV_075,0.7975589109315661,1500.0,0.75
5,Zprime_2000GeV_015,0.9085966895756503,2000.0,0.15
6,Zprime_2000GeV_030,0.9045132848770445,2000.0,0.3
7,Zprime_2000GeV_045,0.8931845248451816,2000.0,0.45
8,Zprime_2000GeV_060,0.8613822948232612,2000.0,0.6
9,Zprime_2000GeV_075,0.818913958376002,2000.0,0.75
10,Zprime_2500GeV_015,0.913088706414745,2500.0,0.15
11,Zprime_2500GeV_030,0.9053409535928871,2500.0,0.3
12,Zprime_2500GeV_045,0.8903447175860233,2500.0,0.45
13,Zprime_2500GeV_060,0.8618684216627128,2500.0,0.6
14,Zprime_2500GeV_075,0.8343070248177863,2500.0,0.75
15,Zprime_3000GeV_015,0.9081971817528592,3000.0,0.15
16,Zprime_3000GeV_030,0.89556770758339,3000.0,0.3
17,Zprime_3000GeV_045,0.8830439173749415,3000.0,0.45
18,Zprime_3000GeV_060,0.8525898107158069,3000.0,0.6
19,Zprime_3000GeV_075,0.8336432952609935,3000.0,0.75
20,Zprime_3500GeV_015,0.899797482493486,3500.0,0.15
21,Zprime_3500GeV_030,0.8923127140593392,3500.0,0.3
22,Zprime_3500GeV_045,0.8766251702823262,3500.0,0.45
23,Zprime_3500GeV_060,0.8611683320113404,3500.0,0.6
24,Zprime_3500GeV_075,0.8155265153956898,3500.0,0.75
25,Zprime_4000GeV_015,0.8881581778516453,4000.0,0.15
26,Zprime_4000GeV_030,0.8921336307667446,4000.0,0.3
27,Zprime_4000GeV_045,0.8709604387212422,4000.0,0.45
28,Zprime_4000GeV_060,0.8435558356591817,4000.0,0.6
29,Zprime_4000GeV_075,0.7803867913356856,4000.0,0.75
