,name,auc,mass,nu
0,Zprime_1500GeV_015,0.9333670124262307,1500.0,0.15
1,Zprime_1500GeV_030,0.9159838707461643,1500.0,0.3
2,Zprime_1500GeV_045,0.9099066881423077,1500.0,0.45
3,Zprime_1500GeV_060,0.8885758131005456,1500.0,0.6
4,Zprime_1500GeV_075,0.8508045060936184,1500.0,0.75
5,Zprime_2000GeV_015,0.9396774075868864,2000.0,0.15
6,Zprime_2000GeV_030,0.9366708349404047,2000.0,0.3
7,Zprime_2000GeV_045,0.9279996014380935,2000.0,0.45
8,Zprime_2000GeV_060,0.9039854989086219,2000.0,0.6
9,Zprime_2000GeV_075,0.8681018678313719,2000.0,0.75
10,Zprime_2500GeV_015,0.9416331563152137,2500.0,0.15
11,Zprime_2500GeV_030,0.9376983152946267,2500.0,0.3
12,Zprime_2500GeV_045,0.9270707781380192,2500.0,0.45
13,Zprime_2500GeV_060,0.9025316585405947,2500.0,0.6
14,Zprime_2500GeV_075,0.8812275766379833,2500.0,0.75
15,Zprime_3000GeV_015,0.9373967735030145,3000.0,0.15
16,Zprime_3000GeV_030,0.9298933082804952,3000.0,0.3
17,Zprime_3000GeV_045,0.9202533729524625,3000.0,0.45
18,Zprime_3000GeV_060,0.8977206706460472,3000.0,0.6
19,Zprime_3000GeV_075,0.880626338974865,3000.0,0.75
20,Zprime_3500GeV_015,0.9331587672399506,3500.0,0.15
21,Zprime_3500GeV_030,0.9272484826786697,3500.0,0.3
22,Zprime_3500GeV_045,0.9148488308802225,3500.0,0.45
23,Zprime_3500GeV_060,0.9040030243265015,3500.0,0.6
24,Zprime_3500GeV_075,0.8662631771202646,3500.0,0.75
25,Zprime_4000GeV_015,0.921546777977038,4000.0,0.15
26,Zprime_4000GeV_030,0.9257035463063086,4000.0,0.3
27,Zprime_4000GeV_045,0.9123739117544881,4000.0,0.45
28,Zprime_4000GeV_060,0.8897099055220301,4000.0,0.6
29,Zprime_4000GeV_075,0.838984605160382,4000.0,0.75
