,name,auc,mass,nu
0,Zprime_1500GeV_015,0.9189251744913336,1500.0,0.15
1,Zprime_1500GeV_030,0.8986611440642592,1500.0,0.3
2,Zprime_1500GeV_045,0.8933408162039399,1500.0,0.45
3,Zprime_1500GeV_060,0.8686931469926937,1500.0,0.6
4,Zprime_1500GeV_075,0.8299137045511055,1500.0,0.75
5,Zprime_2000GeV_015,0.9248053668348308,2000.0,0.15
6,Zprime_2000GeV_030,0.9225665540944327,2000.0,0.3
7,Zprime_2000GeV_045,0.9132919825355346,2000.0,0.45
8,Zprime_2000GeV_060,0.8871325184670146,2000.0,0.6
9,Zprime_2000GeV_075,0.8426181598247574,2000.0,0.75
10,Zprime_2500GeV_015,0.9271545828558811,2500.0,0.15
11,Zprime_2500GeV_030,0.9220345040657679,2500.0,0.3
12,Zprime_2500GeV_045,0.910635914847242,2500.0,0.45
13,Zprime_2500GeV_060,0.8844814739152842,2500.0,0.6
14,Zprime_2500GeV_075,0.8578710388583228,2500.0,0.75
15,Zprime_3000GeV_015,0.9203758944729791,3000.0,0.15
16,Zprime_3000GeV_030,0.9126757902505407,3000.0,0.3
17,Zprime_3000GeV_045,0.9029336437793078,3000.0,0.45
18,Zprime_3000GeV_060,0.8750446481038234,3000.0,0.6
19,Zprime_3000GeV_075,0.8583710056457629,3000.0,0.75
20,Zprime_3500GeV_015,0.9149312057346697,3500.0,0.15
21,Zprime_3500GeV_030,0.9084345751014737,3500.0,0.3
22,Zprime_3500GeV_045,0.8961029520538012,3500.0,0.45
23,Zprime_3500GeV_060,0.8814366230956623,3500.0,0.6
24,Zprime_3500GeV_075,0.8394620425879369,3500.0,0.75
25,Zprime_4000GeV_015,0.9030668716905699,4000.0,0.15
26,Zprime_4000GeV_030,0.905992804308608,4000.0,0.3
27,Zprime_4000GeV_045,0.8901143846890884,4000.0,0.45
28,Zprime_4000GeV_060,0.8641280236048917,4000.0,0.6
29,Zprime_4000GeV_075,0.8035142080882807,4000.0,0.75
