,name,auc,mass,nu
0,Zprime_1500GeV_015,0.9316347112333088,1500.0,0.15
1,Zprime_1500GeV_030,0.9145871046282704,1500.0,0.3
2,Zprime_1500GeV_045,0.9078009639878891,1500.0,0.45
3,Zprime_1500GeV_060,0.8896009000542645,1500.0,0.6
4,Zprime_1500GeV_075,0.8532306237779066,1500.0,0.75
5,Zprime_2000GeV_015,0.9376637143314754,2000.0,0.15
6,Zprime_2000GeV_030,0.9368795899673407,2000.0,0.3
7,Zprime_2000GeV_045,0.9281356373101863,2000.0,0.45
8,Zprime_2000GeV_060,0.9032557749543709,2000.0,0.6
9,Zprime_2000GeV_075,0.8699694544106784,2000.0,0.75
10,Zprime_2500GeV_015,0.9407756064124358,2500.0,0.15
11,Zprime_2500GeV_030,0.9361482064682386,2500.0,0.3
12,Zprime_2500GeV_045,0.9263005904399343,2500.0,0.45
13,Zprime_2500GeV_060,0.9022830253798119,2500.0,0.6
14,Zprime_2500GeV_075,0.8832717204437168,2500.0,0.75
15,Zprime_3000GeV_015,0.9367773093930233,3000.0,0.15
16,Zprime_3000GeV_030,0.9291307927017011,3000.0,0.3
17,Zprime_3000GeV_045,0.9197283406850514,3000.0,0.45
18,Zprime_3000GeV_060,0.896941268996604,3000.0,0.6
19,Zprime_3000GeV_075,0.884995867390179,3000.0,0.75
20,Zprime_3500GeV_015,0.9323881802281411,3500.0,0.15
21,Zprime_3500GeV_030,0.9265493285651362,3500.0,0.3
22,Zprime_3500GeV_045,0.9144455152164878,3500.0,0.45
23,Zprime_3500GeV_060,0.9039586547622593,3500.0,0.6
24,Zprime_3500GeV_075,0.8708136831474678,3500.0,0.75
25,Zprime_4000GeV_015,0.9229639917870608,4000.0,0.15
26,Zprime_4000GeV_030,0.9252030195634798,4000.0,0.3
27,Zprime_4000GeV_045,0.9117479020089725,4000.0,0.45
28,Zprime_4000GeV_060,0.888851460954942,4000.0,0.6
29,Zprime_4000GeV_075,0.8406832070247541,4000.0,0.75
