,name,auc,mass,nu
0,Zprime_1500GeV_015,0.9407590127775023,1500.0,0.15
1,Zprime_1500GeV_030,0.9249090265911298,1500.0,0.3
2,Zprime_1500GeV_045,0.9164509603474845,1500.0,0.45
3,Zprime_1500GeV_060,0.9008732453760327,1500.0,0.6
4,Zprime_1500GeV_075,0.8661751504045063,1500.0,0.75
5,Zprime_2000GeV_015,0.9454932461005976,2000.0,0.15
6,Zprime_2000GeV_030,0.9436105336917882,2000.0,0.3
7,Zprime_2000GeV_045,0.9354344448380624,2000.0,0.45
8,Zprime_2000GeV_060,0.9128910543976978,2000.0,0.6
9,Zprime_2000GeV_075,0.8811974812105776,2000.0,0.75
10,Zprime_2500GeV_015,0.9483203738727558,2500.0,0.15
11,Zprime_2500GeV_030,0.9437018697204995,2500.0,0.3
12,Zprime_2500GeV_045,0.9348170745770392,2500.0,0.45
13,Zprime_2500GeV_060,0.9120343406203081,2500.0,0.6
14,Zprime_2500GeV_075,0.8940391883285892,2500.0,0.75
15,Zprime_3000GeV_015,0.9448568268533293,3000.0,0.15
16,Zprime_3000GeV_030,0.9373879880944402,3000.0,0.3
17,Zprime_3000GeV_045,0.9292446639216145,3000.0,0.45
18,Zprime_3000GeV_060,0.9075005273617693,3000.0,0.6
19,Zprime_3000GeV_075,0.8931668549796555,3000.0,0.75
20,Zprime_3500GeV_015,0.9396522977609854,3500.0,0.15
21,Zprime_3500GeV_030,0.9351052517104477,3500.0,0.3
22,Zprime_3500GeV_045,0.9245840067350024,3500.0,0.45
23,Zprime_3500GeV_060,0.9136915236260582,3500.0,0.6
24,Zprime_3500GeV_075,0.8811212101678162,3500.0,0.75
25,Zprime_4000GeV_015,0.9315772020271045,4000.0,0.15
26,Zprime_4000GeV_030,0.9341069461959666,4000.0,0.3
27,Zprime_4000GeV_045,0.9221099015447182,4000.0,0.45
28,Zprime_4000GeV_060,0.9010498697608593,4000.0,0.6
29,Zprime_4000GeV_075,0.854001102906063,4000.0,0.75
