,name,auc,mass,nu
0,Zprime_1500GeV_015,0.9460376617273778,1500.0,0.15
1,Zprime_1500GeV_030,0.929314969042358,1500.0,0.3
2,Zprime_1500GeV_045,0.923263458432566,1500.0,0.45
3,Zprime_1500GeV_060,0.9066908927607809,1500.0,0.6
4,Zprime_1500GeV_075,0.8716954471644087,1500.0,0.75
5,Zprime_2000GeV_015,0.9491649519506974,2000.0,0.15
6,Zprime_2000GeV_030,0.9475887749035072,2000.0,0.3
7,Zprime_2000GeV_045,0.9404024828733424,2000.0,0.45
8,Zprime_2000GeV_060,0.9198345196612502,2000.0,0.6
9,Zprime_2000GeV_075,0.888622586219824,2000.0,0.75
10,Zprime_2500GeV_015,0.9510398221015403,2500.0,0.15
11,Zprime_2500GeV_030,0.9470732822000376,2500.0,0.3
12,Zprime_2500GeV_045,0.9387162414088014,2500.0,0.45
13,Zprime_2500GeV_060,0.9178295601223573,2500.0,0.6
14,Zprime_2500GeV_075,0.9003567415708263,2500.0,0.75
15,Zprime_3000GeV_015,0.9469936230709347,3000.0,0.15
16,Zprime_3000GeV_030,0.9404116488764167,3000.0,0.3
17,Zprime_3000GeV_045,0.9322002240467764,3000.0,0.45
18,Zprime_3000GeV_060,0.9127503355640895,3000.0,0.6
19,Zprime_3000GeV_075,0.8990812817407124,3000.0,0.75
20,Zprime_3500GeV_015,0.9422147865263769,3500.0,0.15
21,Zprime_3500GeV_030,0.937760542080567,3500.0,0.3
22,Zprime_3500GeV_045,0.9282377745538066,3500.0,0.45
23,Zprime_3500GeV_060,0.9191747859410702,3500.0,0.6
24,Zprime_3500GeV_075,0.886929113216872,3500.0,0.75
25,Zprime_4000GeV_015,0.9334355175117769,4000.0,0.15
26,Zprime_4000GeV_030,0.9366209856098278,4000.0,0.3
27,Zprime_4000GeV_045,0.9253331642704417,4000.0,0.45
28,Zprime_4000GeV_060,0.9053852550426973,4000.0,0.6
29,Zprime_4000GeV_075,0.8593413933487692,4000.0,0.75
