,name,auc,mass,nu
0,Zprime_1500GeV_015,0.8976327241201162,1500.0,0.15
1,Zprime_1500GeV_030,0.8710238266583397,1500.0,0.3
2,Zprime_1500GeV_045,0.8682431100540942,1500.0,0.45
3,Zprime_1500GeV_060,0.8434139928384587,1500.0,0.6
4,Zprime_1500GeV_075,0.7998829636810685,1500.0,0.75
5,Zprime_2000GeV_015,0.907291475191664,2000.0,0.15
6,Zprime_2000GeV_030,0.9041249935294731,2000.0,0.3
7,Zprime_2000GeV_045,0.8926817682837896,2000.0,0.45
8,Zprime_2000GeV_060,0.8613547917530846,2000.0,0.6
9,Zprime_2000GeV_075,0.822034883315051,2000.0,0.75
10,Zprime_2500GeV_015,0.9123518124182799,2500.0,0.15
11,Zprime_2500GeV_030,0.9050333199483264,2500.0,0.3
12,Zprime_2500GeV_045,0.8892159589998156,2500.0,0.45
13,Zprime_2500GeV_060,0.8599955988471246,2500.0,0.6
14,Zprime_2500GeV_075,0.836822820123447,2500.0,0.75
15,Zprime_3000GeV_015,0.9069569425238988,3000.0,0.15
16,Zprime_3000GeV_030,0.8947602388597093,3000.0,0.3
17,Zprime_3000GeV_045,0.881200686922571,3000.0,0.45
18,Zprime_3000GeV_060,0.850870319109529,3000.0,0.6
19,Zprime_3000GeV_075,0.8343481466983874,3000.0,0.75
20,Zprime_3500GeV_015,0.8993169991136953,3500.0,0.15
21,Zprime_3500GeV_030,0.8904396603671334,3500.0,0.3
22,Zprime_3500GeV_045,0.8758911378201535,3500.0,0.45
23,Zprime_3500GeV_060,0.8591021785396734,3500.0,0.6
24,Zprime_3500GeV_075,0.8152433550355616,3500.0,0.75
25,Zprime_4000GeV_015,0.8864715027453474,4000.0,0.15
26,Zprime_4000GeV_030,0.8909087002299146,4000.0,0.3
27,Zprime_4000GeV_045,0.8686949990124072,4000.0,0.45
28,Zprime_4000GeV_060,0.8417592948297346,4000.0,0.6
29,Zprime_4000GeV_075,0.7820023561400006,4000.0,0.75
