,name,auc,mass,nu
0,Zprime_1500GeV_015,0.9365921008747223,1500.0,0.15
1,Zprime_1500GeV_030,0.9209534599748704,1500.0,0.3
2,Zprime_1500GeV_045,0.915949045758292,1500.0,0.45
3,Zprime_1500GeV_060,0.8967980679490521,1500.0,0.6
4,Zprime_1500GeV_075,0.8617278260964201,1500.0,0.75
5,Zprime_2000GeV_015,0.9422008729516975,2000.0,0.15
6,Zprime_2000GeV_030,0.9412152141871976,2000.0,0.3
7,Zprime_2000GeV_045,0.933760608430611,2000.0,0.45
8,Zprime_2000GeV_060,0.9098021611555507,2000.0,0.6
9,Zprime_2000GeV_075,0.8781053194077143,2000.0,0.75
10,Zprime_2500GeV_015,0.9460208611145589,2500.0,0.15
11,Zprime_2500GeV_030,0.9415745103424492,2500.0,0.3
12,Zprime_2500GeV_045,0.9322699824649527,2500.0,0.45
13,Zprime_2500GeV_060,0.9087259541784461,2500.0,0.6
14,Zprime_2500GeV_075,0.8907165333705529,2500.0,0.75
15,Zprime_3000GeV_015,0.9420822206453836,3000.0,0.15
16,Zprime_3000GeV_030,0.9344588538705468,3000.0,0.3
17,Zprime_3000GeV_045,0.9264338599662859,3000.0,0.45
18,Zprime_3000GeV_060,0.9040145678444307,3000.0,0.6
19,Zprime_3000GeV_075,0.8894103530219819,3000.0,0.75
20,Zprime_3500GeV_015,0.9366628086802942,3500.0,0.15
21,Zprime_3500GeV_030,0.9315919919257012,3500.0,0.3
22,Zprime_3500GeV_045,0.9208296959507074,3500.0,0.45
23,Zprime_3500GeV_060,0.9109520111103024,3500.0,0.6
24,Zprime_3500GeV_075,0.8752089430370227,3500.0,0.75
25,Zprime_4000GeV_015,0.9274338491109081,4000.0,0.15
26,Zprime_4000GeV_030,0.9308610221353041,4000.0,0.3
27,Zprime_4000GeV_045,0.9187583603749642,4000.0,0.45
28,Zprime_4000GeV_060,0.8966321873985421,4000.0,0.6
29,Zprime_4000GeV_075,0.8458008065366371,4000.0,0.75
