,name,auc,mass,nu
0,Zprime_1500GeV_015,0.8999822028649184,1500.0,0.15
1,Zprime_1500GeV_030,0.8722194130147851,1500.0,0.3
2,Zprime_1500GeV_045,0.8661971258704712,1500.0,0.45
3,Zprime_1500GeV_060,0.8365020534077904,1500.0,0.6
4,Zprime_1500GeV_075,0.7911983748862497,1500.0,0.75
5,Zprime_2000GeV_015,0.909070231680851,2000.0,0.15
6,Zprime_2000GeV_030,0.905569390920195,2000.0,0.3
7,Zprime_2000GeV_045,0.8917286709957031,2000.0,0.45
8,Zprime_2000GeV_060,0.8599668211441038,2000.0,0.6
9,Zprime_2000GeV_075,0.8162299203163663,2000.0,0.75
10,Zprime_2500GeV_015,0.9139410247880689,2500.0,0.15
11,Zprime_2500GeV_030,0.9064183490451143,2500.0,0.3
12,Zprime_2500GeV_045,0.8896753103097115,2500.0,0.45
13,Zprime_2500GeV_060,0.8586759215876767,2500.0,0.6
14,Zprime_2500GeV_075,0.8329293277110709,2500.0,0.75
15,Zprime_3000GeV_015,0.9080913528205996,3000.0,0.15
16,Zprime_3000GeV_030,0.8944963545276879,3000.0,0.3
17,Zprime_3000GeV_045,0.8793850810442734,3000.0,0.45
18,Zprime_3000GeV_060,0.8476844974362385,3000.0,0.6
19,Zprime_3000GeV_075,0.8295507205697323,3000.0,0.75
20,Zprime_3500GeV_015,0.8998559438404939,3500.0,0.15
21,Zprime_3500GeV_030,0.8908058237223797,3500.0,0.3
22,Zprime_3500GeV_045,0.873931340425202,3500.0,0.45
23,Zprime_3500GeV_060,0.8555978528267683,3500.0,0.6
24,Zprime_3500GeV_075,0.8090843163798104,3500.0,0.75
25,Zprime_4000GeV_015,0.8861860052330226,4000.0,0.15
26,Zprime_4000GeV_030,0.8905306192534566,4000.0,0.3
27,Zprime_4000GeV_045,0.8668801784531138,4000.0,0.45
28,Zprime_4000GeV_060,0.8364169394016148,4000.0,0.6
29,Zprime_4000GeV_075,0.7742811776151708,4000.0,0.75
