,name,auc,mass,nu
0,Zprime_1500GeV_015,0.9304687886830773,1500.0,0.15
1,Zprime_1500GeV_030,0.91196404020742,1500.0,0.3
2,Zprime_1500GeV_045,0.906605725307488,1500.0,0.45
3,Zprime_1500GeV_060,0.8846181873138225,1500.0,0.6
4,Zprime_1500GeV_075,0.8466019143837749,1500.0,0.75
5,Zprime_2000GeV_015,0.935200985492572,2000.0,0.15
6,Zprime_2000GeV_030,0.9333680373738658,2000.0,0.3
7,Zprime_2000GeV_045,0.9251708387313182,2000.0,0.45
8,Zprime_2000GeV_060,0.9005729006670834,2000.0,0.6
9,Zprime_2000GeV_075,0.8660729220980035,2000.0,0.75
10,Zprime_2500GeV_015,0.9381607511899025,2500.0,0.15
11,Zprime_2500GeV_030,0.9337242234812065,2500.0,0.3
12,Zprime_2500GeV_045,0.9232250880259167,2500.0,0.45
13,Zprime_2500GeV_060,0.8976168585666704,2500.0,0.6
14,Zprime_2500GeV_075,0.8789878789371548,2500.0,0.75
15,Zprime_3000GeV_015,0.9338453326357117,3000.0,0.15
16,Zprime_3000GeV_030,0.9255639757972107,3000.0,0.3
17,Zprime_3000GeV_045,0.9154884906301244,3000.0,0.45
18,Zprime_3000GeV_060,0.8924185809935278,3000.0,0.6
19,Zprime_3000GeV_075,0.8787011770565655,3000.0,0.75
20,Zprime_3500GeV_015,0.9291731834697458,3500.0,0.15
21,Zprime_3500GeV_030,0.9227533674261345,3500.0,0.3
22,Zprime_3500GeV_045,0.9103930627362439,3500.0,0.45
23,Zprime_3500GeV_060,0.8991904323904646,3500.0,0.6
24,Zprime_3500GeV_075,0.8636687509400717,3500.0,0.75
25,Zprime_4000GeV_015,0.9194290106144594,4000.0,0.15
26,Zprime_4000GeV_030,0.9210860064661806,4000.0,0.3
27,Zprime_4000GeV_045,0.9069711612707909,4000.0,0.45
28,Zprime_4000GeV_060,0.8832061918534732,4000.0,0.6
29,Zprime_4000GeV_075,0.8307475211019897,4000.0,0.75
