,name,auc,mass,nu
0,Zprime_1500GeV_015,0.8961450751450163,1500.0,0.15
1,Zprime_1500GeV_030,0.864929387620959,1500.0,0.3
2,Zprime_1500GeV_045,0.8619822732618275,1500.0,0.45
3,Zprime_1500GeV_060,0.8340505546432413,1500.0,0.6
4,Zprime_1500GeV_075,0.788857020630372,1500.0,0.75
5,Zprime_2000GeV_015,0.9059177541991088,2000.0,0.15
6,Zprime_2000GeV_030,0.9024357870714768,2000.0,0.3
7,Zprime_2000GeV_045,0.888925854745102,2000.0,0.45
8,Zprime_2000GeV_060,0.8553324422450171,2000.0,0.6
9,Zprime_2000GeV_075,0.8117510308263756,2000.0,0.75
10,Zprime_2500GeV_015,0.9099109581660447,2500.0,0.15
11,Zprime_2500GeV_030,0.9022636815218396,2500.0,0.3
12,Zprime_2500GeV_045,0.885549953607803,2500.0,0.45
13,Zprime_2500GeV_060,0.8550493381882642,2500.0,0.6
14,Zprime_2500GeV_075,0.8283318602437523,2500.0,0.75
15,Zprime_3000GeV_015,0.9041301680530464,3000.0,0.15
16,Zprime_3000GeV_030,0.8908870936316569,3000.0,0.3
17,Zprime_3000GeV_045,0.8769341383097367,3000.0,0.45
18,Zprime_3000GeV_060,0.8451796199764879,3000.0,0.6
19,Zprime_3000GeV_075,0.8266637656579023,3000.0,0.75
20,Zprime_3500GeV_015,0.8954212922092629,3500.0,0.15
21,Zprime_3500GeV_030,0.8868143613833813,3500.0,0.3
22,Zprime_3500GeV_045,0.8714901140747914,3500.0,0.45
23,Zprime_3500GeV_060,0.8532694886078557,3500.0,0.6
24,Zprime_3500GeV_075,0.808737403038312,3500.0,0.75
25,Zprime_4000GeV_015,0.8824502894043575,4000.0,0.15
26,Zprime_4000GeV_030,0.8861970680958481,4000.0,0.3
27,Zprime_4000GeV_045,0.8644653882090696,4000.0,0.45
28,Zprime_4000GeV_060,0.8354477299958062,4000.0,0.6
29,Zprime_4000GeV_075,0.7730969484639874,4000.0,0.75
