,name,auc,mass,nu
0,Zprime_1500GeV_015,0.8988203675832425,1500.0,0.15
1,Zprime_1500GeV_030,0.8751142616504611,1500.0,0.3
2,Zprime_1500GeV_045,0.8730236255112078,1500.0,0.45
3,Zprime_1500GeV_060,0.8455936298545164,1500.0,0.6
4,Zprime_1500GeV_075,0.8074059098038987,1500.0,0.75
5,Zprime_2000GeV_015,0.9095315034355729,2000.0,0.15
6,Zprime_2000GeV_030,0.9058794471336066,2000.0,0.3
7,Zprime_2000GeV_045,0.8940858908514637,2000.0,0.45
8,Zprime_2000GeV_060,0.8624055150294375,2000.0,0.6
9,Zprime_2000GeV_075,0.8238657056651276,2000.0,0.75
10,Zprime_2500GeV_015,0.913982952189353,2500.0,0.15
11,Zprime_2500GeV_030,0.907093450845461,2500.0,0.3
12,Zprime_2500GeV_045,0.891503968252092,2500.0,0.45
13,Zprime_2500GeV_060,0.8628849091982423,2500.0,0.6
14,Zprime_2500GeV_075,0.8410746609164013,2500.0,0.75
15,Zprime_3000GeV_015,0.9099553767174403,3000.0,0.15
16,Zprime_3000GeV_030,0.8970263973311234,3000.0,0.3
17,Zprime_3000GeV_045,0.8837023054192941,3000.0,0.45
18,Zprime_3000GeV_060,0.8542017806662991,3000.0,0.6
19,Zprime_3000GeV_075,0.8373349141866582,3000.0,0.75
20,Zprime_3500GeV_015,0.9019960089023864,3500.0,0.15
21,Zprime_3500GeV_030,0.8935763293164627,3500.0,0.3
22,Zprime_3500GeV_045,0.8781277910390589,3500.0,0.45
23,Zprime_3500GeV_060,0.8633203053010868,3500.0,0.6
24,Zprime_3500GeV_075,0.8203316895506995,3500.0,0.75
25,Zprime_4000GeV_015,0.8912753715406224,4000.0,0.15
26,Zprime_4000GeV_030,0.8937162803633723,4000.0,0.3
27,Zprime_4000GeV_045,0.8731308185349749,4000.0,0.45
28,Zprime_4000GeV_060,0.8467219180114568,4000.0,0.6
29,Zprime_4000GeV_075,0.7866771377806807,4000.0,0.75
