,name,auc,mass,nu
0,Zprime_1500GeV_015,0.93179166234584,1500.0,0.15
1,Zprime_1500GeV_030,0.9119382157534717,1500.0,0.3
2,Zprime_1500GeV_045,0.9075580507242867,1500.0,0.45
3,Zprime_1500GeV_060,0.8886470124204815,1500.0,0.6
4,Zprime_1500GeV_075,0.8467023747433726,1500.0,0.75
5,Zprime_2000GeV_015,0.9356209687142065,2000.0,0.15
6,Zprime_2000GeV_030,0.9355817383836571,2000.0,0.3
7,Zprime_2000GeV_045,0.9273102661826876,2000.0,0.45
8,Zprime_2000GeV_060,0.9026286993756273,2000.0,0.6
9,Zprime_2000GeV_075,0.8678676375324429,2000.0,0.75
10,Zprime_2500GeV_015,0.9396469114493287,2500.0,0.15
11,Zprime_2500GeV_030,0.9356730048361518,2500.0,0.3
12,Zprime_2500GeV_045,0.9256041847490112,2500.0,0.45
13,Zprime_2500GeV_060,0.9015000692949019,2500.0,0.6
14,Zprime_2500GeV_075,0.8824169816542158,2500.0,0.75
15,Zprime_3000GeV_015,0.9351896280489431,3000.0,0.15
16,Zprime_3000GeV_030,0.92782942888415,3000.0,0.3
17,Zprime_3000GeV_045,0.9190102860174791,3000.0,0.45
18,Zprime_3000GeV_060,0.8968578357325202,3000.0,0.6
19,Zprime_3000GeV_075,0.8819302601637957,3000.0,0.75
20,Zprime_3500GeV_015,0.9303835390569025,3500.0,0.15
21,Zprime_3500GeV_030,0.9256386666479477,3500.0,0.3
22,Zprime_3500GeV_045,0.9138399512215971,3500.0,0.45
23,Zprime_3500GeV_060,0.9039596300623495,3500.0,0.6
24,Zprime_3500GeV_075,0.8685670835213477,3500.0,0.75
25,Zprime_4000GeV_015,0.9223000571981868,4000.0,0.15
26,Zprime_4000GeV_030,0.9239747127125547,4000.0,0.3
27,Zprime_4000GeV_045,0.9113206642208759,4000.0,0.45
28,Zprime_4000GeV_060,0.8876606024026823,4000.0,0.6
29,Zprime_4000GeV_075,0.8374006721946858,4000.0,0.75
