,name,auc,mass,nu
0,Zprime_1500GeV_015,0.9336271962645635,1500.0,0.15
1,Zprime_1500GeV_030,0.9157779355865466,1500.0,0.3
2,Zprime_1500GeV_045,0.9081238782969409,1500.0,0.45
3,Zprime_1500GeV_060,0.8904255940696626,1500.0,0.6
4,Zprime_1500GeV_075,0.8559925162613229,1500.0,0.75
5,Zprime_2000GeV_015,0.9368238276397882,2000.0,0.15
6,Zprime_2000GeV_030,0.9352107444419475,2000.0,0.3
7,Zprime_2000GeV_045,0.9276181153232032,2000.0,0.45
8,Zprime_2000GeV_060,0.9034183387403644,2000.0,0.6
9,Zprime_2000GeV_075,0.8727913469969337,2000.0,0.75
10,Zprime_2500GeV_015,0.9387838970035722,2500.0,0.15
11,Zprime_2500GeV_030,0.9352059254443681,2500.0,0.3
12,Zprime_2500GeV_045,0.9250907472981489,2500.0,0.45
13,Zprime_2500GeV_060,0.9013050988039197,2500.0,0.6
14,Zprime_2500GeV_075,0.8846525607195928,2500.0,0.75
15,Zprime_3000GeV_015,0.9353270366314214,3000.0,0.15
16,Zprime_3000GeV_030,0.9275189186383447,3000.0,0.3
17,Zprime_3000GeV_045,0.9184094952336909,3000.0,0.45
18,Zprime_3000GeV_060,0.8957593977953004,3000.0,0.6
19,Zprime_3000GeV_075,0.8821913466349701,3000.0,0.75
20,Zprime_3500GeV_015,0.9310318355933033,3500.0,0.15
21,Zprime_3500GeV_030,0.9247768677342018,3500.0,0.3
22,Zprime_3500GeV_045,0.9130734831449557,3500.0,0.45
23,Zprime_3500GeV_060,0.9026974863076764,3500.0,0.6
24,Zprime_3500GeV_075,0.8696974043275533,3500.0,0.75
25,Zprime_4000GeV_015,0.9212264237225753,4000.0,0.15
26,Zprime_4000GeV_030,0.9243746120548904,4000.0,0.3
27,Zprime_4000GeV_045,0.909863909689666,4000.0,0.45
28,Zprime_4000GeV_060,0.8882740416319801,4000.0,0.6
29,Zprime_4000GeV_075,0.8401591775432117,4000.0,0.75
