,name,auc,mass,nu
0,Zprime_1500GeV_015,0.9282004714138772,1500.0,0.15
1,Zprime_1500GeV_030,0.9071320272896449,1500.0,0.3
2,Zprime_1500GeV_045,0.9014805519490111,1500.0,0.45
3,Zprime_1500GeV_060,0.8785685088372315,1500.0,0.6
4,Zprime_1500GeV_075,0.845741931847134,1500.0,0.75
5,Zprime_2000GeV_015,0.9321869909356859,2000.0,0.15
6,Zprime_2000GeV_030,0.9298069904764937,2000.0,0.3
7,Zprime_2000GeV_045,0.9202367621256662,2000.0,0.45
8,Zprime_2000GeV_060,0.8956523615276901,2000.0,0.6
9,Zprime_2000GeV_075,0.8577748366394393,2000.0,0.75
10,Zprime_2500GeV_015,0.9351845295736556,2500.0,0.15
11,Zprime_2500GeV_030,0.9310728025933799,2500.0,0.3
12,Zprime_2500GeV_045,0.9196932498867446,2500.0,0.45
13,Zprime_2500GeV_060,0.8942111685649546,2500.0,0.6
14,Zprime_2500GeV_075,0.8710808033734444,2500.0,0.75
15,Zprime_3000GeV_015,0.9313973160793338,3000.0,0.15
16,Zprime_3000GeV_030,0.9231089002480647,3000.0,0.3
17,Zprime_3000GeV_045,0.9127766995358939,3000.0,0.45
18,Zprime_3000GeV_060,0.887307907050651,3000.0,0.6
19,Zprime_3000GeV_075,0.8685180059210975,3000.0,0.75
20,Zprime_3500GeV_015,0.926293228776255,3500.0,0.15
21,Zprime_3500GeV_030,0.9198618426332755,3500.0,0.3
22,Zprime_3500GeV_045,0.9072600036995943,3500.0,0.45
23,Zprime_3500GeV_060,0.894656492916033,3500.0,0.6
24,Zprime_3500GeV_075,0.853300833709362,3500.0,0.75
25,Zprime_4000GeV_015,0.9150560578533105,4000.0,0.15
26,Zprime_4000GeV_030,0.9187223501627744,4000.0,0.3
27,Zprime_4000GeV_045,0.9029231624198352,4000.0,0.45
28,Zprime_4000GeV_060,0.8782500797327636,4000.0,0.6
29,Zprime_4000GeV_075,0.8235943779381554,4000.0,0.75
