,name,auc,mass,nu
0,Zprime_1500GeV_015,0.9484927087800135,1500.0,0.15
1,Zprime_1500GeV_030,0.9325252590899434,1500.0,0.3
2,Zprime_1500GeV_045,0.9284474383247945,1500.0,0.45
3,Zprime_1500GeV_060,0.9134455576906366,1500.0,0.6
4,Zprime_1500GeV_075,0.8816390693687156,1500.0,0.75
5,Zprime_2000GeV_015,0.9528405542352112,2000.0,0.15
6,Zprime_2000GeV_030,0.9513005404897455,2000.0,0.3
7,Zprime_2000GeV_045,0.9445039149770096,2000.0,0.45
8,Zprime_2000GeV_060,0.9251295301161827,2000.0,0.6
9,Zprime_2000GeV_075,0.8958311403991916,2000.0,0.75
10,Zprime_2500GeV_015,0.9545046054296301,2500.0,0.15
11,Zprime_2500GeV_030,0.9505618906164042,2500.0,0.3
12,Zprime_2500GeV_045,0.9431190371605674,2500.0,0.45
13,Zprime_2500GeV_060,0.9236162476668838,2500.0,0.6
14,Zprime_2500GeV_075,0.9065790242719587,2500.0,0.75
15,Zprime_3000GeV_015,0.9504070204646194,3000.0,0.15
16,Zprime_3000GeV_030,0.9447944646182724,3000.0,0.3
17,Zprime_3000GeV_045,0.9369512208512082,3000.0,0.45
18,Zprime_3000GeV_060,0.9189963773193065,3000.0,0.6
19,Zprime_3000GeV_075,0.9065855640640011,3000.0,0.75
20,Zprime_3500GeV_015,0.9463767159129571,3500.0,0.15
21,Zprime_3500GeV_030,0.9423806535896789,3500.0,0.3
22,Zprime_3500GeV_045,0.933263314066504,3500.0,0.45
23,Zprime_3500GeV_060,0.9248363172969088,3500.0,0.6
24,Zprime_3500GeV_075,0.8959300371731235,3500.0,0.75
25,Zprime_4000GeV_015,0.9385899274165617,4000.0,0.15
26,Zprime_4000GeV_030,0.9410420088376581,4000.0,0.3
27,Zprime_4000GeV_045,0.9309961938212465,4000.0,0.45
28,Zprime_4000GeV_060,0.9122236014066009,4000.0,0.6
29,Zprime_4000GeV_075,0.8724313309710621,4000.0,0.75
