,name,auc,mass,nu
0,Zprime_1500GeV_015,0.9089052940170795,1500.0,0.15
1,Zprime_1500GeV_030,0.8852357303710373,1500.0,0.3
2,Zprime_1500GeV_045,0.8828009392792614,1500.0,0.45
3,Zprime_1500GeV_060,0.857503696867036,1500.0,0.6
4,Zprime_1500GeV_075,0.8098015405596143,1500.0,0.75
5,Zprime_2000GeV_015,0.9230741422882601,2000.0,0.15
6,Zprime_2000GeV_030,0.9181706406923292,2000.0,0.3
7,Zprime_2000GeV_045,0.9055798666909303,2000.0,0.45
8,Zprime_2000GeV_060,0.8750356584557171,2000.0,0.6
9,Zprime_2000GeV_075,0.8362169680653485,2000.0,0.75
10,Zprime_2500GeV_015,0.927797858031444,2500.0,0.15
11,Zprime_2500GeV_030,0.9200605973746917,2500.0,0.3
12,Zprime_2500GeV_045,0.9051759727664328,2500.0,0.45
13,Zprime_2500GeV_060,0.875792154828721,2500.0,0.6
14,Zprime_2500GeV_075,0.8509614453180557,2500.0,0.75
15,Zprime_3000GeV_015,0.9224436029910595,3000.0,0.15
16,Zprime_3000GeV_030,0.9114317187677243,3000.0,0.3
17,Zprime_3000GeV_045,0.8983393185159787,3000.0,0.45
18,Zprime_3000GeV_060,0.8677958732346962,3000.0,0.6
19,Zprime_3000GeV_075,0.8491755224287614,3000.0,0.75
20,Zprime_3500GeV_015,0.9157749089887187,3500.0,0.15
21,Zprime_3500GeV_030,0.9072726629090356,3500.0,0.3
22,Zprime_3500GeV_045,0.8919276664223209,3500.0,0.45
23,Zprime_3500GeV_060,0.8765309031807342,3500.0,0.6
24,Zprime_3500GeV_075,0.8329835621736608,3500.0,0.75
25,Zprime_4000GeV_015,0.90415971338101,4000.0,0.15
26,Zprime_4000GeV_030,0.906479371836857,4000.0,0.3
27,Zprime_4000GeV_045,0.8872652313427712,4000.0,0.45
28,Zprime_4000GeV_060,0.8603870563793542,4000.0,0.6
29,Zprime_4000GeV_075,0.8004574855687052,4000.0,0.75
