,name,auc,mass,nu
0,Zprime_1500GeV_015,0.9151229637228057,1500.0,0.15
1,Zprime_1500GeV_030,0.8932821282625993,1500.0,0.3
2,Zprime_1500GeV_045,0.8930678682307558,1500.0,0.45
3,Zprime_1500GeV_060,0.8705430896559516,1500.0,0.6
4,Zprime_1500GeV_075,0.8240870734585682,1500.0,0.75
5,Zprime_2000GeV_015,0.9255847790415213,2000.0,0.15
6,Zprime_2000GeV_030,0.9216153418415407,2000.0,0.3
7,Zprime_2000GeV_045,0.9117429629388768,2000.0,0.45
8,Zprime_2000GeV_060,0.8828844238147243,2000.0,0.6
9,Zprime_2000GeV_075,0.8430864390947278,2000.0,0.75
10,Zprime_2500GeV_015,0.9274842143108668,2500.0,0.15
11,Zprime_2500GeV_030,0.9225170136911538,2500.0,0.3
12,Zprime_2500GeV_045,0.909983975897177,2500.0,0.45
13,Zprime_2500GeV_060,0.8814952161081613,2500.0,0.6
14,Zprime_2500GeV_075,0.8602834076408329,2500.0,0.75
15,Zprime_3000GeV_015,0.921058287013902,3000.0,0.15
16,Zprime_3000GeV_030,0.9130340046406842,3000.0,0.3
17,Zprime_3000GeV_045,0.9014272989527722,3000.0,0.45
18,Zprime_3000GeV_060,0.8741219590239542,3000.0,0.6
19,Zprime_3000GeV_075,0.8571919176401929,3000.0,0.75
20,Zprime_3500GeV_015,0.9155726616970504,3500.0,0.15
21,Zprime_3500GeV_030,0.9092463235157202,3500.0,0.3
22,Zprime_3500GeV_045,0.8951813082034691,3500.0,0.45
23,Zprime_3500GeV_060,0.8822702608478312,3500.0,0.6
24,Zprime_3500GeV_075,0.8423940780850468,3500.0,0.75
25,Zprime_4000GeV_015,0.9044558723336751,4000.0,0.15
26,Zprime_4000GeV_030,0.9068567529610936,4000.0,0.3
27,Zprime_4000GeV_045,0.8897469676356836,4000.0,0.45
28,Zprime_4000GeV_060,0.8652820686352531,4000.0,0.6
29,Zprime_4000GeV_075,0.8128284189579335,4000.0,0.75
