,name,auc,mass,nu
0,Zprime_1500GeV_015,0.9449602577361484,1500.0,0.15
1,Zprime_1500GeV_030,0.9274171688895511,1500.0,0.3
2,Zprime_1500GeV_045,0.9230905529472396,1500.0,0.45
3,Zprime_1500GeV_060,0.9045866052142695,1500.0,0.6
4,Zprime_1500GeV_075,0.871234306208199,1500.0,0.75
5,Zprime_2000GeV_015,0.9473556050334367,2000.0,0.15
6,Zprime_2000GeV_030,0.9463972251376926,2000.0,0.3
7,Zprime_2000GeV_045,0.9379078770550612,2000.0,0.45
8,Zprime_2000GeV_060,0.9175836750924528,2000.0,0.6
9,Zprime_2000GeV_075,0.8869389341165974,2000.0,0.75
10,Zprime_2500GeV_015,0.9496239041449108,2500.0,0.15
11,Zprime_2500GeV_030,0.9456785630581557,2500.0,0.3
12,Zprime_2500GeV_045,0.9378095748598161,2500.0,0.45
13,Zprime_2500GeV_060,0.9162371654540603,2500.0,0.6
14,Zprime_2500GeV_075,0.8995970701002864,2500.0,0.75
15,Zprime_3000GeV_015,0.945778251785854,3000.0,0.15
16,Zprime_3000GeV_030,0.9397408080870436,3000.0,0.3
17,Zprime_3000GeV_045,0.9321149596909889,3000.0,0.45
18,Zprime_3000GeV_060,0.9121289120506082,3000.0,0.6
19,Zprime_3000GeV_075,0.8978978221450635,3000.0,0.75
20,Zprime_3500GeV_015,0.9421934371192041,3500.0,0.15
21,Zprime_3500GeV_030,0.9379062316855962,3500.0,0.3
22,Zprime_3500GeV_045,0.9282654024811533,3500.0,0.45
23,Zprime_3500GeV_060,0.9181933243265689,3500.0,0.6
24,Zprime_3500GeV_075,0.8846182556565463,3500.0,0.75
25,Zprime_4000GeV_015,0.9345971034646438,4000.0,0.15
26,Zprime_4000GeV_030,0.9368901828210716,4000.0,0.3
27,Zprime_4000GeV_045,0.9260208558401726,4000.0,0.45
28,Zprime_4000GeV_060,0.9058692496003036,4000.0,0.6
29,Zprime_4000GeV_075,0.8605131369812731,4000.0,0.75
