,name,auc,mass,nu
0,Zprime_1500GeV_015,0.9442419494822948,1500.0,0.15
1,Zprime_1500GeV_030,0.931010136395387,1500.0,0.3
2,Zprime_1500GeV_045,0.9245732902370942,1500.0,0.45
3,Zprime_1500GeV_060,0.9073652651234145,1500.0,0.6
4,Zprime_1500GeV_075,0.8764162468958446,1500.0,0.75
5,Zprime_2000GeV_015,0.9489373067576455,2000.0,0.15
6,Zprime_2000GeV_030,0.9471558618809226,2000.0,0.3
7,Zprime_2000GeV_045,0.9406822273145351,2000.0,0.45
8,Zprime_2000GeV_060,0.920491176381903,2000.0,0.6
9,Zprime_2000GeV_075,0.8903630619498568,2000.0,0.75
10,Zprime_2500GeV_015,0.9508456166036958,2500.0,0.15
11,Zprime_2500GeV_030,0.9475701802274549,2500.0,0.3
12,Zprime_2500GeV_045,0.9394182369641236,2500.0,0.45
13,Zprime_2500GeV_060,0.9186917892844862,2500.0,0.6
14,Zprime_2500GeV_075,0.9014887160091659,2500.0,0.75
15,Zprime_3000GeV_015,0.947598270305876,3000.0,0.15
16,Zprime_3000GeV_030,0.9412721322818389,3000.0,0.3
17,Zprime_3000GeV_045,0.9342894346299017,3000.0,0.45
18,Zprime_3000GeV_060,0.9144339522613065,3000.0,0.6
19,Zprime_3000GeV_075,0.9017280798434983,3000.0,0.75
20,Zprime_3500GeV_015,0.9441140439078187,3500.0,0.15
21,Zprime_3500GeV_030,0.9397422270688924,3500.0,0.3
22,Zprime_3500GeV_045,0.9300394762258292,3500.0,0.45
23,Zprime_3500GeV_060,0.9205759758572635,3500.0,0.6
24,Zprime_3500GeV_075,0.8893059047250694,3500.0,0.75
25,Zprime_4000GeV_015,0.9362659272667024,4000.0,0.15
26,Zprime_4000GeV_030,0.9386755247529787,4000.0,0.3
27,Zprime_4000GeV_045,0.9281367399141368,4000.0,0.45
28,Zprime_4000GeV_060,0.9079923760339638,4000.0,0.6
29,Zprime_4000GeV_075,0.8641738325322397,4000.0,0.75
