,name,auc,mass,nu
0,Zprime_1500GeV_015,0.9457572751044705,1500.0,0.15
1,Zprime_1500GeV_030,0.9294796247039765,1500.0,0.3
2,Zprime_1500GeV_045,0.9240711560156558,1500.0,0.45
3,Zprime_1500GeV_060,0.9087770166654917,1500.0,0.6
4,Zprime_1500GeV_075,0.8760780303518652,1500.0,0.75
5,Zprime_2000GeV_015,0.9494501094271451,2000.0,0.15
6,Zprime_2000GeV_030,0.9481873914421378,2000.0,0.3
7,Zprime_2000GeV_045,0.9412921734497299,2000.0,0.45
8,Zprime_2000GeV_060,0.9207546870350052,2000.0,0.6
9,Zprime_2000GeV_075,0.8928079058596378,2000.0,0.75
10,Zprime_2500GeV_015,0.951674971870006,2500.0,0.15
11,Zprime_2500GeV_030,0.9482953152303667,2500.0,0.3
12,Zprime_2500GeV_045,0.9401283651417107,2500.0,0.45
13,Zprime_2500GeV_060,0.9193456250207578,2500.0,0.6
14,Zprime_2500GeV_075,0.9044909302905505,2500.0,0.75
15,Zprime_3000GeV_015,0.9481647828457096,3000.0,0.15
16,Zprime_3000GeV_030,0.9420283598618863,3000.0,0.3
17,Zprime_3000GeV_045,0.9340174315550743,3000.0,0.45
18,Zprime_3000GeV_060,0.9152068361606667,3000.0,0.6
19,Zprime_3000GeV_075,0.9034115629917634,3000.0,0.75
20,Zprime_3500GeV_015,0.9441893754249189,3500.0,0.15
21,Zprime_3500GeV_030,0.939439626372424,3500.0,0.3
22,Zprime_3500GeV_045,0.9294769210373937,3500.0,0.45
23,Zprime_3500GeV_060,0.9221092398573041,3500.0,0.6
24,Zprime_3500GeV_075,0.8930162551838243,3500.0,0.75
25,Zprime_4000GeV_015,0.9364774467186148,4000.0,0.15
26,Zprime_4000GeV_030,0.9390643872366322,4000.0,0.3
27,Zprime_4000GeV_045,0.9274379653663849,4000.0,0.45
28,Zprime_4000GeV_060,0.9089196432839703,4000.0,0.6
29,Zprime_4000GeV_075,0.8658250981165286,4000.0,0.75
