,name,auc,mass,nu
0,Zprime_1500GeV_015,0.8109527352935406,1500.0,0.15
1,Zprime_1500GeV_030,0.7625845668307807,1500.0,0.3
2,Zprime_1500GeV_045,0.7644244300900129,1500.0,0.45
3,Zprime_1500GeV_060,0.731077042514995,1500.0,0.6
4,Zprime_1500GeV_075,0.6774731317372973,1500.0,0.75
5,Zprime_2000GeV_015,0.8212354285600485,2000.0,0.15
6,Zprime_2000GeV_030,0.8136632046766451,2000.0,0.3
7,Zprime_2000GeV_045,0.7966686518700559,2000.0,0.45
8,Zprime_2000GeV_060,0.750810664150889,2000.0,0.6
9,Zprime_2000GeV_075,0.7097807491978734,2000.0,0.75
10,Zprime_2500GeV_015,0.8322353285063755,2500.0,0.15
11,Zprime_2500GeV_030,0.8191187148766841,2500.0,0.3
12,Zprime_2500GeV_045,0.7930285302160802,2500.0,0.45
13,Zprime_2500GeV_060,0.7537057510989619,2500.0,0.6
14,Zprime_2500GeV_075,0.7226790249574947,2500.0,0.75
15,Zprime_3000GeV_015,0.8246439575835331,3000.0,0.15
16,Zprime_3000GeV_030,0.8066958994116096,3000.0,0.3
17,Zprime_3000GeV_045,0.7854487964747434,3000.0,0.45
18,Zprime_3000GeV_060,0.7416651860763688,3000.0,0.6
19,Zprime_3000GeV_075,0.7214980530341015,3000.0,0.75
20,Zprime_3500GeV_015,0.8177250665702269,3500.0,0.15
21,Zprime_3500GeV_030,0.8024625815425085,3500.0,0.3
22,Zprime_3500GeV_045,0.776808342231739,3500.0,0.45
23,Zprime_3500GeV_060,0.7538766366375722,3500.0,0.6
24,Zprime_3500GeV_075,0.6999311330282129,3500.0,0.75
25,Zprime_4000GeV_015,0.7952315483333138,4000.0,0.15
26,Zprime_4000GeV_030,0.8026882988340234,4000.0,0.3
27,Zprime_4000GeV_045,0.7734315766790381,4000.0,0.45
28,Zprime_4000GeV_060,0.7317613020797626,4000.0,0.6
29,Zprime_4000GeV_075,0.6608032664346423,4000.0,0.75
