,name,auc,mass,nu
0,Zprime_1500GeV_015,0.9362752791721202,1500.0,0.15
1,Zprime_1500GeV_030,0.9181754488303306,1500.0,0.3
2,Zprime_1500GeV_045,0.9113844837066369,1500.0,0.45
3,Zprime_1500GeV_060,0.8935532438323925,1500.0,0.6
4,Zprime_1500GeV_075,0.8556219989211674,1500.0,0.75
5,Zprime_2000GeV_015,0.9402724569231518,2000.0,0.15
6,Zprime_2000GeV_030,0.938912807437922,2000.0,0.3
7,Zprime_2000GeV_045,0.9317491068010901,2000.0,0.45
8,Zprime_2000GeV_060,0.9085570335712907,2000.0,0.6
9,Zprime_2000GeV_075,0.8752752897324989,2000.0,0.75
10,Zprime_2500GeV_015,0.942560482493739,2500.0,0.15
11,Zprime_2500GeV_030,0.9389210209637855,2500.0,0.3
12,Zprime_2500GeV_045,0.9295164436316024,2500.0,0.45
13,Zprime_2500GeV_060,0.9067180444578941,2500.0,0.6
14,Zprime_2500GeV_075,0.8879009176617846,2500.0,0.75
15,Zprime_3000GeV_015,0.9390664052762125,3000.0,0.15
16,Zprime_3000GeV_030,0.9320096783586864,3000.0,0.3
17,Zprime_3000GeV_045,0.9230731110739572,3000.0,0.45
18,Zprime_3000GeV_060,0.9024080970561013,3000.0,0.6
19,Zprime_3000GeV_075,0.8873788373331979,3000.0,0.75
20,Zprime_3500GeV_015,0.9342894703068452,3500.0,0.15
21,Zprime_3500GeV_030,0.9295461821502874,3500.0,0.3
22,Zprime_3500GeV_045,0.9178311870590529,3500.0,0.45
23,Zprime_3500GeV_060,0.9091713503806036,3500.0,0.6
24,Zprime_3500GeV_075,0.8753975160617977,3500.0,0.75
25,Zprime_4000GeV_015,0.925177888334858,4000.0,0.15
26,Zprime_4000GeV_030,0.9284127120854869,4000.0,0.3
27,Zprime_4000GeV_045,0.915682412380399,4000.0,0.45
28,Zprime_4000GeV_060,0.8942535679547661,4000.0,0.6
29,Zprime_4000GeV_075,0.8458077599672411,4000.0,0.75
