,name,auc,mass,nu
0,Zprime_1500GeV_015,0.9317871079608779,1500.0,0.15
1,Zprime_1500GeV_030,0.9157743029907227,1500.0,0.3
2,Zprime_1500GeV_045,0.9089354743523896,1500.0,0.45
3,Zprime_1500GeV_060,0.8904520580106835,1500.0,0.6
4,Zprime_1500GeV_075,0.8550889311380513,1500.0,0.75
5,Zprime_2000GeV_015,0.9374570551974595,2000.0,0.15
6,Zprime_2000GeV_030,0.9358335619884839,2000.0,0.3
7,Zprime_2000GeV_045,0.9283457665252494,2000.0,0.45
8,Zprime_2000GeV_060,0.9045198701732355,2000.0,0.6
9,Zprime_2000GeV_075,0.8709811506940823,2000.0,0.75
10,Zprime_2500GeV_015,0.9404162845244863,2500.0,0.15
11,Zprime_2500GeV_030,0.935795318897007,2500.0,0.3
12,Zprime_2500GeV_045,0.9261951237784581,2500.0,0.45
13,Zprime_2500GeV_060,0.903817789363992,2500.0,0.6
14,Zprime_2500GeV_075,0.8838436552976341,2500.0,0.75
15,Zprime_3000GeV_015,0.9362738077375157,3000.0,0.15
16,Zprime_3000GeV_030,0.9290684669448923,3000.0,0.3
17,Zprime_3000GeV_045,0.9207235812832327,3000.0,0.45
18,Zprime_3000GeV_060,0.8991337309900574,3000.0,0.6
19,Zprime_3000GeV_075,0.8842610408771088,3000.0,0.75
20,Zprime_3500GeV_015,0.93233124036112,3500.0,0.15
21,Zprime_3500GeV_030,0.926486812870338,3500.0,0.3
22,Zprime_3500GeV_045,0.915206478165903,3500.0,0.45
23,Zprime_3500GeV_060,0.9061197747852848,3500.0,0.6
24,Zprime_3500GeV_075,0.8706935580910635,3500.0,0.75
25,Zprime_4000GeV_015,0.9232572254519632,4000.0,0.15
26,Zprime_4000GeV_030,0.9254618986831885,4000.0,0.3
27,Zprime_4000GeV_045,0.9138264959259079,4000.0,0.45
28,Zprime_4000GeV_060,0.8912849337410366,4000.0,0.6
29,Zprime_4000GeV_075,0.8438210018073624,4000.0,0.75
