,name,auc,mass,nu
0,Zprime_1500GeV_015,0.9339597831458794,1500.0,0.15
1,Zprime_1500GeV_030,0.9156683632870579,1500.0,0.3
2,Zprime_1500GeV_045,0.9107276734762546,1500.0,0.45
3,Zprime_1500GeV_060,0.8914559630319764,1500.0,0.6
4,Zprime_1500GeV_075,0.8570630469682877,1500.0,0.75
5,Zprime_2000GeV_015,0.9384500991050118,2000.0,0.15
6,Zprime_2000GeV_030,0.9376523411206816,2000.0,0.3
7,Zprime_2000GeV_045,0.9294945413562171,2000.0,0.45
8,Zprime_2000GeV_060,0.9064549594130275,2000.0,0.6
9,Zprime_2000GeV_075,0.8714465060518636,2000.0,0.75
10,Zprime_2500GeV_015,0.9404862938137586,2500.0,0.15
11,Zprime_2500GeV_030,0.9368403619387611,2500.0,0.3
12,Zprime_2500GeV_045,0.9280147559811418,2500.0,0.45
13,Zprime_2500GeV_060,0.9051187530028093,2500.0,0.6
14,Zprime_2500GeV_075,0.8865429195548936,2500.0,0.75
15,Zprime_3000GeV_015,0.9369244804574488,3000.0,0.15
16,Zprime_3000GeV_030,0.929816794218822,3000.0,0.3
17,Zprime_3000GeV_045,0.9215325083738792,3000.0,0.45
18,Zprime_3000GeV_060,0.9006764005838546,3000.0,0.6
19,Zprime_3000GeV_075,0.8882028658719741,3000.0,0.75
20,Zprime_3500GeV_015,0.9324246714041415,3500.0,0.15
21,Zprime_3500GeV_030,0.9275881416840472,3500.0,0.3
22,Zprime_3500GeV_045,0.9164945570472343,3500.0,0.45
23,Zprime_3500GeV_060,0.9073756186285639,3500.0,0.6
24,Zprime_3500GeV_075,0.8758220739594748,3500.0,0.75
25,Zprime_4000GeV_015,0.9246260486583907,4000.0,0.15
26,Zprime_4000GeV_030,0.9261212256780547,4000.0,0.3
27,Zprime_4000GeV_045,0.9152319831379516,4000.0,0.45
28,Zprime_4000GeV_060,0.8930348816568153,4000.0,0.6
29,Zprime_4000GeV_075,0.847945194369845,4000.0,0.75
