,name,auc,mass,nu
0,Zprime_1500GeV_015,0.9388901968148267,1500.0,0.15
1,Zprime_1500GeV_030,0.9221182683376078,1500.0,0.3
2,Zprime_1500GeV_045,0.913563235582708,1500.0,0.45
3,Zprime_1500GeV_060,0.8962112799126075,1500.0,0.6
4,Zprime_1500GeV_075,0.8596381808526462,1500.0,0.75
5,Zprime_2000GeV_015,0.9439237235822032,2000.0,0.15
6,Zprime_2000GeV_030,0.9416656123526586,2000.0,0.3
7,Zprime_2000GeV_045,0.9342142388142631,2000.0,0.45
8,Zprime_2000GeV_060,0.9110550152615541,2000.0,0.6
9,Zprime_2000GeV_075,0.8786348648377392,2000.0,0.75
10,Zprime_2500GeV_015,0.9460488227375019,2500.0,0.15
11,Zprime_2500GeV_030,0.9419256429838021,2500.0,0.3
12,Zprime_2500GeV_045,0.9323892556712038,2500.0,0.45
13,Zprime_2500GeV_060,0.9091171742272964,2500.0,0.6
14,Zprime_2500GeV_075,0.8903293138973842,2500.0,0.75
15,Zprime_3000GeV_015,0.9421692831849807,3000.0,0.15
16,Zprime_3000GeV_030,0.9349429290048363,3000.0,0.3
17,Zprime_3000GeV_045,0.9263131187973099,3000.0,0.45
18,Zprime_3000GeV_060,0.9040157683230508,3000.0,0.6
19,Zprime_3000GeV_075,0.8900953218200548,3000.0,0.75
20,Zprime_3500GeV_015,0.9373653551070995,3500.0,0.15
21,Zprime_3500GeV_030,0.9318632399156184,3500.0,0.3
22,Zprime_3500GeV_045,0.9208256879949058,3500.0,0.45
23,Zprime_3500GeV_060,0.9106083891649801,3500.0,0.6
24,Zprime_3500GeV_075,0.8767212123165516,3500.0,0.75
25,Zprime_4000GeV_015,0.9271377958915353,4000.0,0.15
26,Zprime_4000GeV_030,0.9308159573267188,4000.0,0.3
27,Zprime_4000GeV_045,0.9181420586801072,4000.0,0.45
28,Zprime_4000GeV_060,0.8958792595672618,4000.0,0.6
29,Zprime_4000GeV_075,0.8467858805170978,4000.0,0.75
