,name,auc,mass,nu
0,Zprime_1500GeV_015,0.8932373922946345,1500.0,0.15
1,Zprime_1500GeV_030,0.8675125595349431,1500.0,0.3
2,Zprime_1500GeV_045,0.8657651092434318,1500.0,0.45
3,Zprime_1500GeV_060,0.8405631095464866,1500.0,0.6
4,Zprime_1500GeV_075,0.7975495625369925,1500.0,0.75
5,Zprime_2000GeV_015,0.9027353584811945,2000.0,0.15
6,Zprime_2000GeV_030,0.8994640722640047,2000.0,0.3
7,Zprime_2000GeV_045,0.8876817464161278,2000.0,0.45
8,Zprime_2000GeV_060,0.8564352846761624,2000.0,0.6
9,Zprime_2000GeV_075,0.8156463618417945,2000.0,0.75
10,Zprime_2500GeV_015,0.9079226086618734,2500.0,0.15
11,Zprime_2500GeV_030,0.9005458934443598,2500.0,0.3
12,Zprime_2500GeV_045,0.8853812016958094,2500.0,0.45
13,Zprime_2500GeV_060,0.8569028732566082,2500.0,0.6
14,Zprime_2500GeV_075,0.8315048759630934,2500.0,0.75
15,Zprime_3000GeV_015,0.9032933485489529,3000.0,0.15
16,Zprime_3000GeV_030,0.8906657137527028,3000.0,0.3
17,Zprime_3000GeV_045,0.8769828108532798,3000.0,0.45
18,Zprime_3000GeV_060,0.8466577304978367,3000.0,0.6
19,Zprime_3000GeV_075,0.8294127942042343,3000.0,0.75
20,Zprime_3500GeV_015,0.8951673754572474,3500.0,0.15
21,Zprime_3500GeV_030,0.8866659735624591,3500.0,0.3
22,Zprime_3500GeV_045,0.8710826881640397,3500.0,0.45
23,Zprime_3500GeV_060,0.855706295653023,3500.0,0.6
24,Zprime_3500GeV_075,0.811345000966931,3500.0,0.75
25,Zprime_4000GeV_015,0.8837305786004204,4000.0,0.15
26,Zprime_4000GeV_030,0.8867189403314321,4000.0,0.3
27,Zprime_4000GeV_045,0.8652893267245058,4000.0,0.45
28,Zprime_4000GeV_060,0.837767493885448,4000.0,0.6
29,Zprime_4000GeV_075,0.7763727946233342,4000.0,0.75
