,name,auc,mass,nu
0,Zprime_1500GeV_015,0.9279458929724206,1500.0,0.15
1,Zprime_1500GeV_030,0.9090008327230573,1500.0,0.3
2,Zprime_1500GeV_045,0.9006302457102803,1500.0,0.45
3,Zprime_1500GeV_060,0.8819395082816505,1500.0,0.6
4,Zprime_1500GeV_075,0.846326834385237,1500.0,0.75
5,Zprime_2000GeV_015,0.9327401023331281,2000.0,0.15
6,Zprime_2000GeV_030,0.9322060391208782,2000.0,0.3
7,Zprime_2000GeV_045,0.9233130477492757,2000.0,0.45
8,Zprime_2000GeV_060,0.8987102510553328,2000.0,0.6
9,Zprime_2000GeV_075,0.8637373055745723,2000.0,0.75
10,Zprime_2500GeV_015,0.9355375074804858,2500.0,0.15
11,Zprime_2500GeV_030,0.9310928199203538,2500.0,0.3
12,Zprime_2500GeV_045,0.9210806657885746,2500.0,0.45
13,Zprime_2500GeV_060,0.8971538726911298,2500.0,0.6
14,Zprime_2500GeV_075,0.8756031057437703,2500.0,0.75
15,Zprime_3000GeV_015,0.9311793257940918,3000.0,0.15
16,Zprime_3000GeV_030,0.9239180770098663,3000.0,0.3
17,Zprime_3000GeV_045,0.9145429430830968,3000.0,0.45
18,Zprime_3000GeV_060,0.8917602882351592,3000.0,0.6
19,Zprime_3000GeV_075,0.8773830616924405,3000.0,0.75
20,Zprime_3500GeV_015,0.9268444427176661,3500.0,0.15
21,Zprime_3500GeV_030,0.9209901044196903,3500.0,0.3
22,Zprime_3500GeV_045,0.909145128507338,3500.0,0.45
23,Zprime_3500GeV_060,0.8988551400351026,3500.0,0.6
24,Zprime_3500GeV_075,0.8644029093878254,3500.0,0.75
25,Zprime_4000GeV_015,0.916928277265964,4000.0,0.15
26,Zprime_4000GeV_030,0.9199084199863873,4000.0,0.3
27,Zprime_4000GeV_045,0.9077899874872495,4000.0,0.45
28,Zprime_4000GeV_060,0.883235478827779,4000.0,0.6
29,Zprime_4000GeV_075,0.8346358265437054,4000.0,0.75
