,name,auc,mass,nu
0,Zprime_1500GeV_015,0.8898537178261897,1500.0,0.15
1,Zprime_1500GeV_030,0.8622423895136073,1500.0,0.3
2,Zprime_1500GeV_045,0.8608887792191876,1500.0,0.45
3,Zprime_1500GeV_060,0.8310954864266392,1500.0,0.6
4,Zprime_1500GeV_075,0.7874895039853461,1500.0,0.75
5,Zprime_2000GeV_015,0.9016029999537213,2000.0,0.15
6,Zprime_2000GeV_030,0.8987490331757075,2000.0,0.3
7,Zprime_2000GeV_045,0.8862019427230791,2000.0,0.45
8,Zprime_2000GeV_060,0.8538039437784806,2000.0,0.6
9,Zprime_2000GeV_075,0.8111403864985793,2000.0,0.75
10,Zprime_2500GeV_015,0.9070544077860554,2500.0,0.15
11,Zprime_2500GeV_030,0.8988931035190452,2500.0,0.3
12,Zprime_2500GeV_045,0.8829026274516664,2500.0,0.45
13,Zprime_2500GeV_060,0.8527719014586523,2500.0,0.6
14,Zprime_2500GeV_075,0.827137157903633,2500.0,0.75
15,Zprime_3000GeV_015,0.9013965576730082,3000.0,0.15
16,Zprime_3000GeV_030,0.8883802327851397,3000.0,0.3
17,Zprime_3000GeV_045,0.8739664691058424,3000.0,0.45
18,Zprime_3000GeV_060,0.8424661260098996,3000.0,0.6
19,Zprime_3000GeV_075,0.8240174101111488,3000.0,0.75
20,Zprime_3500GeV_015,0.8930814507392005,3500.0,0.15
21,Zprime_3500GeV_030,0.8841073411554331,3500.0,0.3
22,Zprime_3500GeV_045,0.8681186979079659,3500.0,0.45
23,Zprime_3500GeV_060,0.8505204800959504,3500.0,0.6
24,Zprime_3500GeV_075,0.8051799028771568,3500.0,0.75
25,Zprime_4000GeV_015,0.8790687096171514,4000.0,0.15
26,Zprime_4000GeV_030,0.8832586534268244,4000.0,0.3
27,Zprime_4000GeV_045,0.8614610655741752,4000.0,0.45
28,Zprime_4000GeV_060,0.8311640833285416,4000.0,0.6
29,Zprime_4000GeV_075,0.7679057735741712,4000.0,0.75
