,name,auc,mass,nu
0,Zprime_1500GeV_015,0.8173190647955851,1500.0,0.15
1,Zprime_1500GeV_030,0.7715729298430825,1500.0,0.3
2,Zprime_1500GeV_045,0.7719470541330888,1500.0,0.45
3,Zprime_1500GeV_060,0.7386382917164953,1500.0,0.6
4,Zprime_1500GeV_075,0.6857818313532876,1500.0,0.75
5,Zprime_2000GeV_015,0.825488956376956,2000.0,0.15
6,Zprime_2000GeV_030,0.8198834013188799,2000.0,0.3
7,Zprime_2000GeV_045,0.8044971987525165,2000.0,0.45
8,Zprime_2000GeV_060,0.7601773284159182,2000.0,0.6
9,Zprime_2000GeV_075,0.712872299019116,2000.0,0.75
10,Zprime_2500GeV_015,0.8346556700518871,2500.0,0.15
11,Zprime_2500GeV_030,0.823870316487898,2500.0,0.3
12,Zprime_2500GeV_045,0.7995236006544134,2500.0,0.45
13,Zprime_2500GeV_060,0.7604628943059795,2500.0,0.6
14,Zprime_2500GeV_075,0.7288252212879152,2500.0,0.75
15,Zprime_3000GeV_015,0.8287191341694338,3000.0,0.15
16,Zprime_3000GeV_030,0.8117826233593248,3000.0,0.3
17,Zprime_3000GeV_045,0.7902523494211257,3000.0,0.45
18,Zprime_3000GeV_060,0.7484625749213856,3000.0,0.6
19,Zprime_3000GeV_075,0.7271497526284482,3000.0,0.75
20,Zprime_3500GeV_015,0.8222008955358172,3500.0,0.15
21,Zprime_3500GeV_030,0.8068629852012273,3500.0,0.3
22,Zprime_3500GeV_045,0.7845642574630463,3500.0,0.45
23,Zprime_3500GeV_060,0.7598629692829368,3500.0,0.6
24,Zprime_3500GeV_075,0.7047391972324286,3500.0,0.75
25,Zprime_4000GeV_015,0.8006210209698372,4000.0,0.15
26,Zprime_4000GeV_030,0.8076685891039743,4000.0,0.3
27,Zprime_4000GeV_045,0.7772895544914782,4000.0,0.45
28,Zprime_4000GeV_060,0.7397185269177587,4000.0,0.6
29,Zprime_4000GeV_075,0.6644492329752916,4000.0,0.75
