,name,auc,mass,nu
0,Zprime_1500GeV_015,0.9000895228592756,1500.0,0.15
1,Zprime_1500GeV_030,0.8731543110854671,1500.0,0.3
2,Zprime_1500GeV_045,0.8691348718791767,1500.0,0.45
3,Zprime_1500GeV_060,0.843262916613038,1500.0,0.6
4,Zprime_1500GeV_075,0.8002442023907891,1500.0,0.75
5,Zprime_2000GeV_015,0.9098763606673677,2000.0,0.15
6,Zprime_2000GeV_030,0.906768253896085,2000.0,0.3
7,Zprime_2000GeV_045,0.893286218980484,2000.0,0.45
8,Zprime_2000GeV_060,0.862079006725226,2000.0,0.6
9,Zprime_2000GeV_075,0.8224503735037162,2000.0,0.75
10,Zprime_2500GeV_015,0.9146740176871397,2500.0,0.15
11,Zprime_2500GeV_030,0.9067872737421253,2500.0,0.3
12,Zprime_2500GeV_045,0.8911280708857849,2500.0,0.45
13,Zprime_2500GeV_060,0.8621874253044923,2500.0,0.6
14,Zprime_2500GeV_075,0.8388573041032692,2500.0,0.75
15,Zprime_3000GeV_015,0.9094579106504341,3000.0,0.15
16,Zprime_3000GeV_030,0.8971905251830269,3000.0,0.3
17,Zprime_3000GeV_045,0.8832981277105935,3000.0,0.45
18,Zprime_3000GeV_060,0.8537624964367612,3000.0,0.6
19,Zprime_3000GeV_075,0.837250968863096,3000.0,0.75
20,Zprime_3500GeV_015,0.9016565241159203,3500.0,0.15
21,Zprime_3500GeV_030,0.8942475034933115,3500.0,0.3
22,Zprime_3500GeV_045,0.8782355408856314,3500.0,0.45
23,Zprime_3500GeV_060,0.8626678361305533,3500.0,0.6
24,Zprime_3500GeV_075,0.8191894110316079,3500.0,0.75
25,Zprime_4000GeV_015,0.8905173343213053,4000.0,0.15
26,Zprime_4000GeV_030,0.8934351762069008,4000.0,0.3
27,Zprime_4000GeV_045,0.8732469201361213,4000.0,0.45
28,Zprime_4000GeV_060,0.8444387713731977,4000.0,0.6
29,Zprime_4000GeV_075,0.7856751331024572,4000.0,0.75
