,name,auc,mass,nu
0,Zprime_1500GeV_015,0.9219296672169298,1500.0,0.15
1,Zprime_1500GeV_030,0.8994498796884264,1500.0,0.3
2,Zprime_1500GeV_045,0.8925142302477309,1500.0,0.45
3,Zprime_1500GeV_060,0.8718142750917506,1500.0,0.6
4,Zprime_1500GeV_075,0.8276070230721168,1500.0,0.75
5,Zprime_2000GeV_015,0.9287078395827472,2000.0,0.15
6,Zprime_2000GeV_030,0.9257938387135263,2000.0,0.3
7,Zprime_2000GeV_045,0.9151267554265553,2000.0,0.45
8,Zprime_2000GeV_060,0.8895478514788466,2000.0,0.6
9,Zprime_2000GeV_075,0.8512754104968722,2000.0,0.75
10,Zprime_2500GeV_015,0.9318273383613743,2500.0,0.15
11,Zprime_2500GeV_030,0.9260898081673508,2500.0,0.3
12,Zprime_2500GeV_045,0.9141480571202185,2500.0,0.45
13,Zprime_2500GeV_060,0.8883422864381629,2500.0,0.6
14,Zprime_2500GeV_075,0.8680204946551627,2500.0,0.75
15,Zprime_3000GeV_015,0.9277957930200134,3000.0,0.15
16,Zprime_3000GeV_030,0.9175080366720522,3000.0,0.3
17,Zprime_3000GeV_045,0.9066505451031953,3000.0,0.45
18,Zprime_3000GeV_060,0.8810021566416515,3000.0,0.6
19,Zprime_3000GeV_075,0.8665244852868252,3000.0,0.75
20,Zprime_3500GeV_015,0.9209545867679831,3500.0,0.15
21,Zprime_3500GeV_030,0.914606743957342,3500.0,0.3
22,Zprime_3500GeV_045,0.9018258572775679,3500.0,0.45
23,Zprime_3500GeV_060,0.8889533860989133,3500.0,0.6
24,Zprime_3500GeV_075,0.8499880745181462,3500.0,0.75
25,Zprime_4000GeV_015,0.9112038944250254,4000.0,0.15
26,Zprime_4000GeV_030,0.914047668334509,4000.0,0.3
27,Zprime_4000GeV_045,0.8969075057801262,4000.0,0.45
28,Zprime_4000GeV_060,0.8736168240764735,4000.0,0.6
29,Zprime_4000GeV_075,0.8194124119823187,4000.0,0.75
