,name,auc,mass,nu
0,Zprime_1500GeV_015,0.8948772044391006,1500.0,0.15
1,Zprime_1500GeV_030,0.8666260740595142,1500.0,0.3
2,Zprime_1500GeV_045,0.8631884935545073,1500.0,0.45
3,Zprime_1500GeV_060,0.83332923708177,1500.0,0.6
4,Zprime_1500GeV_075,0.7868102803318429,1500.0,0.75
5,Zprime_2000GeV_015,0.9066708028115485,2000.0,0.15
6,Zprime_2000GeV_030,0.9021614606253783,2000.0,0.3
7,Zprime_2000GeV_045,0.8882395809623559,2000.0,0.45
8,Zprime_2000GeV_060,0.854789981842116,2000.0,0.6
9,Zprime_2000GeV_075,0.8074019267720018,2000.0,0.75
10,Zprime_2500GeV_015,0.9103719115335139,2500.0,0.15
11,Zprime_2500GeV_030,0.9029647229053216,2500.0,0.3
12,Zprime_2500GeV_045,0.8855591894927781,2500.0,0.45
13,Zprime_2500GeV_060,0.8529298371493493,2500.0,0.6
14,Zprime_2500GeV_075,0.8267507106746116,2500.0,0.75
15,Zprime_3000GeV_015,0.9049067141255215,3000.0,0.15
16,Zprime_3000GeV_030,0.8908636799055542,3000.0,0.3
17,Zprime_3000GeV_045,0.8751238522998169,3000.0,0.45
18,Zprime_3000GeV_060,0.8436335854047411,3000.0,0.6
19,Zprime_3000GeV_075,0.8239196160219792,3000.0,0.75
20,Zprime_3500GeV_015,0.8968634361435094,3500.0,0.15
21,Zprime_3500GeV_030,0.8873889689429869,3500.0,0.3
22,Zprime_3500GeV_045,0.8695110859313535,3500.0,0.45
23,Zprime_3500GeV_060,0.8520135327368635,3500.0,0.6
24,Zprime_3500GeV_075,0.8031293538752445,3500.0,0.75
25,Zprime_4000GeV_015,0.8816500293568487,4000.0,0.15
26,Zprime_4000GeV_030,0.8849441434701594,4000.0,0.3
27,Zprime_4000GeV_045,0.8626130040265317,4000.0,0.45
28,Zprime_4000GeV_060,0.8332609180466318,4000.0,0.6
29,Zprime_4000GeV_075,0.7663359425559122,4000.0,0.75
