,name,auc,mass,nu
0,Zprime_1500GeV_015,0.9384519248465756,1500.0,0.15
1,Zprime_1500GeV_030,0.9218299062763858,1500.0,0.3
2,Zprime_1500GeV_045,0.9122059083050749,1500.0,0.45
3,Zprime_1500GeV_060,0.8960360034641354,1500.0,0.6
4,Zprime_1500GeV_075,0.8601117398255284,1500.0,0.75
5,Zprime_2000GeV_015,0.9428769954671707,2000.0,0.15
6,Zprime_2000GeV_030,0.9419376091530738,2000.0,0.3
7,Zprime_2000GeV_045,0.9338184911807719,2000.0,0.45
8,Zprime_2000GeV_060,0.9103979261904068,2000.0,0.6
9,Zprime_2000GeV_075,0.8786567828461642,2000.0,0.75
10,Zprime_2500GeV_015,0.9454717534691655,2500.0,0.15
11,Zprime_2500GeV_030,0.9409889403105259,2500.0,0.3
12,Zprime_2500GeV_045,0.9321268420087346,2500.0,0.45
13,Zprime_2500GeV_060,0.9092452698689414,2500.0,0.6
14,Zprime_2500GeV_075,0.8915276064953809,2500.0,0.75
15,Zprime_3000GeV_015,0.9418653434809716,3000.0,0.15
16,Zprime_3000GeV_030,0.9343471310466602,3000.0,0.3
17,Zprime_3000GeV_045,0.9253956115867149,3000.0,0.45
18,Zprime_3000GeV_060,0.9039415569174561,3000.0,0.6
19,Zprime_3000GeV_075,0.8905847995862338,3000.0,0.75
20,Zprime_3500GeV_015,0.9378507559102073,3500.0,0.15
21,Zprime_3500GeV_030,0.9322189757906936,3500.0,0.3
22,Zprime_3500GeV_045,0.9203157941839746,3500.0,0.45
23,Zprime_3500GeV_060,0.9109534542908413,3500.0,0.6
24,Zprime_3500GeV_075,0.8777814736027848,3500.0,0.75
25,Zprime_4000GeV_015,0.9290317258736098,4000.0,0.15
26,Zprime_4000GeV_030,0.9308752461588327,4000.0,0.3
27,Zprime_4000GeV_045,0.9183186267000656,4000.0,0.45
28,Zprime_4000GeV_060,0.8965456577017292,4000.0,0.6
29,Zprime_4000GeV_075,0.8476785672332221,4000.0,0.75
