,name,auc,mass,nu
0,Zprime_1500GeV_015,0.8943689817889997,1500.0,0.15
1,Zprime_1500GeV_030,0.8680196699119618,1500.0,0.3
2,Zprime_1500GeV_045,0.8635017440447541,1500.0,0.45
3,Zprime_1500GeV_060,0.8365326674984215,1500.0,0.6
4,Zprime_1500GeV_075,0.790813695425956,1500.0,0.75
5,Zprime_2000GeV_015,0.9073462075627877,2000.0,0.15
6,Zprime_2000GeV_030,0.9028998473715135,2000.0,0.3
7,Zprime_2000GeV_045,0.8890518219850626,2000.0,0.45
8,Zprime_2000GeV_060,0.8568884856221008,2000.0,0.6
9,Zprime_2000GeV_075,0.8158727270435948,2000.0,0.75
10,Zprime_2500GeV_015,0.9108195530638242,2500.0,0.15
11,Zprime_2500GeV_030,0.903269686224303,2500.0,0.3
12,Zprime_2500GeV_045,0.8869627287910747,2500.0,0.45
13,Zprime_2500GeV_060,0.8563203745689237,2500.0,0.6
14,Zprime_2500GeV_075,0.8308940714871013,2500.0,0.75
15,Zprime_3000GeV_015,0.9056051685877565,3000.0,0.15
16,Zprime_3000GeV_030,0.8926289952460209,3000.0,0.3
17,Zprime_3000GeV_045,0.878370696479247,3000.0,0.45
18,Zprime_3000GeV_060,0.8473977831258495,3000.0,0.6
19,Zprime_3000GeV_075,0.8298109435169405,3000.0,0.75
20,Zprime_3500GeV_015,0.8973826259741611,3500.0,0.15
21,Zprime_3500GeV_030,0.8889430499516633,3500.0,0.3
22,Zprime_3500GeV_045,0.872677203628965,3500.0,0.45
23,Zprime_3500GeV_060,0.8563866860835735,3500.0,0.6
24,Zprime_3500GeV_075,0.8101456198027461,3500.0,0.75
25,Zprime_4000GeV_015,0.8849254529182512,4000.0,0.15
26,Zprime_4000GeV_030,0.8886258957730139,4000.0,0.3
27,Zprime_4000GeV_045,0.8673589494303084,4000.0,0.45
28,Zprime_4000GeV_060,0.8385092086968456,4000.0,0.6
29,Zprime_4000GeV_075,0.776145867534388,4000.0,0.75
