,name,auc,mass,nu
0,Zprime_1500GeV_015,0.9096355137392949,1500.0,0.15
1,Zprime_1500GeV_030,0.8827955506381217,1500.0,0.3
2,Zprime_1500GeV_045,0.8783768869567108,1500.0,0.45
3,Zprime_1500GeV_060,0.8509494787735478,1500.0,0.6
4,Zprime_1500GeV_075,0.8050686018680604,1500.0,0.75
5,Zprime_2000GeV_015,0.9198742581878158,2000.0,0.15
6,Zprime_2000GeV_030,0.9153301711251903,2000.0,0.3
7,Zprime_2000GeV_045,0.902437816451213,2000.0,0.45
8,Zprime_2000GeV_060,0.8708121938348325,2000.0,0.6
9,Zprime_2000GeV_075,0.831008415155276,2000.0,0.75
10,Zprime_2500GeV_015,0.9233876035361772,2500.0,0.15
11,Zprime_2500GeV_030,0.9163641132153715,2500.0,0.3
12,Zprime_2500GeV_045,0.9003777729129147,2500.0,0.45
13,Zprime_2500GeV_060,0.870137240243136,2500.0,0.6
14,Zprime_2500GeV_075,0.8449791679689819,2500.0,0.75
15,Zprime_3000GeV_015,0.9183637430523327,3000.0,0.15
16,Zprime_3000GeV_030,0.9065591596234782,3000.0,0.3
17,Zprime_3000GeV_045,0.8925153052046285,3000.0,0.45
18,Zprime_3000GeV_060,0.8620640486143881,3000.0,0.6
19,Zprime_3000GeV_075,0.8439288911328998,3000.0,0.75
20,Zprime_3500GeV_015,0.9113693480548328,3500.0,0.15
21,Zprime_3500GeV_030,0.9029123741319176,3500.0,0.3
22,Zprime_3500GeV_045,0.8867111864073648,3500.0,0.45
23,Zprime_3500GeV_060,0.870600927064911,3500.0,0.6
24,Zprime_3500GeV_075,0.8257156793227185,3500.0,0.75
25,Zprime_4000GeV_015,0.8991296810727925,4000.0,0.15
26,Zprime_4000GeV_030,0.9015001502601635,4000.0,0.3
27,Zprime_4000GeV_045,0.8819082560650743,4000.0,0.45
28,Zprime_4000GeV_060,0.8546486270510504,4000.0,0.6
29,Zprime_4000GeV_075,0.7933126057001576,4000.0,0.75
