,name,auc,mass,nu
0,Zprime_1500GeV_015,0.9021931815952398,1500.0,0.15
1,Zprime_1500GeV_030,0.8691229883344799,1500.0,0.3
2,Zprime_1500GeV_045,0.8654680017232346,1500.0,0.45
3,Zprime_1500GeV_060,0.8378629790916541,1500.0,0.6
4,Zprime_1500GeV_075,0.7842712145071455,1500.0,0.75
5,Zprime_2000GeV_015,0.9092278549852838,2000.0,0.15
6,Zprime_2000GeV_030,0.9055387812532848,2000.0,0.3
7,Zprime_2000GeV_045,0.8925625610036458,2000.0,0.45
8,Zprime_2000GeV_060,0.8595526014766359,2000.0,0.6
9,Zprime_2000GeV_075,0.815751600014615,2000.0,0.75
10,Zprime_2500GeV_015,0.9129101729555665,2500.0,0.15
11,Zprime_2500GeV_030,0.9056600929016383,2500.0,0.3
12,Zprime_2500GeV_045,0.8891497527299316,2500.0,0.45
13,Zprime_2500GeV_060,0.8580368677948471,2500.0,0.6
14,Zprime_2500GeV_075,0.8303615210846904,2500.0,0.75
15,Zprime_3000GeV_015,0.9070076266256987,3000.0,0.15
16,Zprime_3000GeV_030,0.8943228249084276,3000.0,0.3
17,Zprime_3000GeV_045,0.8794975116906233,3000.0,0.45
18,Zprime_3000GeV_060,0.847804987898933,3000.0,0.6
19,Zprime_3000GeV_075,0.82722604928848,3000.0,0.75
20,Zprime_3500GeV_015,0.898122905104636,3500.0,0.15
21,Zprime_3500GeV_030,0.889502480046869,3500.0,0.3
22,Zprime_3500GeV_045,0.8734224881248268,3500.0,0.45
23,Zprime_3500GeV_060,0.8553113979644407,3500.0,0.6
24,Zprime_3500GeV_075,0.808346591031178,3500.0,0.75
25,Zprime_4000GeV_015,0.8849417006008857,4000.0,0.15
26,Zprime_4000GeV_030,0.8878782360788423,4000.0,0.3
27,Zprime_4000GeV_045,0.8668176610376835,4000.0,0.45
28,Zprime_4000GeV_060,0.8379108652302362,4000.0,0.6
29,Zprime_4000GeV_075,0.7721721839978626,4000.0,0.75
