,name,auc,mass,nu
0,Zprime_1500GeV_015,0.9412476165385365,1500.0,0.15
1,Zprime_1500GeV_030,0.9233294418324979,1500.0,0.3
2,Zprime_1500GeV_045,0.916262515880784,1500.0,0.45
3,Zprime_1500GeV_060,0.8987379664525621,1500.0,0.6
4,Zprime_1500GeV_075,0.8625074403453827,1500.0,0.75
5,Zprime_2000GeV_015,0.9450454523631613,2000.0,0.15
6,Zprime_2000GeV_030,0.9435084986242548,2000.0,0.3
7,Zprime_2000GeV_045,0.9360191005469387,2000.0,0.45
8,Zprime_2000GeV_060,0.9135613371323273,2000.0,0.6
9,Zprime_2000GeV_075,0.8802298929358554,2000.0,0.75
10,Zprime_2500GeV_015,0.9476843221164531,2500.0,0.15
11,Zprime_2500GeV_030,0.9436645812536529,2500.0,0.3
12,Zprime_2500GeV_045,0.934227175766719,2500.0,0.45
13,Zprime_2500GeV_060,0.9120930178136952,2500.0,0.6
14,Zprime_2500GeV_075,0.8926144520696102,2500.0,0.75
15,Zprime_3000GeV_015,0.943307956322194,3000.0,0.15
16,Zprime_3000GeV_030,0.936502927078532,3000.0,0.3
17,Zprime_3000GeV_045,0.9281316822578496,3000.0,0.45
18,Zprime_3000GeV_060,0.9062638039883731,3000.0,0.6
19,Zprime_3000GeV_075,0.8927497297277928,3000.0,0.75
20,Zprime_3500GeV_015,0.9387793577475123,3500.0,0.15
21,Zprime_3500GeV_030,0.9334938898268703,3500.0,0.3
22,Zprime_3500GeV_045,0.9234740354580038,3500.0,0.45
23,Zprime_3500GeV_060,0.9129384601590506,3500.0,0.6
24,Zprime_3500GeV_075,0.8789718730527084,3500.0,0.75
25,Zprime_4000GeV_015,0.9302954325649448,4000.0,0.15
26,Zprime_4000GeV_030,0.9327870721935775,4000.0,0.3
27,Zprime_4000GeV_045,0.9203633867690877,4000.0,0.45
28,Zprime_4000GeV_060,0.8981037895894056,4000.0,0.6
29,Zprime_4000GeV_075,0.8497354170883664,4000.0,0.75
