,name,auc,mass,nu
0,Zprime_1500GeV_015,0.9387179476399878,1500.0,0.15
1,Zprime_1500GeV_030,0.9216423322374782,1500.0,0.3
2,Zprime_1500GeV_045,0.9134477639295987,1500.0,0.45
3,Zprime_1500GeV_060,0.8951373074303633,1500.0,0.6
4,Zprime_1500GeV_075,0.8592278281893445,1500.0,0.75
5,Zprime_2000GeV_015,0.9424109955829699,2000.0,0.15
6,Zprime_2000GeV_030,0.9410827657232693,2000.0,0.3
7,Zprime_2000GeV_045,0.9338755657782121,2000.0,0.45
8,Zprime_2000GeV_060,0.9101546244362323,2000.0,0.6
9,Zprime_2000GeV_075,0.8761215923163395,2000.0,0.75
10,Zprime_2500GeV_015,0.9441228081094238,2500.0,0.15
11,Zprime_2500GeV_030,0.9404281871112102,2500.0,0.3
12,Zprime_2500GeV_045,0.9317554837804358,2500.0,0.45
13,Zprime_2500GeV_060,0.9086076332240821,2500.0,0.6
14,Zprime_2500GeV_075,0.8890039126223903,2500.0,0.75
15,Zprime_3000GeV_015,0.9401981853096182,3000.0,0.15
16,Zprime_3000GeV_030,0.9327722896682306,3000.0,0.3
17,Zprime_3000GeV_045,0.9250451239173099,3000.0,0.45
18,Zprime_3000GeV_060,0.9039030324671989,3000.0,0.6
19,Zprime_3000GeV_075,0.8909198900613098,3000.0,0.75
20,Zprime_3500GeV_015,0.9353249408984142,3500.0,0.15
21,Zprime_3500GeV_030,0.9295877374856854,3500.0,0.3
22,Zprime_3500GeV_045,0.9196055304805689,3500.0,0.45
23,Zprime_3500GeV_060,0.9100036438002157,3500.0,0.6
24,Zprime_3500GeV_075,0.8763411010120545,3500.0,0.75
25,Zprime_4000GeV_015,0.9251412341267453,4000.0,0.15
26,Zprime_4000GeV_030,0.9282490506977488,4000.0,0.3
27,Zprime_4000GeV_045,0.916563383794383,4000.0,0.45
28,Zprime_4000GeV_060,0.894121512031869,4000.0,0.6
29,Zprime_4000GeV_075,0.8450626420489026,4000.0,0.75
