,name,auc,mass,nu
0,Zprime_1500GeV_015,0.8888964795304921,1500.0,0.15
1,Zprime_1500GeV_030,0.8564497201183988,1500.0,0.3
2,Zprime_1500GeV_045,0.8502684070765071,1500.0,0.45
3,Zprime_1500GeV_060,0.8184214145995149,1500.0,0.6
4,Zprime_1500GeV_075,0.7692205783000601,1500.0,0.75
5,Zprime_2000GeV_015,0.8978924892626459,2000.0,0.15
6,Zprime_2000GeV_030,0.8946013166406453,2000.0,0.3
7,Zprime_2000GeV_045,0.8790695385942365,2000.0,0.45
8,Zprime_2000GeV_060,0.8429350149591877,2000.0,0.6
9,Zprime_2000GeV_075,0.7954716170630631,2000.0,0.75
10,Zprime_2500GeV_015,0.9027153126145525,2500.0,0.15
11,Zprime_2500GeV_030,0.8942302952907726,2500.0,0.3
12,Zprime_2500GeV_045,0.8755131576949605,2500.0,0.45
13,Zprime_2500GeV_060,0.8421378774510029,2500.0,0.6
14,Zprime_2500GeV_075,0.8124211379535047,2500.0,0.75
15,Zprime_3000GeV_015,0.8960537343497066,3000.0,0.15
16,Zprime_3000GeV_030,0.8811834519502828,3000.0,0.3
17,Zprime_3000GeV_045,0.8655209418272298,3000.0,0.45
18,Zprime_3000GeV_060,0.8298125356839238,3000.0,0.6
19,Zprime_3000GeV_075,0.8079917113788583,3000.0,0.75
20,Zprime_3500GeV_015,0.8864950855952993,3500.0,0.15
21,Zprime_3500GeV_030,0.8768459503243559,3500.0,0.3
22,Zprime_3500GeV_045,0.8589303801896658,3500.0,0.45
23,Zprime_3500GeV_060,0.8383309752817704,3500.0,0.6
24,Zprime_3500GeV_075,0.7866368099873225,3500.0,0.75
25,Zprime_4000GeV_015,0.8724505808758009,4000.0,0.15
26,Zprime_4000GeV_030,0.8752633052121362,4000.0,0.3
27,Zprime_4000GeV_045,0.8500954830081083,4000.0,0.45
28,Zprime_4000GeV_060,0.8168174766639904,4000.0,0.6
29,Zprime_4000GeV_075,0.7494492785418609,4000.0,0.75
