,name,auc,mass,nu
0,Zprime_1500GeV_015,0.9140950740706486,1500.0,0.15
1,Zprime_1500GeV_030,0.8933662063441239,1500.0,0.3
2,Zprime_1500GeV_045,0.8877075785533945,1500.0,0.45
3,Zprime_1500GeV_060,0.8638997241929144,1500.0,0.6
4,Zprime_1500GeV_075,0.8173578339406999,1500.0,0.75
5,Zprime_2000GeV_015,0.9246033560787124,2000.0,0.15
6,Zprime_2000GeV_030,0.9216937817797166,2000.0,0.3
7,Zprime_2000GeV_045,0.911335920182654,2000.0,0.45
8,Zprime_2000GeV_060,0.8815591998146305,2000.0,0.6
9,Zprime_2000GeV_075,0.8455874266517361,2000.0,0.75
10,Zprime_2500GeV_015,0.9266943510786811,2500.0,0.15
11,Zprime_2500GeV_030,0.9211465196620068,2500.0,0.3
12,Zprime_2500GeV_045,0.9083513624847913,2500.0,0.45
13,Zprime_2500GeV_060,0.8815447218105831,2500.0,0.6
14,Zprime_2500GeV_075,0.8617266100186295,2500.0,0.75
15,Zprime_3000GeV_015,0.9215455618413076,3000.0,0.15
16,Zprime_3000GeV_030,0.9110295085401956,3000.0,0.3
17,Zprime_3000GeV_045,0.8993112339008547,3000.0,0.45
18,Zprime_3000GeV_060,0.8738339593526184,3000.0,0.6
19,Zprime_3000GeV_075,0.8587872457855604,3000.0,0.75
20,Zprime_3500GeV_015,0.9146105142689992,3500.0,0.15
21,Zprime_3500GeV_030,0.9076162778924028,3500.0,0.3
22,Zprime_3500GeV_045,0.8947737242062935,3500.0,0.45
23,Zprime_3500GeV_060,0.8813641082159767,3500.0,0.6
24,Zprime_3500GeV_075,0.8432510797395734,3500.0,0.75
25,Zprime_4000GeV_015,0.9029922592304017,4000.0,0.15
26,Zprime_4000GeV_030,0.9057376798014931,4000.0,0.3
27,Zprime_4000GeV_045,0.8881272120473294,4000.0,0.45
28,Zprime_4000GeV_060,0.8637981526029199,4000.0,0.6
29,Zprime_4000GeV_075,0.8082113271022234,4000.0,0.75
