,name,auc,mass,nu
0,Zprime_1500GeV_015,0.8142842095035767,1500.0,0.15
1,Zprime_1500GeV_030,0.7667990384584901,1500.0,0.3
2,Zprime_1500GeV_045,0.7696104415805132,1500.0,0.45
3,Zprime_1500GeV_060,0.7305538541738756,1500.0,0.6
4,Zprime_1500GeV_075,0.6809939882846476,1500.0,0.75
5,Zprime_2000GeV_015,0.8205098144916689,2000.0,0.15
6,Zprime_2000GeV_030,0.8142615993442585,2000.0,0.3
7,Zprime_2000GeV_045,0.7982522318801227,2000.0,0.45
8,Zprime_2000GeV_060,0.7548826108435791,2000.0,0.6
9,Zprime_2000GeV_075,0.7109283280671181,2000.0,0.75
10,Zprime_2500GeV_015,0.8296990063581724,2500.0,0.15
11,Zprime_2500GeV_030,0.817816111852413,2500.0,0.3
12,Zprime_2500GeV_045,0.7943348720695964,2500.0,0.45
13,Zprime_2500GeV_060,0.754648416126388,2500.0,0.6
14,Zprime_2500GeV_075,0.7263562348160881,2500.0,0.75
15,Zprime_3000GeV_015,0.8219584917407341,3000.0,0.15
16,Zprime_3000GeV_030,0.8053847156344771,3000.0,0.3
17,Zprime_3000GeV_045,0.7852770771709556,3000.0,0.45
18,Zprime_3000GeV_060,0.742593501641891,3000.0,0.6
19,Zprime_3000GeV_075,0.7223187354175089,3000.0,0.75
20,Zprime_3500GeV_015,0.8134262648440456,3500.0,0.15
21,Zprime_3500GeV_030,0.7984888965113488,3500.0,0.3
22,Zprime_3500GeV_045,0.7758849501315447,3500.0,0.45
23,Zprime_3500GeV_060,0.7540155641815137,3500.0,0.6
24,Zprime_3500GeV_075,0.6990544489567889,3500.0,0.75
25,Zprime_4000GeV_015,0.7902042122240587,4000.0,0.15
26,Zprime_4000GeV_030,0.80040301652196,4000.0,0.3
27,Zprime_4000GeV_045,0.7703069061203699,4000.0,0.45
28,Zprime_4000GeV_060,0.7310931033766532,4000.0,0.6
29,Zprime_4000GeV_075,0.6585826974288665,4000.0,0.75
