,name,auc,mass,nu
0,Zprime_1500GeV_015,0.7936095205797475,1500.0,0.15
1,Zprime_1500GeV_030,0.7392302780428474,1500.0,0.3
2,Zprime_1500GeV_045,0.7393147539827837,1500.0,0.45
3,Zprime_1500GeV_060,0.6964141306018665,1500.0,0.6
4,Zprime_1500GeV_075,0.647884765270184,1500.0,0.75
5,Zprime_2000GeV_015,0.8040417167307221,2000.0,0.15
6,Zprime_2000GeV_030,0.795598312831342,2000.0,0.3
7,Zprime_2000GeV_045,0.7759520181665125,2000.0,0.45
8,Zprime_2000GeV_060,0.7282339070847546,2000.0,0.6
9,Zprime_2000GeV_075,0.6744252336613827,2000.0,0.75
10,Zprime_2500GeV_015,0.814139182495952,2500.0,0.15
11,Zprime_2500GeV_030,0.8018018254487268,2500.0,0.3
12,Zprime_2500GeV_045,0.7745474455764446,2500.0,0.45
13,Zprime_2500GeV_060,0.7317021451477834,2500.0,0.6
14,Zprime_2500GeV_075,0.6928549966377574,2500.0,0.75
15,Zprime_3000GeV_015,0.8042046185213708,3000.0,0.15
16,Zprime_3000GeV_030,0.7870966406255848,3000.0,0.3
17,Zprime_3000GeV_045,0.7661142451088817,3000.0,0.45
18,Zprime_3000GeV_060,0.7180541301387701,3000.0,0.6
19,Zprime_3000GeV_075,0.6947382009056725,3000.0,0.75
20,Zprime_3500GeV_015,0.7963516078416251,3500.0,0.15
21,Zprime_3500GeV_030,0.7820497210642028,3500.0,0.3
22,Zprime_3500GeV_045,0.7575482082689317,3500.0,0.45
23,Zprime_3500GeV_060,0.7303637857474996,3500.0,0.6
24,Zprime_3500GeV_075,0.6709610004512344,3500.0,0.75
25,Zprime_4000GeV_015,0.7739664861411673,4000.0,0.15
26,Zprime_4000GeV_030,0.7839715928848409,4000.0,0.3
27,Zprime_4000GeV_045,0.75119496000549,4000.0,0.45
28,Zprime_4000GeV_060,0.7072372414394097,4000.0,0.6
29,Zprime_4000GeV_075,0.6279733057381075,4000.0,0.75
