,name,auc,mass,nu
0,Zprime_1500GeV_015,0.9013868218987908,1500.0,0.15
1,Zprime_1500GeV_030,0.8755101485480712,1500.0,0.3
2,Zprime_1500GeV_045,0.8727072452614617,1500.0,0.45
3,Zprime_1500GeV_060,0.8451581875337266,1500.0,0.6
4,Zprime_1500GeV_075,0.7980438414590416,1500.0,0.75
5,Zprime_2000GeV_015,0.9133705622830571,2000.0,0.15
6,Zprime_2000GeV_030,0.9096989566993281,2000.0,0.3
7,Zprime_2000GeV_045,0.8966014515944093,2000.0,0.45
8,Zprime_2000GeV_060,0.8649753505825559,2000.0,0.6
9,Zprime_2000GeV_075,0.8230124219576104,2000.0,0.75
10,Zprime_2500GeV_015,0.9183379448964807,2500.0,0.15
11,Zprime_2500GeV_030,0.9102366870387222,2500.0,0.3
12,Zprime_2500GeV_045,0.8946637756980751,2500.0,0.45
13,Zprime_2500GeV_060,0.8648435094368611,2500.0,0.6
14,Zprime_2500GeV_075,0.8385216488621036,2500.0,0.75
15,Zprime_3000GeV_015,0.9113906594518628,3000.0,0.15
16,Zprime_3000GeV_030,0.8999670343604165,3000.0,0.3
17,Zprime_3000GeV_045,0.8862580675142512,3000.0,0.45
18,Zprime_3000GeV_060,0.8553298304094766,3000.0,0.6
19,Zprime_3000GeV_075,0.8373193383731182,3000.0,0.75
20,Zprime_3500GeV_015,0.9039176868129118,3500.0,0.15
21,Zprime_3500GeV_030,0.8944019271669742,3500.0,0.3
22,Zprime_3500GeV_045,0.880234869185716,3500.0,0.45
23,Zprime_3500GeV_060,0.8641759532039418,3500.0,0.6
24,Zprime_3500GeV_075,0.8189513741163327,3500.0,0.75
25,Zprime_4000GeV_015,0.8924299438517448,4000.0,0.15
26,Zprime_4000GeV_030,0.8943233643356517,4000.0,0.3
27,Zprime_4000GeV_045,0.8741747074469819,4000.0,0.45
28,Zprime_4000GeV_060,0.8459360082000799,4000.0,0.6
29,Zprime_4000GeV_075,0.7843005833997951,4000.0,0.75
