,name,auc,mass,nu
0,Zprime_1500GeV_015,0.9113105931724398,1500.0,0.15
1,Zprime_1500GeV_030,0.886172411716033,1500.0,0.3
2,Zprime_1500GeV_045,0.8834713118008077,1500.0,0.45
3,Zprime_1500GeV_060,0.8595913838151064,1500.0,0.6
4,Zprime_1500GeV_075,0.8151225909396475,1500.0,0.75
5,Zprime_2000GeV_015,0.9207937825302429,2000.0,0.15
6,Zprime_2000GeV_030,0.9176365288852768,2000.0,0.3
7,Zprime_2000GeV_045,0.9072032553532512,2000.0,0.45
8,Zprime_2000GeV_060,0.8769422125628613,2000.0,0.6
9,Zprime_2000GeV_075,0.8383514466293547,2000.0,0.75
10,Zprime_2500GeV_015,0.9240783232719596,2500.0,0.15
11,Zprime_2500GeV_030,0.9179306839920628,2500.0,0.3
12,Zprime_2500GeV_045,0.9035766778878992,2500.0,0.45
13,Zprime_2500GeV_060,0.8764687012696412,2500.0,0.6
14,Zprime_2500GeV_075,0.8550794440069749,2500.0,0.75
15,Zprime_3000GeV_015,0.9187192903361636,3000.0,0.15
16,Zprime_3000GeV_030,0.908105972045956,3000.0,0.3
17,Zprime_3000GeV_045,0.8962903990851868,3000.0,0.45
18,Zprime_3000GeV_060,0.8688016681753893,3000.0,0.6
19,Zprime_3000GeV_075,0.8525451224733883,3000.0,0.75
20,Zprime_3500GeV_015,0.9118596541094176,3500.0,0.15
21,Zprime_3500GeV_030,0.9045867014129417,3500.0,0.3
22,Zprime_3500GeV_045,0.8905363106102884,3500.0,0.45
23,Zprime_3500GeV_060,0.8764898153694983,3500.0,0.6
24,Zprime_3500GeV_075,0.8371795913105139,3500.0,0.75
25,Zprime_4000GeV_015,0.900693969892868,4000.0,0.15
26,Zprime_4000GeV_030,0.9035432175013597,4000.0,0.3
27,Zprime_4000GeV_045,0.8853308452769324,4000.0,0.45
28,Zprime_4000GeV_060,0.8602566218215846,4000.0,0.6
29,Zprime_4000GeV_075,0.8026054824971561,4000.0,0.75
