,name,auc,mass,nu
0,Zprime_1500GeV_015,0.9383493927953835,1500.0,0.15
1,Zprime_1500GeV_030,0.9211504787629202,1500.0,0.3
2,Zprime_1500GeV_045,0.9145838666278795,1500.0,0.45
3,Zprime_1500GeV_060,0.8960669409430476,1500.0,0.6
4,Zprime_1500GeV_075,0.8595759512410064,1500.0,0.75
5,Zprime_2000GeV_015,0.942757960535135,2000.0,0.15
6,Zprime_2000GeV_030,0.9421744393972201,2000.0,0.3
7,Zprime_2000GeV_045,0.9341630399624865,2000.0,0.45
8,Zprime_2000GeV_060,0.9104349130778857,2000.0,0.6
9,Zprime_2000GeV_075,0.8745009289881005,2000.0,0.75
10,Zprime_2500GeV_015,0.9459053766051775,2500.0,0.15
11,Zprime_2500GeV_030,0.9411784171056443,2500.0,0.3
12,Zprime_2500GeV_045,0.9323712619817612,2500.0,0.45
13,Zprime_2500GeV_060,0.9096426817643072,2500.0,0.6
14,Zprime_2500GeV_075,0.8890863666202805,2500.0,0.75
15,Zprime_3000GeV_015,0.9414529280907287,3000.0,0.15
16,Zprime_3000GeV_030,0.9347829981905577,3000.0,0.3
17,Zprime_3000GeV_045,0.9267015117100509,3000.0,0.45
18,Zprime_3000GeV_060,0.9049959833683024,3000.0,0.6
19,Zprime_3000GeV_075,0.888648411856374,3000.0,0.75
20,Zprime_3500GeV_015,0.936614291726479,3500.0,0.15
21,Zprime_3500GeV_030,0.9323448503727563,3500.0,0.3
22,Zprime_3500GeV_045,0.9216144927532997,3500.0,0.45
23,Zprime_3500GeV_060,0.9121428986495955,3500.0,0.6
24,Zprime_3500GeV_075,0.8757513053567976,3500.0,0.75
25,Zprime_4000GeV_015,0.9286371468477187,4000.0,0.15
26,Zprime_4000GeV_030,0.9308701864164207,4000.0,0.3
27,Zprime_4000GeV_045,0.9193958557015405,4000.0,0.45
28,Zprime_4000GeV_060,0.8972039746110606,4000.0,0.6
29,Zprime_4000GeV_075,0.8476608143863498,4000.0,0.75
