,name,auc,mass,nu
0,Zprime_1500GeV_015,0.9405416868694513,1500.0,0.15
1,Zprime_1500GeV_030,0.9237894605581992,1500.0,0.3
2,Zprime_1500GeV_045,0.9185576728470083,1500.0,0.45
3,Zprime_1500GeV_060,0.8973430849991603,1500.0,0.6
4,Zprime_1500GeV_075,0.8654018846921574,1500.0,0.75
5,Zprime_2000GeV_015,0.9452481580973479,2000.0,0.15
6,Zprime_2000GeV_030,0.9437743939716893,2000.0,0.3
7,Zprime_2000GeV_045,0.9354344448380625,2000.0,0.45
8,Zprime_2000GeV_060,0.9128457691700792,2000.0,0.6
9,Zprime_2000GeV_075,0.8812554834686538,2000.0,0.75
10,Zprime_2500GeV_015,0.947388191993042,2500.0,0.15
11,Zprime_2500GeV_030,0.9431241336550955,2500.0,0.3
12,Zprime_2500GeV_045,0.933847984373177,2500.0,0.45
13,Zprime_2500GeV_060,0.9109274027071597,2500.0,0.6
14,Zprime_2500GeV_075,0.8925601240164489,2500.0,0.75
15,Zprime_3000GeV_015,0.9433456045422718,3000.0,0.15
16,Zprime_3000GeV_030,0.9358522199774537,3000.0,0.3
17,Zprime_3000GeV_045,0.926683780390315,3000.0,0.45
18,Zprime_3000GeV_060,0.9055517867802518,3000.0,0.6
19,Zprime_3000GeV_075,0.8908667401611914,3000.0,0.75
20,Zprime_3500GeV_015,0.937963223710822,3500.0,0.15
21,Zprime_3500GeV_030,0.9332416839334916,3500.0,0.3
22,Zprime_3500GeV_045,0.9208220892039657,3500.0,0.45
23,Zprime_3500GeV_060,0.9112632965857392,3500.0,0.6
24,Zprime_3500GeV_075,0.8770133329035863,3500.0,0.75
25,Zprime_4000GeV_015,0.9266842176883552,4000.0,0.15
26,Zprime_4000GeV_030,0.9311376434545736,4000.0,0.3
27,Zprime_4000GeV_045,0.9185280866287495,4000.0,0.45
28,Zprime_4000GeV_060,0.896384553742545,4000.0,0.6
29,Zprime_4000GeV_075,0.8480702864470614,4000.0,0.75
