,name,auc,mass,nu
0,Zprime_1500GeV_015,0.934018873371282,1500.0,0.15
1,Zprime_1500GeV_030,0.9157109637289931,1500.0,0.3
2,Zprime_1500GeV_045,0.9076431033113843,1500.0,0.45
3,Zprime_1500GeV_060,0.8880332753605941,1500.0,0.6
4,Zprime_1500GeV_075,0.8503783867349908,1500.0,0.75
5,Zprime_2000GeV_015,0.9392358686520619,2000.0,0.15
6,Zprime_2000GeV_030,0.9377946543113865,2000.0,0.3
7,Zprime_2000GeV_045,0.9296779444854225,2000.0,0.45
8,Zprime_2000GeV_060,0.9050302529587906,2000.0,0.6
9,Zprime_2000GeV_075,0.8704041426894534,2000.0,0.75
10,Zprime_2500GeV_015,0.9414012627589186,2500.0,0.15
11,Zprime_2500GeV_030,0.9372102273186464,2500.0,0.3
12,Zprime_2500GeV_045,0.9272682884313292,2500.0,0.45
13,Zprime_2500GeV_060,0.9032950507160922,2500.0,0.6
14,Zprime_2500GeV_075,0.8823340534713229,2500.0,0.75
15,Zprime_3000GeV_015,0.9370857675430688,3000.0,0.15
16,Zprime_3000GeV_030,0.9298930110113239,3000.0,0.3
17,Zprime_3000GeV_045,0.9205286454313018,3000.0,0.45
18,Zprime_3000GeV_060,0.8984062651984838,3000.0,0.6
19,Zprime_3000GeV_075,0.8831590871498177,3000.0,0.75
20,Zprime_3500GeV_015,0.9325463776312353,3500.0,0.15
21,Zprime_3500GeV_030,0.9265987536968895,3500.0,0.3
22,Zprime_3500GeV_045,0.9144852321056491,3500.0,0.45
23,Zprime_3500GeV_060,0.9049436485446553,3500.0,0.6
24,Zprime_3500GeV_075,0.8700056296869292,3500.0,0.75
25,Zprime_4000GeV_015,0.9220646420221393,4000.0,0.15
26,Zprime_4000GeV_030,0.9255535320368893,4000.0,0.3
27,Zprime_4000GeV_045,0.9122716885637903,4000.0,0.45
28,Zprime_4000GeV_060,0.8892257232274088,4000.0,0.6
29,Zprime_4000GeV_075,0.838329965448278,4000.0,0.75
