,name,auc,mass,nu
0,Zprime_1500GeV_015,0.8995112327482233,1500.0,0.15
1,Zprime_1500GeV_030,0.8751458982577279,1500.0,0.3
2,Zprime_1500GeV_045,0.8722533203179265,1500.0,0.45
3,Zprime_1500GeV_060,0.842088370375305,1500.0,0.6
4,Zprime_1500GeV_075,0.7961464661812758,1500.0,0.75
5,Zprime_2000GeV_015,0.9131020273148256,2000.0,0.15
6,Zprime_2000GeV_030,0.9081330081250362,2000.0,0.3
7,Zprime_2000GeV_045,0.8961200017418068,2000.0,0.45
8,Zprime_2000GeV_060,0.8629590073433476,2000.0,0.6
9,Zprime_2000GeV_075,0.8204814926331466,2000.0,0.75
10,Zprime_2500GeV_015,0.9174761706840002,2500.0,0.15
11,Zprime_2500GeV_030,0.9101862290116329,2500.0,0.3
12,Zprime_2500GeV_045,0.8940795875856887,2500.0,0.45
13,Zprime_2500GeV_060,0.8632126700877345,2500.0,0.6
14,Zprime_2500GeV_075,0.8370188075591158,2500.0,0.75
15,Zprime_3000GeV_015,0.9128465472896522,3000.0,0.15
16,Zprime_3000GeV_030,0.9001613123601567,3000.0,0.3
17,Zprime_3000GeV_045,0.8857944074406495,3000.0,0.45
18,Zprime_3000GeV_060,0.8547166344186581,3000.0,0.6
19,Zprime_3000GeV_075,0.8346454903820917,3000.0,0.75
20,Zprime_3500GeV_015,0.9043009293637946,3500.0,0.15
21,Zprime_3500GeV_030,0.8954351119761705,3500.0,0.3
22,Zprime_3500GeV_045,0.8803262431386308,3500.0,0.45
23,Zprime_3500GeV_060,0.8628357129535259,3500.0,0.6
24,Zprime_3500GeV_075,0.8159636648832164,3500.0,0.75
25,Zprime_4000GeV_015,0.8924227011211994,4000.0,0.15
26,Zprime_4000GeV_030,0.8964664347848192,4000.0,0.3
27,Zprime_4000GeV_045,0.8741212144166711,4000.0,0.45
28,Zprime_4000GeV_060,0.846076409886634,4000.0,0.6
29,Zprime_4000GeV_075,0.7817171122032038,4000.0,0.75
