,name,auc,mass,nu
0,Zprime_1500GeV_015,0.9474923789958306,1500.0,0.15
1,Zprime_1500GeV_030,0.9344881817787936,1500.0,0.3
2,Zprime_1500GeV_045,0.9288561190257422,1500.0,0.45
3,Zprime_1500GeV_060,0.9142568849904071,1500.0,0.6
4,Zprime_1500GeV_075,0.8820125865668313,1500.0,0.75
5,Zprime_2000GeV_015,0.9512043138222913,2000.0,0.15
6,Zprime_2000GeV_030,0.9504774331489396,2000.0,0.3
7,Zprime_2000GeV_045,0.9447455716558593,2000.0,0.45
8,Zprime_2000GeV_060,0.9261759717279595,2000.0,0.6
9,Zprime_2000GeV_075,0.8974946651068841,2000.0,0.75
10,Zprime_2500GeV_015,0.9532342081773496,2500.0,0.15
11,Zprime_2500GeV_030,0.9499436546130496,2500.0,0.3
12,Zprime_2500GeV_045,0.9427581336598573,2500.0,0.45
13,Zprime_2500GeV_060,0.9240421478701609,2500.0,0.6
14,Zprime_2500GeV_075,0.9082825000236416,2500.0,0.75
15,Zprime_3000GeV_015,0.9495430078309123,3000.0,0.15
16,Zprime_3000GeV_030,0.943698992451993,3000.0,0.3
17,Zprime_3000GeV_045,0.9367145434032564,3000.0,0.45
18,Zprime_3000GeV_060,0.9190923671047129,3000.0,0.6
19,Zprime_3000GeV_075,0.9062255825106,3000.0,0.75
20,Zprime_3500GeV_015,0.9451748075826865,3500.0,0.15
21,Zprime_3500GeV_030,0.9411605540904384,3500.0,0.3
22,Zprime_3500GeV_045,0.9326106217189395,3500.0,0.45
23,Zprime_3500GeV_060,0.9244040946102768,3500.0,0.6
24,Zprime_3500GeV_075,0.8945472506929671,3500.0,0.75
25,Zprime_4000GeV_015,0.9370164221778119,4000.0,0.15
26,Zprime_4000GeV_030,0.9389953477607301,4000.0,0.3
27,Zprime_4000GeV_045,0.9298462228063865,4000.0,0.45
28,Zprime_4000GeV_060,0.9116591018036561,4000.0,0.6
29,Zprime_4000GeV_075,0.8704716479928734,4000.0,0.75
