,name,auc,mass,nu
0,Zprime_1500GeV_015,0.9007208306824478,1500.0,0.15
1,Zprime_1500GeV_030,0.8737464242047653,1500.0,0.3
2,Zprime_1500GeV_045,0.8710892145083352,1500.0,0.45
3,Zprime_1500GeV_060,0.8439951215799804,1500.0,0.6
4,Zprime_1500GeV_075,0.7985785835814844,1500.0,0.75
5,Zprime_2000GeV_015,0.9098970391131607,2000.0,0.15
6,Zprime_2000GeV_030,0.9068551590669273,2000.0,0.3
7,Zprime_2000GeV_045,0.8941663828624464,2000.0,0.45
8,Zprime_2000GeV_060,0.8636513678467855,2000.0,0.6
9,Zprime_2000GeV_075,0.8208669050584406,2000.0,0.75
10,Zprime_2500GeV_015,0.9138550878969108,2500.0,0.15
11,Zprime_2500GeV_030,0.9069248663135383,2500.0,0.3
12,Zprime_2500GeV_045,0.8911372069517529,2500.0,0.45
13,Zprime_2500GeV_060,0.863248607506771,2500.0,0.6
14,Zprime_2500GeV_075,0.8384816953885942,2500.0,0.75
15,Zprime_3000GeV_015,0.9092992620734487,3000.0,0.15
16,Zprime_3000GeV_030,0.8968947423573633,3000.0,0.3
17,Zprime_3000GeV_045,0.8837533071769673,3000.0,0.45
18,Zprime_3000GeV_060,0.8537951943215955,3000.0,0.6
19,Zprime_3000GeV_075,0.8371546427646687,3000.0,0.75
20,Zprime_3500GeV_015,0.9007500141680216,3500.0,0.15
21,Zprime_3500GeV_030,0.8934023435775736,3500.0,0.3
22,Zprime_3500GeV_045,0.8774179829965221,3500.0,0.45
23,Zprime_3500GeV_060,0.8618549630444957,3500.0,0.6
24,Zprime_3500GeV_075,0.8179939835406864,3500.0,0.75
25,Zprime_4000GeV_015,0.8899836631489552,4000.0,0.15
26,Zprime_4000GeV_030,0.8930735039277976,4000.0,0.3
27,Zprime_4000GeV_045,0.8724354471223523,4000.0,0.45
28,Zprime_4000GeV_060,0.8454154646590958,4000.0,0.6
29,Zprime_4000GeV_075,0.7849777555713909,4000.0,0.75
