,name,auc,mass,nu
0,Zprime_1500GeV_015,0.9132479584677461,1500.0,0.15
1,Zprime_1500GeV_030,0.8935113120354901,1500.0,0.3
2,Zprime_1500GeV_045,0.8899701201311512,1500.0,0.45
3,Zprime_1500GeV_060,0.8663907841238775,1500.0,0.6
4,Zprime_1500GeV_075,0.8285097012615867,1500.0,0.75
5,Zprime_2000GeV_015,0.9248220349153793,2000.0,0.15
6,Zprime_2000GeV_030,0.9220722084005113,2000.0,0.3
7,Zprime_2000GeV_045,0.912009301552585,2000.0,0.45
8,Zprime_2000GeV_060,0.8837939637343848,2000.0,0.6
9,Zprime_2000GeV_075,0.8486784098233295,2000.0,0.75
10,Zprime_2500GeV_015,0.9277489853238162,2500.0,0.15
11,Zprime_2500GeV_030,0.9226005068824152,2500.0,0.3
12,Zprime_2500GeV_045,0.9098179926492231,2500.0,0.45
13,Zprime_2500GeV_060,0.884560325481825,2500.0,0.6
14,Zprime_2500GeV_075,0.8644416172179771,2500.0,0.75
15,Zprime_3000GeV_015,0.9236432916404445,3000.0,0.15
16,Zprime_3000GeV_030,0.9136437843268428,3000.0,0.3
17,Zprime_3000GeV_045,0.9028017337214816,3000.0,0.45
18,Zprime_3000GeV_060,0.8777935683157461,3000.0,0.6
19,Zprime_3000GeV_075,0.8614815485005359,3000.0,0.75
20,Zprime_3500GeV_015,0.9170863517061902,3500.0,0.15
21,Zprime_3500GeV_030,0.9111226234989224,3500.0,0.3
22,Zprime_3500GeV_045,0.8978268845045508,3500.0,0.45
23,Zprime_3500GeV_060,0.88521283347833,3500.0,0.6
24,Zprime_3500GeV_075,0.8463096005500762,3500.0,0.75
25,Zprime_4000GeV_015,0.9055081829286057,4000.0,0.15
26,Zprime_4000GeV_030,0.9104589207174113,4000.0,0.3
27,Zprime_4000GeV_045,0.893369111222189,4000.0,0.45
28,Zprime_4000GeV_060,0.869884953562652,4000.0,0.6
29,Zprime_4000GeV_075,0.8162717327104622,4000.0,0.75
