,name,auc,mass,nu
0,Zprime_1500GeV_015,0.9398361075376704,1500.0,0.15
1,Zprime_1500GeV_030,0.918938822330927,1500.0,0.3
2,Zprime_1500GeV_045,0.9143426555141805,1500.0,0.45
3,Zprime_1500GeV_060,0.8967416366939629,1500.0,0.6
4,Zprime_1500GeV_075,0.861269126885062,1500.0,0.75
5,Zprime_2000GeV_015,0.9424766653138519,2000.0,0.15
6,Zprime_2000GeV_030,0.9415133064326672,2000.0,0.3
7,Zprime_2000GeV_045,0.9339517698259352,2000.0,0.45
8,Zprime_2000GeV_060,0.9097900413949099,2000.0,0.6
9,Zprime_2000GeV_075,0.8793361277774107,2000.0,0.75
10,Zprime_2500GeV_015,0.9449770131406398,2500.0,0.15
11,Zprime_2500GeV_030,0.9407908001295795,2500.0,0.3
12,Zprime_2500GeV_045,0.9315176623691431,2500.0,0.45
13,Zprime_2500GeV_060,0.9089780466337611,2500.0,0.6
14,Zprime_2500GeV_075,0.8901476874932243,2500.0,0.75
15,Zprime_3000GeV_015,0.9410327455906934,3000.0,0.15
16,Zprime_3000GeV_030,0.9335033450994487,3000.0,0.3
17,Zprime_3000GeV_045,0.924587634135095,3000.0,0.45
18,Zprime_3000GeV_060,0.9033020777204894,3000.0,0.6
19,Zprime_3000GeV_075,0.8895931826337212,3000.0,0.75
20,Zprime_3500GeV_015,0.9348339653926354,3500.0,0.15
21,Zprime_3500GeV_030,0.9299016088547912,3500.0,0.3
22,Zprime_3500GeV_045,0.9193536058155569,3500.0,0.45
23,Zprime_3500GeV_060,0.90967745863894,3500.0,0.6
24,Zprime_3500GeV_075,0.8766099400502803,3500.0,0.75
25,Zprime_4000GeV_015,0.9267932463352753,4000.0,0.15
26,Zprime_4000GeV_030,0.9287573987620257,4000.0,0.3
27,Zprime_4000GeV_045,0.9165812502538108,4000.0,0.45
28,Zprime_4000GeV_060,0.8942361852138977,4000.0,0.6
29,Zprime_4000GeV_075,0.8470899224055669,4000.0,0.75
