,name,auc,mass,nu
0,Zprime_1500GeV_015,0.9206964799041851,1500.0,0.15
1,Zprime_1500GeV_030,0.8994115723142831,1500.0,0.3
2,Zprime_1500GeV_045,0.8961998789606693,1500.0,0.45
3,Zprime_1500GeV_060,0.875510441453031,1500.0,0.6
4,Zprime_1500GeV_075,0.8272318315346744,1500.0,0.75
5,Zprime_2000GeV_015,0.93071314752901,2000.0,0.15
6,Zprime_2000GeV_030,0.9266578385895516,2000.0,0.3
7,Zprime_2000GeV_045,0.917165800802334,2000.0,0.45
8,Zprime_2000GeV_060,0.8896530660637413,2000.0,0.6
9,Zprime_2000GeV_075,0.8524576909906242,2000.0,0.75
10,Zprime_2500GeV_015,0.9332316808074307,2500.0,0.15
11,Zprime_2500GeV_030,0.9275678687774498,2500.0,0.3
12,Zprime_2500GeV_045,0.914747065728347,2500.0,0.45
13,Zprime_2500GeV_060,0.8886997638304739,2500.0,0.6
14,Zprime_2500GeV_075,0.8663047442859828,2500.0,0.75
15,Zprime_3000GeV_015,0.929016540266437,3000.0,0.15
16,Zprime_3000GeV_030,0.9190457597117258,3000.0,0.3
17,Zprime_3000GeV_045,0.9083640624238458,3000.0,0.45
18,Zprime_3000GeV_060,0.8824674014274878,3000.0,0.6
19,Zprime_3000GeV_075,0.8658434239346996,3000.0,0.75
20,Zprime_3500GeV_015,0.9216396057453422,3500.0,0.15
21,Zprime_3500GeV_030,0.9156270771080259,3500.0,0.3
22,Zprime_3500GeV_045,0.9028044122404421,3500.0,0.45
23,Zprime_3500GeV_060,0.8898578385454754,3500.0,0.6
24,Zprime_3500GeV_075,0.850132072025613,3500.0,0.75
25,Zprime_4000GeV_015,0.9117624657877904,4000.0,0.15
26,Zprime_4000GeV_030,0.9138395095859326,4000.0,0.3
27,Zprime_4000GeV_045,0.8972824355581801,4000.0,0.45
28,Zprime_4000GeV_060,0.8737467636912037,4000.0,0.6
29,Zprime_4000GeV_075,0.8180299334179061,4000.0,0.75
