,name,auc,mass,nu
0,Zprime_1500GeV_015,0.9442354098526061,1500.0,0.15
1,Zprime_1500GeV_030,0.9286819066610448,1500.0,0.3
2,Zprime_1500GeV_045,0.9210376503478811,1500.0,0.45
3,Zprime_1500GeV_060,0.9071396478991511,1500.0,0.6
4,Zprime_1500GeV_075,0.8748718781594435,1500.0,0.75
5,Zprime_2000GeV_015,0.9459223551817805,2000.0,0.15
6,Zprime_2000GeV_030,0.9458037713669682,2000.0,0.3
7,Zprime_2000GeV_045,0.9393860549349893,2000.0,0.45
8,Zprime_2000GeV_060,0.9187347873643087,2000.0,0.6
9,Zprime_2000GeV_075,0.8906656075304746,2000.0,0.75
10,Zprime_2500GeV_015,0.9482182162336644,2500.0,0.15
11,Zprime_2500GeV_030,0.9450513602228847,2500.0,0.3
12,Zprime_2500GeV_045,0.9364607311237925,2500.0,0.45
13,Zprime_2500GeV_060,0.9166843810162928,2500.0,0.6
14,Zprime_2500GeV_075,0.9012550647361429,2500.0,0.75
15,Zprime_3000GeV_015,0.9442840478554886,3000.0,0.15
16,Zprime_3000GeV_030,0.9378466643491764,3000.0,0.3
17,Zprime_3000GeV_045,0.9302756837056099,3000.0,0.45
18,Zprime_3000GeV_060,0.9117332876520905,3000.0,0.6
19,Zprime_3000GeV_075,0.9005768512798872,3000.0,0.75
20,Zprime_3500GeV_015,0.9395173242284076,3500.0,0.15
21,Zprime_3500GeV_030,0.9349591334825812,3500.0,0.3
22,Zprime_3500GeV_045,0.9253382556610098,3500.0,0.45
23,Zprime_3500GeV_060,0.9170126774382237,3500.0,0.6
24,Zprime_3500GeV_075,0.8897933883409613,3500.0,0.75
25,Zprime_4000GeV_015,0.9305536685099856,4000.0,0.15
26,Zprime_4000GeV_030,0.933515854792694,4000.0,0.3
27,Zprime_4000GeV_045,0.9225031155778071,4000.0,0.45
28,Zprime_4000GeV_060,0.9034041345937178,4000.0,0.6
29,Zprime_4000GeV_075,0.86061741057087,4000.0,0.75
