,name,auc,mass,nu
0,Zprime_1500GeV_015,0.9404837644350648,1500.0,0.15
1,Zprime_1500GeV_030,0.9251154901283217,1500.0,0.3
2,Zprime_1500GeV_045,0.9190705141404182,1500.0,0.45
3,Zprime_1500GeV_060,0.901464399154275,1500.0,0.6
4,Zprime_1500GeV_075,0.8687331223107668,1500.0,0.75
5,Zprime_2000GeV_015,0.9455284051549874,2000.0,0.15
6,Zprime_2000GeV_030,0.9446338625588577,2000.0,0.3
7,Zprime_2000GeV_045,0.9369723784809276,2000.0,0.45
8,Zprime_2000GeV_060,0.9144479066886098,2000.0,0.6
9,Zprime_2000GeV_075,0.8859078130832243,2000.0,0.75
10,Zprime_2500GeV_015,0.9490467221280947,2500.0,0.15
11,Zprime_2500GeV_030,0.9444744434619198,2500.0,0.3
12,Zprime_2500GeV_045,0.9359327936487372,2500.0,0.45
13,Zprime_2500GeV_060,0.9133496356221872,2500.0,0.6
14,Zprime_2500GeV_075,0.8968096887213906,2500.0,0.75
15,Zprime_3000GeV_015,0.9448043947395594,3000.0,0.15
16,Zprime_3000GeV_030,0.9379451914449236,3000.0,0.3
17,Zprime_3000GeV_045,0.9294136571472015,3000.0,0.45
18,Zprime_3000GeV_060,0.9088745842766791,3000.0,0.6
19,Zprime_3000GeV_075,0.8949408678217251,3000.0,0.75
20,Zprime_3500GeV_015,0.9405420836008703,3500.0,0.15
21,Zprime_3500GeV_030,0.9356365964699103,3500.0,0.3
22,Zprime_3500GeV_045,0.9243199001161618,3500.0,0.45
23,Zprime_3500GeV_060,0.9151496104407615,3500.0,0.6
24,Zprime_3500GeV_075,0.8816661187391219,3500.0,0.75
25,Zprime_4000GeV_015,0.9325287664163714,4000.0,0.15
26,Zprime_4000GeV_030,0.9334981977102953,4000.0,0.3
27,Zprime_4000GeV_045,0.9217001352092934,4000.0,0.45
28,Zprime_4000GeV_060,0.9006898157670113,4000.0,0.6
29,Zprime_4000GeV_075,0.8546590312146048,4000.0,0.75
