,name,auc,mass,nu
0,Zprime_1500GeV_015,0.9110961867419285,1500.0,0.15
1,Zprime_1500GeV_030,0.8841565191753505,1500.0,0.3
2,Zprime_1500GeV_045,0.8806846727770552,1500.0,0.45
3,Zprime_1500GeV_060,0.8562687848167909,1500.0,0.6
4,Zprime_1500GeV_075,0.8099682768508915,1500.0,0.75
5,Zprime_2000GeV_015,0.9179152403381129,2000.0,0.15
6,Zprime_2000GeV_030,0.9165868997691363,2000.0,0.3
7,Zprime_2000GeV_045,0.90433205036712,2000.0,0.45
8,Zprime_2000GeV_060,0.8732323803296368,2000.0,0.6
9,Zprime_2000GeV_075,0.8337646443801999,2000.0,0.75
10,Zprime_2500GeV_015,0.9228730570580668,2500.0,0.15
11,Zprime_2500GeV_030,0.9163885305106293,2500.0,0.3
12,Zprime_2500GeV_045,0.9007001725450343,2500.0,0.45
13,Zprime_2500GeV_060,0.8728300103393662,2500.0,0.6
14,Zprime_2500GeV_075,0.8511296455125693,2500.0,0.75
15,Zprime_3000GeV_015,0.9169403913241415,3000.0,0.15
16,Zprime_3000GeV_030,0.905133214830757,3000.0,0.3
17,Zprime_3000GeV_045,0.8922211533349914,3000.0,0.45
18,Zprime_3000GeV_060,0.8641320306757937,3000.0,0.6
19,Zprime_3000GeV_075,0.849456998859587,3000.0,0.75
20,Zprime_3500GeV_015,0.9091799383540127,3500.0,0.15
21,Zprime_3500GeV_030,0.9010396858231141,3500.0,0.3
22,Zprime_3500GeV_045,0.8864062562943971,3500.0,0.45
23,Zprime_3500GeV_060,0.8717671289681352,3500.0,0.6
24,Zprime_3500GeV_075,0.8314599475708546,3500.0,0.75
25,Zprime_4000GeV_015,0.8954242754546824,4000.0,0.15
26,Zprime_4000GeV_030,0.8995922963596488,4000.0,0.3
27,Zprime_4000GeV_045,0.8792115145563255,4000.0,0.45
28,Zprime_4000GeV_060,0.8544430635533657,4000.0,0.6
29,Zprime_4000GeV_075,0.7970042084837483,4000.0,0.75
