,name,auc,mass,nu
0,Zprime_1500GeV_015,0.943616480614202,1500.0,0.15
1,Zprime_1500GeV_030,0.9286850108792943,1500.0,0.3
2,Zprime_1500GeV_045,0.9194249456767095,1500.0,0.45
3,Zprime_1500GeV_060,0.9027867877346154,1500.0,0.6
4,Zprime_1500GeV_075,0.8716429147680356,1500.0,0.75
5,Zprime_2000GeV_015,0.9472394981237527,2000.0,0.15
6,Zprime_2000GeV_030,0.945572351362248,2000.0,0.3
7,Zprime_2000GeV_045,0.9379343084028677,2000.0,0.45
8,Zprime_2000GeV_060,0.9168705199249003,2000.0,0.6
9,Zprime_2000GeV_075,0.8866529347057315,2000.0,0.75
10,Zprime_2500GeV_015,0.9490280735295673,2500.0,0.15
11,Zprime_2500GeV_030,0.9452231663407807,2500.0,0.3
12,Zprime_2500GeV_045,0.9369431143561745,2500.0,0.45
13,Zprime_2500GeV_060,0.916308204538202,2500.0,0.6
14,Zprime_2500GeV_075,0.8977731784542149,2500.0,0.75
15,Zprime_3000GeV_015,0.9454867213177662,3000.0,0.15
16,Zprime_3000GeV_030,0.9385996219683369,3000.0,0.3
17,Zprime_3000GeV_045,0.930866113502406,3000.0,0.45
18,Zprime_3000GeV_060,0.9119425407763785,3000.0,0.6
19,Zprime_3000GeV_075,0.8985759043395058,3000.0,0.75
20,Zprime_3500GeV_015,0.9407525347126268,3500.0,0.15
21,Zprime_3500GeV_030,0.9363164344493533,3500.0,0.3
22,Zprime_3500GeV_045,0.9259899901908304,3500.0,0.45
23,Zprime_3500GeV_060,0.9173436073026411,3500.0,0.6
24,Zprime_3500GeV_075,0.8868199467113604,3500.0,0.75
25,Zprime_4000GeV_015,0.9315317367112724,4000.0,0.15
26,Zprime_4000GeV_030,0.9345976750076944,4000.0,0.3
27,Zprime_4000GeV_045,0.9239465234384323,4000.0,0.45
28,Zprime_4000GeV_060,0.9039557059431447,4000.0,0.6
29,Zprime_4000GeV_075,0.8608338866118146,4000.0,0.75
