,name,auc,mass,nu
0,Zprime_1500GeV_015,0.9414196321551723,1500.0,0.15
1,Zprime_1500GeV_030,0.9252730126926861,1500.0,0.3
2,Zprime_1500GeV_045,0.9206665267609261,1500.0,0.45
3,Zprime_1500GeV_060,0.9033386498366781,1500.0,0.6
4,Zprime_1500GeV_075,0.8671092224563507,1500.0,0.75
5,Zprime_2000GeV_015,0.9456696110266997,2000.0,0.15
6,Zprime_2000GeV_030,0.9441011843799185,2000.0,0.3
7,Zprime_2000GeV_045,0.9372819960497494,2000.0,0.45
8,Zprime_2000GeV_060,0.9149827521440889,2000.0,0.6
9,Zprime_2000GeV_075,0.8858756500491444,2000.0,0.75
10,Zprime_2500GeV_015,0.9483367148857338,2500.0,0.15
11,Zprime_2500GeV_030,0.9447473780462561,2500.0,0.3
12,Zprime_2500GeV_045,0.9355969972551349,2500.0,0.45
13,Zprime_2500GeV_060,0.9136498311668048,2500.0,0.6
14,Zprime_2500GeV_075,0.8976806717342681,2500.0,0.75
15,Zprime_3000GeV_015,0.9447767068895765,3000.0,0.15
16,Zprime_3000GeV_030,0.937646274696808,3000.0,0.3
17,Zprime_3000GeV_045,0.9294831603298908,3000.0,0.45
18,Zprime_3000GeV_060,0.9097400566053558,3000.0,0.6
19,Zprime_3000GeV_075,0.8964391790494924,3000.0,0.75
20,Zprime_3500GeV_015,0.940050913345653,3500.0,0.15
21,Zprime_3500GeV_030,0.9352397057758586,3500.0,0.3
22,Zprime_3500GeV_045,0.9246968525439397,3500.0,0.45
23,Zprime_3500GeV_060,0.9157874435200751,3500.0,0.6
24,Zprime_3500GeV_075,0.8855025892262404,3500.0,0.75
25,Zprime_4000GeV_015,0.9314690016243102,4000.0,0.15
26,Zprime_4000GeV_030,0.9346157009311288,4000.0,0.3
27,Zprime_4000GeV_045,0.9218195184050283,4000.0,0.45
28,Zprime_4000GeV_060,0.9015379518652875,4000.0,0.6
29,Zprime_4000GeV_075,0.8552747651586807,4000.0,0.75
