,name,auc,mass,nu
0,Zprime_1500GeV_015,0.9303350766117618,1500.0,0.15
1,Zprime_1500GeV_030,0.9129629380117996,1500.0,0.3
2,Zprime_1500GeV_045,0.9040742440450286,1500.0,0.45
3,Zprime_1500GeV_060,0.8821605441719287,1500.0,0.6
4,Zprime_1500GeV_075,0.8498864797936545,1500.0,0.75
5,Zprime_2000GeV_015,0.9369591888598797,2000.0,0.15
6,Zprime_2000GeV_030,0.9355732390169877,2000.0,0.3
7,Zprime_2000GeV_045,0.9258606588783562,2000.0,0.45
8,Zprime_2000GeV_060,0.9010484443708424,2000.0,0.6
9,Zprime_2000GeV_075,0.8646842224700975,2000.0,0.75
10,Zprime_2500GeV_015,0.939229569193772,2500.0,0.15
11,Zprime_2500GeV_030,0.933910023521219,2500.0,0.3
12,Zprime_2500GeV_045,0.9236278104369807,2500.0,0.45
13,Zprime_2500GeV_060,0.8995514617663288,2500.0,0.6
14,Zprime_2500GeV_075,0.8774570607190103,2500.0,0.75
15,Zprime_3000GeV_015,0.9335092855797572,3000.0,0.15
16,Zprime_3000GeV_030,0.9260719130805902,3000.0,0.3
17,Zprime_3000GeV_045,0.9163330126482658,3000.0,0.45
18,Zprime_3000GeV_060,0.8921432530409579,3000.0,0.6
19,Zprime_3000GeV_075,0.8757887373936835,3000.0,0.75
20,Zprime_3500GeV_015,0.9288056791078451,3500.0,0.15
21,Zprime_3500GeV_030,0.9226129266942102,3500.0,0.3
22,Zprime_3500GeV_045,0.9104788199715155,3500.0,0.45
23,Zprime_3500GeV_060,0.8982773142708032,3500.0,0.6
24,Zprime_3500GeV_075,0.8604775779453793,3500.0,0.75
25,Zprime_4000GeV_015,0.9182306118535408,4000.0,0.15
26,Zprime_4000GeV_030,0.9210439113008053,4000.0,0.3
27,Zprime_4000GeV_045,0.9078746784550051,4000.0,0.45
28,Zprime_4000GeV_060,0.8823557175760127,4000.0,0.6
29,Zprime_4000GeV_075,0.8315687644539735,4000.0,0.75
