,name,auc,mass,nu
0,Zprime_1500GeV_015,0.9375464196928804,1500.0,0.15
1,Zprime_1500GeV_030,0.9173309693720656,1500.0,0.3
2,Zprime_1500GeV_045,0.9118008515361794,1500.0,0.45
3,Zprime_1500GeV_060,0.8944986155747677,1500.0,0.6
4,Zprime_1500GeV_075,0.8554058696197547,1500.0,0.75
5,Zprime_2000GeV_015,0.9401722661505326,2000.0,0.15
6,Zprime_2000GeV_030,0.9397997794977561,2000.0,0.3
7,Zprime_2000GeV_045,0.932164506807213,2000.0,0.45
8,Zprime_2000GeV_060,0.9085558062537575,2000.0,0.6
9,Zprime_2000GeV_075,0.8759112066346424,2000.0,0.75
10,Zprime_2500GeV_015,0.9437142001027544,2500.0,0.15
11,Zprime_2500GeV_030,0.9392740501431917,2500.0,0.3
12,Zprime_2500GeV_045,0.9298381865597278,2500.0,0.45
13,Zprime_2500GeV_060,0.90609077116178,2500.0,0.6
14,Zprime_2500GeV_075,0.8889719525532113,2500.0,0.75
15,Zprime_3000GeV_015,0.9393264962648531,3000.0,0.15
16,Zprime_3000GeV_030,0.9313518619897942,3000.0,0.3
17,Zprime_3000GeV_045,0.9228576800275115,3000.0,0.45
18,Zprime_3000GeV_060,0.9011125805454462,3000.0,0.6
19,Zprime_3000GeV_075,0.8878757845816846,3000.0,0.75
20,Zprime_3500GeV_015,0.9339724303931426,3500.0,0.15
21,Zprime_3500GeV_030,0.9283767725715,3500.0,0.3
22,Zprime_3500GeV_045,0.9175757100991077,3500.0,0.45
23,Zprime_3500GeV_060,0.906978743980339,3500.0,0.6
24,Zprime_3500GeV_075,0.8731292142074389,3500.0,0.75
25,Zprime_4000GeV_015,0.9251803202005887,4000.0,0.15
26,Zprime_4000GeV_030,0.9272762939397488,4000.0,0.3
27,Zprime_4000GeV_045,0.9151610718289553,4000.0,0.45
28,Zprime_4000GeV_060,0.8915840158725843,4000.0,0.6
29,Zprime_4000GeV_075,0.8428950946933229,4000.0,0.75
