,name,auc,mass,nu
0,Zprime_1500GeV_015,0.8992746382884108,1500.0,0.15
1,Zprime_1500GeV_030,0.8722227153746249,1500.0,0.3
2,Zprime_1500GeV_045,0.8668744168077529,1500.0,0.45
3,Zprime_1500GeV_060,0.841813490336188,1500.0,0.6
4,Zprime_1500GeV_075,0.7904087843654658,1500.0,0.75
5,Zprime_2000GeV_015,0.9100259518482282,2000.0,0.15
6,Zprime_2000GeV_030,0.9069072475550284,2000.0,0.3
7,Zprime_2000GeV_045,0.8938117464332418,2000.0,0.45
8,Zprime_2000GeV_060,0.8603162021841622,2000.0,0.6
9,Zprime_2000GeV_075,0.8208992494204079,2000.0,0.75
10,Zprime_2500GeV_015,0.9150124961394921,2500.0,0.15
11,Zprime_2500GeV_030,0.9072718366860434,2500.0,0.3
12,Zprime_2500GeV_045,0.8911193025740537,2500.0,0.45
13,Zprime_2500GeV_060,0.8612586337923223,2500.0,0.6
14,Zprime_2500GeV_075,0.8363673586543248,2500.0,0.75
15,Zprime_3000GeV_015,0.9091864575839865,3000.0,0.15
16,Zprime_3000GeV_030,0.8975610787630189,3000.0,0.3
17,Zprime_3000GeV_045,0.8836763013735107,3000.0,0.45
18,Zprime_3000GeV_060,0.8538911295397918,3000.0,0.6
19,Zprime_3000GeV_075,0.8351189066024999,3000.0,0.75
20,Zprime_3500GeV_015,0.9017471678076063,3500.0,0.15
21,Zprime_3500GeV_030,0.892019121469056,3500.0,0.3
22,Zprime_3500GeV_045,0.878014722049288,3500.0,0.45
23,Zprime_3500GeV_060,0.8628054127520723,3500.0,0.6
24,Zprime_3500GeV_075,0.8170447366724682,3500.0,0.75
25,Zprime_4000GeV_015,0.8895791275713412,4000.0,0.15
26,Zprime_4000GeV_030,0.892527420588336,4000.0,0.3
27,Zprime_4000GeV_045,0.8728937764999207,4000.0,0.45
28,Zprime_4000GeV_060,0.8447696749287509,4000.0,0.6
29,Zprime_4000GeV_075,0.781841841977423,4000.0,0.75
