,name,auc,mass,nu
0,Zprime_1500GeV_015,0.9368044052814049,1500.0,0.15
1,Zprime_1500GeV_030,0.918226107030275,1500.0,0.3
2,Zprime_1500GeV_045,0.9120236684493117,1500.0,0.45
3,Zprime_1500GeV_060,0.8947855148783401,1500.0,0.6
4,Zprime_1500GeV_075,0.8569157748716828,1500.0,0.75
5,Zprime_2000GeV_015,0.9414197631756277,2000.0,0.15
6,Zprime_2000GeV_030,0.9399973983063152,2000.0,0.3
7,Zprime_2000GeV_045,0.9320363242780296,2000.0,0.45
8,Zprime_2000GeV_060,0.9083984167269098,2000.0,0.6
9,Zprime_2000GeV_075,0.8747339806557596,2000.0,0.75
10,Zprime_2500GeV_015,0.943377307645682,2500.0,0.15
11,Zprime_2500GeV_030,0.9393208162428702,2500.0,0.3
12,Zprime_2500GeV_045,0.9298075841535959,2500.0,0.45
13,Zprime_2500GeV_060,0.9067966561993936,2500.0,0.6
14,Zprime_2500GeV_075,0.8872597924419083,2500.0,0.75
15,Zprime_3000GeV_015,0.9390950413402356,3000.0,0.15
16,Zprime_3000GeV_030,0.9320084590512371,3000.0,0.3
17,Zprime_3000GeV_045,0.9227495770893622,3000.0,0.45
18,Zprime_3000GeV_060,0.9011827539775009,3000.0,0.6
19,Zprime_3000GeV_075,0.8858824366522057,3000.0,0.75
20,Zprime_3500GeV_015,0.9344366643666758,3500.0,0.15
21,Zprime_3500GeV_030,0.9290146195661041,3500.0,0.3
22,Zprime_3500GeV_045,0.9174391513266109,3500.0,0.45
23,Zprime_3500GeV_060,0.9082722620845382,3500.0,0.6
24,Zprime_3500GeV_075,0.8731373149401577,3500.0,0.75
25,Zprime_4000GeV_015,0.9251457630361132,4000.0,0.15
26,Zprime_4000GeV_030,0.9270118065448061,4000.0,0.3
27,Zprime_4000GeV_045,0.9146471604430391,4000.0,0.45
28,Zprime_4000GeV_060,0.8926282091487968,4000.0,0.6
29,Zprime_4000GeV_075,0.844474066894901,4000.0,0.75
