,name,auc,mass,nu
0,Zprime_1500GeV_015,0.9327492509788424,1500.0,0.15
1,Zprime_1500GeV_030,0.9103280511427222,1500.0,0.3
2,Zprime_1500GeV_045,0.905974666957899,1500.0,0.45
3,Zprime_1500GeV_060,0.8830657079713271,1500.0,0.6
4,Zprime_1500GeV_075,0.8496341429043035,1500.0,0.75
5,Zprime_2000GeV_015,0.9388909316686854,2000.0,0.15
6,Zprime_2000GeV_030,0.935815718438579,2000.0,0.3
7,Zprime_2000GeV_045,0.9247482794428576,2000.0,0.45
8,Zprime_2000GeV_060,0.9000272185556576,2000.0,0.6
9,Zprime_2000GeV_075,0.8679062830385078,2000.0,0.75
10,Zprime_2500GeV_015,0.9415282776794811,2500.0,0.15
11,Zprime_2500GeV_030,0.9363489562855464,2500.0,0.3
12,Zprime_2500GeV_045,0.9246249550354775,2500.0,0.45
13,Zprime_2500GeV_060,0.8973735669636209,2500.0,0.6
14,Zprime_2500GeV_075,0.8799898995884806,2500.0,0.75
15,Zprime_3000GeV_015,0.9379771217225003,3000.0,0.15
16,Zprime_3000GeV_030,0.929304448282475,3000.0,0.3
17,Zprime_3000GeV_045,0.9168992951561815,3000.0,0.45
18,Zprime_3000GeV_060,0.8920845811641653,3000.0,0.6
19,Zprime_3000GeV_075,0.8773173799007632,3000.0,0.75
20,Zprime_3500GeV_015,0.9342000803146684,3500.0,0.15
21,Zprime_3500GeV_030,0.9269951946882924,3500.0,0.3
22,Zprime_3500GeV_045,0.9136723238172374,3500.0,0.45
23,Zprime_3500GeV_060,0.9001664573659492,3500.0,0.6
24,Zprime_3500GeV_075,0.8621727690753991,3500.0,0.75
25,Zprime_4000GeV_015,0.9240106808952662,4000.0,0.15
26,Zprime_4000GeV_030,0.9265117905049496,4000.0,0.3
27,Zprime_4000GeV_045,0.91002719180931,4000.0,0.45
28,Zprime_4000GeV_060,0.8842146638958732,4000.0,0.6
29,Zprime_4000GeV_075,0.8309493099368092,4000.0,0.75
