,name,auc,mass,nu
0,Zprime_1500GeV_015,0.9396565012794318,1500.0,0.15
1,Zprime_1500GeV_030,0.9196196368355257,1500.0,0.3
2,Zprime_1500GeV_045,0.9145022732486497,1500.0,0.45
3,Zprime_1500GeV_060,0.8961938169454167,1500.0,0.6
4,Zprime_1500GeV_075,0.8611351797389315,1500.0,0.75
5,Zprime_2000GeV_015,0.942999573648045,2000.0,0.15
6,Zprime_2000GeV_030,0.9412130552115275,2000.0,0.3
7,Zprime_2000GeV_045,0.9334987384260647,2000.0,0.45
8,Zprime_2000GeV_060,0.9088883395713141,2000.0,0.6
9,Zprime_2000GeV_075,0.8775205596358864,2000.0,0.75
10,Zprime_2500GeV_015,0.9457959128646075,2500.0,0.15
11,Zprime_2500GeV_030,0.9411255365672817,2500.0,0.3
12,Zprime_2500GeV_045,0.9316767896273972,2500.0,0.45
13,Zprime_2500GeV_060,0.9084680768524431,2500.0,0.6
14,Zprime_2500GeV_075,0.8902318485571241,2500.0,0.75
15,Zprime_3000GeV_015,0.941741679879411,3000.0,0.15
16,Zprime_3000GeV_030,0.9344223401470552,3000.0,0.3
17,Zprime_3000GeV_045,0.925719221164466,3000.0,0.45
18,Zprime_3000GeV_060,0.9042260946024686,3000.0,0.6
19,Zprime_3000GeV_075,0.8906225247895064,3000.0,0.75
20,Zprime_3500GeV_015,0.9371962760791406,3500.0,0.15
21,Zprime_3500GeV_030,0.9314750200507655,3500.0,0.3
22,Zprime_3500GeV_045,0.9203076108867463,3500.0,0.45
23,Zprime_3500GeV_060,0.9113326417401315,3500.0,0.6
24,Zprime_3500GeV_075,0.8775921485205956,3500.0,0.75
25,Zprime_4000GeV_015,0.9267138758769388,4000.0,0.15
26,Zprime_4000GeV_030,0.9303097561064186,4000.0,0.3
27,Zprime_4000GeV_045,0.9181607531344658,4000.0,0.45
28,Zprime_4000GeV_060,0.8962660063512116,4000.0,0.6
29,Zprime_4000GeV_075,0.8484095971388542,4000.0,0.75
