,name,auc,mass,nu
0,Zprime_1500GeV_015,0.9403465489907016,1500.0,0.15
1,Zprime_1500GeV_030,0.9220732241493914,1500.0,0.3
2,Zprime_1500GeV_045,0.9157505531163564,1500.0,0.45
3,Zprime_1500GeV_060,0.8963340596634133,1500.0,0.6
4,Zprime_1500GeV_075,0.8593137776081113,1500.0,0.75
5,Zprime_2000GeV_015,0.9437145807560755,2000.0,0.15
6,Zprime_2000GeV_030,0.9421684659467497,2000.0,0.3
7,Zprime_2000GeV_045,0.9357417045024756,2000.0,0.45
8,Zprime_2000GeV_060,0.9111865334926725,2000.0,0.6
9,Zprime_2000GeV_075,0.8799849416255665,2000.0,0.75
10,Zprime_2500GeV_015,0.9457365244821146,2500.0,0.15
11,Zprime_2500GeV_030,0.9417642501241779,2500.0,0.3
12,Zprime_2500GeV_045,0.93235453441762,2500.0,0.45
13,Zprime_2500GeV_060,0.9096223838449202,2500.0,0.6
14,Zprime_2500GeV_075,0.8911165016462212,2500.0,0.75
15,Zprime_3000GeV_015,0.9414697898099708,3000.0,0.15
16,Zprime_3000GeV_030,0.9337165979415611,3000.0,0.3
17,Zprime_3000GeV_045,0.9245872372710242,3000.0,0.45
18,Zprime_3000GeV_060,0.9032838158942107,3000.0,0.6
19,Zprime_3000GeV_075,0.8902067164116918,3000.0,0.75
20,Zprime_3500GeV_015,0.9360350825533132,3500.0,0.15
21,Zprime_3500GeV_030,0.9297133099237809,3500.0,0.3
22,Zprime_3500GeV_045,0.9196373616469465,3500.0,0.45
23,Zprime_3500GeV_060,0.9093369866493148,3500.0,0.6
24,Zprime_3500GeV_075,0.8757862330518489,3500.0,0.75
25,Zprime_4000GeV_015,0.9254936784355222,4000.0,0.15
26,Zprime_4000GeV_030,0.9296190965384477,4000.0,0.3
27,Zprime_4000GeV_045,0.915988922430533,4000.0,0.45
28,Zprime_4000GeV_060,0.8937363524790441,4000.0,0.6
29,Zprime_4000GeV_075,0.8432011571177391,4000.0,0.75
