,name,auc,mass,nu
0,Zprime_1500GeV_015,0.8331202114729396,1500.0,0.15
1,Zprime_1500GeV_030,0.7891674407398132,1500.0,0.3
2,Zprime_1500GeV_045,0.7844287546489283,1500.0,0.45
3,Zprime_1500GeV_060,0.753783103910907,1500.0,0.6
4,Zprime_1500GeV_075,0.7011290349136027,1500.0,0.75
5,Zprime_2000GeV_015,0.8423892963169329,2000.0,0.15
6,Zprime_2000GeV_030,0.8357721736913505,2000.0,0.3
7,Zprime_2000GeV_045,0.8199309856591874,2000.0,0.45
8,Zprime_2000GeV_060,0.7768327246814642,2000.0,0.6
9,Zprime_2000GeV_075,0.7314246578546754,2000.0,0.75
10,Zprime_2500GeV_015,0.8497473622267698,2500.0,0.15
11,Zprime_2500GeV_030,0.8387407780331413,2500.0,0.3
12,Zprime_2500GeV_045,0.8163669811123,2500.0,0.45
13,Zprime_2500GeV_060,0.7770691941028331,2500.0,0.6
14,Zprime_2500GeV_075,0.7451832355170961,2500.0,0.75
15,Zprime_3000GeV_015,0.8443278421516167,3000.0,0.15
16,Zprime_3000GeV_030,0.8265054736172552,3000.0,0.3
17,Zprime_3000GeV_045,0.805135626122901,3000.0,0.45
18,Zprime_3000GeV_060,0.7646852063734307,3000.0,0.6
19,Zprime_3000GeV_075,0.7418752649129616,3000.0,0.75
20,Zprime_3500GeV_015,0.8358234605105589,3500.0,0.15
21,Zprime_3500GeV_030,0.8212581496835549,3500.0,0.3
22,Zprime_3500GeV_045,0.7999994718053607,3500.0,0.45
23,Zprime_3500GeV_060,0.7760709806535652,3500.0,0.6
24,Zprime_3500GeV_075,0.7205271277852983,3500.0,0.75
25,Zprime_4000GeV_015,0.8170140340151757,4000.0,0.15
26,Zprime_4000GeV_030,0.8222335068664204,4000.0,0.3
27,Zprime_4000GeV_045,0.791862918556945,4000.0,0.45
28,Zprime_4000GeV_060,0.754067010952458,4000.0,0.6
29,Zprime_4000GeV_075,0.6799836428557513,4000.0,0.75
