,name,auc,mass,nu
0,Zprime_1500GeV_015,0.9406487733056053,1500.0,0.15
1,Zprime_1500GeV_030,0.9239520027095204,1500.0,0.3
2,Zprime_1500GeV_045,0.9166944775997623,1500.0,0.45
3,Zprime_1500GeV_060,0.9001673426559708,1500.0,0.6
4,Zprime_1500GeV_075,0.8628393781168874,1500.0,0.75
5,Zprime_2000GeV_015,0.9452400462221936,2000.0,0.15
6,Zprime_2000GeV_030,0.9440789290101662,2000.0,0.3
7,Zprime_2000GeV_045,0.936404551364,2000.0,0.45
8,Zprime_2000GeV_060,0.9134230128676154,2000.0,0.6
9,Zprime_2000GeV_075,0.8803554398320976,2000.0,0.75
10,Zprime_2500GeV_015,0.948391781243175,2500.0,0.15
11,Zprime_2500GeV_030,0.9437823082211363,2500.0,0.3
12,Zprime_2500GeV_045,0.9350688338739057,2500.0,0.45
13,Zprime_2500GeV_060,0.9122984897345072,2500.0,0.6
14,Zprime_2500GeV_075,0.8948954580582416,2500.0,0.75
15,Zprime_3000GeV_015,0.944034255295862,3000.0,0.15
16,Zprime_3000GeV_030,0.9371159817640378,3000.0,0.3
17,Zprime_3000GeV_045,0.9289904535859627,3000.0,0.45
18,Zprime_3000GeV_060,0.907920973777812,3000.0,0.6
19,Zprime_3000GeV_075,0.8925682709603495,3000.0,0.75
20,Zprime_3500GeV_015,0.9393722602405584,3500.0,0.15
21,Zprime_3500GeV_030,0.9342932081788377,3500.0,0.3
22,Zprime_3500GeV_045,0.924236858247698,3500.0,0.45
23,Zprime_3500GeV_060,0.9142240045260251,3500.0,0.6
24,Zprime_3500GeV_075,0.8800017941941167,3500.0,0.75
25,Zprime_4000GeV_015,0.930037795775229,4000.0,0.15
26,Zprime_4000GeV_030,0.9328525367486727,4000.0,0.3
27,Zprime_4000GeV_045,0.9212320066256611,4000.0,0.45
28,Zprime_4000GeV_060,0.8998103531877685,4000.0,0.6
29,Zprime_4000GeV_075,0.8511223268971322,4000.0,0.75
