,name,auc,mass,nu
0,Zprime_1500GeV_015,0.9361070004867353,1500.0,0.15
1,Zprime_1500GeV_030,0.9200000026418879,1500.0,0.3
2,Zprime_1500GeV_045,0.9152177801966608,1500.0,0.45
3,Zprime_1500GeV_060,0.8973213101882185,1500.0,0.6
4,Zprime_1500GeV_075,0.8619406764833181,1500.0,0.75
5,Zprime_2000GeV_015,0.9406944225412422,2000.0,0.15
6,Zprime_2000GeV_030,0.9403420322644492,2000.0,0.3
7,Zprime_2000GeV_045,0.9332307454761988,2000.0,0.45
8,Zprime_2000GeV_060,0.9104367819477657,2000.0,0.6
9,Zprime_2000GeV_075,0.8765749347015609,2000.0,0.75
10,Zprime_2500GeV_015,0.9425677885952177,2500.0,0.15
11,Zprime_2500GeV_030,0.9389888310497044,2500.0,0.3
12,Zprime_2500GeV_045,0.9305711890508426,2500.0,0.45
13,Zprime_2500GeV_060,0.9085395229124121,2500.0,0.6
14,Zprime_2500GeV_075,0.890410860169698,2500.0,0.75
15,Zprime_3000GeV_015,0.9387224921663917,3000.0,0.15
16,Zprime_3000GeV_030,0.9318870523062036,3000.0,0.3
17,Zprime_3000GeV_045,0.9245793803073362,3000.0,0.45
18,Zprime_3000GeV_060,0.9045220792755337,3000.0,0.6
19,Zprime_3000GeV_075,0.8911728594072021,3000.0,0.75
20,Zprime_3500GeV_015,0.9336888265236271,3500.0,0.15
21,Zprime_3500GeV_030,0.9296445616313336,3500.0,0.3
22,Zprime_3500GeV_045,0.9192755018230339,3500.0,0.45
23,Zprime_3500GeV_060,0.9105587542982232,3500.0,0.6
24,Zprime_3500GeV_075,0.8789320892154966,3500.0,0.75
25,Zprime_4000GeV_015,0.9260790884324006,4000.0,0.15
26,Zprime_4000GeV_030,0.9273633404241606,4000.0,0.3
27,Zprime_4000GeV_045,0.9169965922615229,4000.0,0.45
28,Zprime_4000GeV_060,0.8956994160406021,4000.0,0.6
29,Zprime_4000GeV_075,0.8518831910611266,4000.0,0.75
