,name,auc,mass,nu
0,Zprime_1500GeV_015,0.9096269888648791,1500.0,0.15
1,Zprime_1500GeV_030,0.8844916426519059,1500.0,0.3
2,Zprime_1500GeV_045,0.8776943248455352,1500.0,0.45
3,Zprime_1500GeV_060,0.8523055536331918,1500.0,0.6
4,Zprime_1500GeV_075,0.8059352119978691,1500.0,0.75
5,Zprime_2000GeV_015,0.9182762871409665,2000.0,0.15
6,Zprime_2000GeV_030,0.9143055195655164,2000.0,0.3
7,Zprime_2000GeV_045,0.901876682740349,2000.0,0.45
8,Zprime_2000GeV_060,0.8720247277705111,2000.0,0.6
9,Zprime_2000GeV_075,0.832120839080294,2000.0,0.75
10,Zprime_2500GeV_015,0.9221426498574619,2500.0,0.15
11,Zprime_2500GeV_030,0.9157480165069412,2500.0,0.3
12,Zprime_2500GeV_045,0.9009638575864364,2500.0,0.45
13,Zprime_2500GeV_060,0.8711306827724444,2500.0,0.6
14,Zprime_2500GeV_075,0.8474840841158673,2500.0,0.75
15,Zprime_3000GeV_015,0.9180287431544925,3000.0,0.15
16,Zprime_3000GeV_030,0.9057127990229338,3000.0,0.3
17,Zprime_3000GeV_045,0.8919827419690161,3000.0,0.45
18,Zprime_3000GeV_060,0.8625917256610963,3000.0,0.6
19,Zprime_3000GeV_075,0.8450866608905548,3000.0,0.75
20,Zprime_3500GeV_015,0.9105570724913886,3500.0,0.15
21,Zprime_3500GeV_030,0.9028531960739665,3500.0,0.3
22,Zprime_3500GeV_045,0.8866331940052586,3500.0,0.45
23,Zprime_3500GeV_060,0.8704945402766845,3500.0,0.6
24,Zprime_3500GeV_075,0.8281927952899717,3500.0,0.75
25,Zprime_4000GeV_015,0.899266270864659,4000.0,0.15
26,Zprime_4000GeV_030,0.9018009732258481,4000.0,0.3
27,Zprime_4000GeV_045,0.8810713658858098,4000.0,0.45
28,Zprime_4000GeV_060,0.8542117886181568,4000.0,0.6
29,Zprime_4000GeV_075,0.7959083533944683,4000.0,0.75
