,name,auc,mass,nu
0,Zprime_1500GeV_015,0.908869676391096,1500.0,0.15
1,Zprime_1500GeV_030,0.8831878709871046,1500.0,0.3
2,Zprime_1500GeV_045,0.8801142878353057,1500.0,0.45
3,Zprime_1500GeV_060,0.8545040549656594,1500.0,0.6
4,Zprime_1500GeV_075,0.8063035666497278,1500.0,0.75
5,Zprime_2000GeV_015,0.9171132014684226,2000.0,0.15
6,Zprime_2000GeV_030,0.9136769163055247,2000.0,0.3
7,Zprime_2000GeV_045,0.9023189324321575,2000.0,0.45
8,Zprime_2000GeV_060,0.8720419381095568,2000.0,0.6
9,Zprime_2000GeV_075,0.8326939938673096,2000.0,0.75
10,Zprime_2500GeV_015,0.9202874713408399,2500.0,0.15
11,Zprime_2500GeV_030,0.9135533173844093,2500.0,0.3
12,Zprime_2500GeV_045,0.8992739007812728,2500.0,0.45
13,Zprime_2500GeV_060,0.8707151241156361,2500.0,0.6
14,Zprime_2500GeV_075,0.8489721579430581,2500.0,0.75
15,Zprime_3000GeV_015,0.9149992652577987,3000.0,0.15
16,Zprime_3000GeV_030,0.9034128879044006,3000.0,0.3
17,Zprime_3000GeV_045,0.8909235401114202,3000.0,0.45
18,Zprime_3000GeV_060,0.8611762279817063,3000.0,0.6
19,Zprime_3000GeV_075,0.8464687309984249,3000.0,0.75
20,Zprime_3500GeV_015,0.9065243837007962,3500.0,0.15
21,Zprime_3500GeV_030,0.8992966664624735,3500.0,0.3
22,Zprime_3500GeV_045,0.8844252102242561,3500.0,0.45
23,Zprime_3500GeV_060,0.8696891400980755,3500.0,0.6
24,Zprime_3500GeV_075,0.8277038397902834,3500.0,0.75
25,Zprime_4000GeV_015,0.8947371324080754,4000.0,0.15
26,Zprime_4000GeV_030,0.8987103501561163,4000.0,0.3
27,Zprime_4000GeV_045,0.8784021685020124,4000.0,0.45
28,Zprime_4000GeV_060,0.8518102823255791,4000.0,0.6
29,Zprime_4000GeV_075,0.7919203031506231,4000.0,0.75
