,name,auc,mass,nu
0,Zprime_1500GeV_015,0.9077031699453567,1500.0,0.15
1,Zprime_1500GeV_030,0.8811686760865821,1500.0,0.3
2,Zprime_1500GeV_045,0.8763337579922801,1500.0,0.45
3,Zprime_1500GeV_060,0.8509959388899633,1500.0,0.6
4,Zprime_1500GeV_075,0.8032403628516567,1500.0,0.75
5,Zprime_2000GeV_015,0.9167948559409587,2000.0,0.15
6,Zprime_2000GeV_030,0.9126649369943485,2000.0,0.3
7,Zprime_2000GeV_045,0.9006171434482487,2000.0,0.45
8,Zprime_2000GeV_060,0.870339397648733,2000.0,0.6
9,Zprime_2000GeV_075,0.8286112378139727,2000.0,0.75
10,Zprime_2500GeV_015,0.9204804215722778,2500.0,0.15
11,Zprime_2500GeV_030,0.913283108757435,2500.0,0.3
12,Zprime_2500GeV_045,0.8982462746101793,2500.0,0.45
13,Zprime_2500GeV_060,0.8686078105492642,2500.0,0.6
14,Zprime_2500GeV_075,0.8451134978061627,2500.0,0.75
15,Zprime_3000GeV_015,0.9145848874767591,3000.0,0.15
16,Zprime_3000GeV_030,0.9035450668780562,3000.0,0.3
17,Zprime_3000GeV_045,0.8906742244326417,3000.0,0.45
18,Zprime_3000GeV_060,0.86016715294539,3000.0,0.6
19,Zprime_3000GeV_075,0.8419860161792441,3000.0,0.75
20,Zprime_3500GeV_015,0.908044658675318,3500.0,0.15
21,Zprime_3500GeV_030,0.899392446100081,3500.0,0.3
22,Zprime_3500GeV_045,0.8843845262181499,3500.0,0.45
23,Zprime_3500GeV_060,0.8692090354489029,3500.0,0.6
24,Zprime_3500GeV_075,0.8250565117428393,3500.0,0.75
25,Zprime_4000GeV_015,0.8959926447692311,4000.0,0.15
26,Zprime_4000GeV_030,0.8987788505566587,4000.0,0.3
27,Zprime_4000GeV_045,0.8789884648759765,4000.0,0.45
28,Zprime_4000GeV_060,0.8520511147815404,4000.0,0.6
29,Zprime_4000GeV_075,0.7915486638836782,4000.0,0.75
