,name,auc,mass,nu
0,Zprime_1500GeV_015,0.8898392372175933,1500.0,0.15
1,Zprime_1500GeV_030,0.8822305168695108,1500.0,0.3
2,Zprime_1500GeV_045,0.8640617513629005,1500.0,0.45
3,Zprime_1500GeV_060,0.842983401341889,1500.0,0.6
4,Zprime_1500GeV_075,0.8156656349945849,1500.0,0.75
5,Zprime_2000GeV_015,0.8839987953409673,2000.0,0.15
6,Zprime_2000GeV_030,0.8715358019351284,2000.0,0.3
7,Zprime_2000GeV_045,0.8524059847416963,2000.0,0.45
8,Zprime_2000GeV_060,0.8303754004506989,2000.0,0.6
9,Zprime_2000GeV_075,0.811390165663878,2000.0,0.75
10,Zprime_2500GeV_015,0.8782014103962877,2500.0,0.15
11,Zprime_2500GeV_030,0.8637458281346697,2500.0,0.3
12,Zprime_2500GeV_045,0.8470267621587825,2500.0,0.45
13,Zprime_2500GeV_060,0.827013863558883,2500.0,0.6
14,Zprime_2500GeV_075,0.7938128584720074,2500.0,0.75
15,Zprime_3000GeV_015,0.8823836376053245,3000.0,0.15
16,Zprime_3000GeV_030,0.8635489055803681,3000.0,0.3
17,Zprime_3000GeV_045,0.8437840305035016,3000.0,0.45
18,Zprime_3000GeV_060,0.8171995191100918,3000.0,0.6
19,Zprime_3000GeV_075,0.7879136565840312,3000.0,0.75
20,Zprime_3500GeV_015,0.8795517569028451,3500.0,0.15
21,Zprime_3500GeV_030,0.8684489127461766,3500.0,0.3
22,Zprime_3500GeV_045,0.84367118113137,3500.0,0.45
23,Zprime_3500GeV_060,0.8193543900886421,3500.0,0.6
24,Zprime_3500GeV_075,0.7858134790175981,3500.0,0.75
25,Zprime_4000GeV_015,0.8846204299912204,4000.0,0.15
26,Zprime_4000GeV_030,0.8722961682296448,4000.0,0.3
27,Zprime_4000GeV_045,0.8460002960423711,4000.0,0.45
28,Zprime_4000GeV_060,0.8170178005922624,4000.0,0.6
29,Zprime_4000GeV_075,0.7779716516855771,4000.0,0.75
