,name,auc,mass,nu
0,Zprime_1500GeV_015,0.8960521189801541,1500.0,0.15
1,Zprime_1500GeV_030,0.8903782311609617,1500.0,0.3
2,Zprime_1500GeV_045,0.8715713621954265,1500.0,0.45
3,Zprime_1500GeV_060,0.8538469838760759,1500.0,0.6
4,Zprime_1500GeV_075,0.822230161381196,1500.0,0.75
5,Zprime_2000GeV_015,0.8933488251919842,2000.0,0.15
6,Zprime_2000GeV_030,0.8793573867799451,2000.0,0.3
7,Zprime_2000GeV_045,0.8604618792460107,2000.0,0.45
8,Zprime_2000GeV_060,0.8407065828821616,2000.0,0.6
9,Zprime_2000GeV_075,0.8186608246447808,2000.0,0.75
10,Zprime_2500GeV_015,0.8874666369732271,2500.0,0.15
11,Zprime_2500GeV_030,0.8719959254473015,2500.0,0.3
12,Zprime_2500GeV_045,0.856051829390824,2500.0,0.45
13,Zprime_2500GeV_060,0.8345803072682032,2500.0,0.6
14,Zprime_2500GeV_075,0.8028018616340626,2500.0,0.75
15,Zprime_3000GeV_015,0.8901925760051683,3000.0,0.15
16,Zprime_3000GeV_030,0.8708649971606763,3000.0,0.3
17,Zprime_3000GeV_045,0.8508728826805741,3000.0,0.45
18,Zprime_3000GeV_060,0.8243372193917602,3000.0,0.6
19,Zprime_3000GeV_075,0.7958304874821623,3000.0,0.75
20,Zprime_3500GeV_015,0.8856476577582431,3500.0,0.15
21,Zprime_3500GeV_030,0.8733472566894709,3500.0,0.3
22,Zprime_3500GeV_045,0.849261330956011,3500.0,0.45
23,Zprime_3500GeV_060,0.8233648833686728,3500.0,0.6
24,Zprime_3500GeV_075,0.791349040589613,3500.0,0.75
25,Zprime_4000GeV_015,0.8872408886714073,4000.0,0.15
26,Zprime_4000GeV_030,0.8768164664408375,4000.0,0.3
27,Zprime_4000GeV_045,0.8492419417748192,4000.0,0.45
28,Zprime_4000GeV_060,0.8210702491258239,4000.0,0.6
29,Zprime_4000GeV_075,0.7833272563972885,4000.0,0.75
