,name,auc,mass,nu
0,Zprime_1500GeV_015,0.8792097698330619,1500.0,0.15
1,Zprime_1500GeV_030,0.8823136042430832,1500.0,0.3
2,Zprime_1500GeV_045,0.8620648549861626,1500.0,0.45
3,Zprime_1500GeV_060,0.8409565113907054,1500.0,0.6
4,Zprime_1500GeV_075,0.8068370530176757,1500.0,0.75
5,Zprime_2000GeV_015,0.8865823592190332,2000.0,0.15
6,Zprime_2000GeV_030,0.8728641181162106,2000.0,0.3
7,Zprime_2000GeV_045,0.8517434991719763,2000.0,0.45
8,Zprime_2000GeV_060,0.8277249106101406,2000.0,0.6
9,Zprime_2000GeV_075,0.8046459922048954,2000.0,0.75
10,Zprime_2500GeV_015,0.8811600357331502,2500.0,0.15
11,Zprime_2500GeV_030,0.8660327394660737,2500.0,0.3
12,Zprime_2500GeV_045,0.8476436909055061,2500.0,0.45
13,Zprime_2500GeV_060,0.8264300058626322,2500.0,0.6
14,Zprime_2500GeV_075,0.7910652815370487,2500.0,0.75
15,Zprime_3000GeV_015,0.8828497713822967,3000.0,0.15
16,Zprime_3000GeV_030,0.8651698136034625,3000.0,0.3
17,Zprime_3000GeV_045,0.8442496040288734,3000.0,0.45
18,Zprime_3000GeV_060,0.8156550427353413,3000.0,0.6
19,Zprime_3000GeV_075,0.7844890716508579,3000.0,0.75
20,Zprime_3500GeV_015,0.8797451187513912,3500.0,0.15
21,Zprime_3500GeV_030,0.870527283804011,3500.0,0.3
22,Zprime_3500GeV_045,0.8450946935818289,3500.0,0.45
23,Zprime_3500GeV_060,0.8182418231005177,3500.0,0.6
24,Zprime_3500GeV_075,0.783307387352543,3500.0,0.75
25,Zprime_4000GeV_015,0.8840501046107575,4000.0,0.15
26,Zprime_4000GeV_030,0.8729962379727558,4000.0,0.3
27,Zprime_4000GeV_045,0.8469329601674124,4000.0,0.45
28,Zprime_4000GeV_060,0.816395742527286,4000.0,0.6
29,Zprime_4000GeV_075,0.7751738085923723,4000.0,0.75
