,name,auc,mass,nu
0,Zprime_1500GeV_015,0.8853522337973668,1500.0,0.15
1,Zprime_1500GeV_030,0.8833141532273832,1500.0,0.3
2,Zprime_1500GeV_045,0.8653222757282977,1500.0,0.45
3,Zprime_1500GeV_060,0.845028832221201,1500.0,0.6
4,Zprime_1500GeV_075,0.8131796596793696,1500.0,0.75
5,Zprime_2000GeV_015,0.8873662033350425,2000.0,0.15
6,Zprime_2000GeV_030,0.872526080554096,2000.0,0.3
7,Zprime_2000GeV_045,0.8517944318087389,2000.0,0.45
8,Zprime_2000GeV_060,0.8308793677127847,2000.0,0.6
9,Zprime_2000GeV_075,0.8076755278885465,2000.0,0.75
10,Zprime_2500GeV_015,0.880833846865075,2500.0,0.15
11,Zprime_2500GeV_030,0.8659825545404644,2500.0,0.3
12,Zprime_2500GeV_045,0.8493432198280896,2500.0,0.45
13,Zprime_2500GeV_060,0.8271897061859818,2500.0,0.6
14,Zprime_2500GeV_075,0.7921890728970566,2500.0,0.75
15,Zprime_3000GeV_015,0.8849868644321236,3000.0,0.15
16,Zprime_3000GeV_030,0.8669077952955309,3000.0,0.3
17,Zprime_3000GeV_045,0.8458000480129932,3000.0,0.45
18,Zprime_3000GeV_060,0.8187883222484291,3000.0,0.6
19,Zprime_3000GeV_075,0.7860959278411741,3000.0,0.75
20,Zprime_3500GeV_015,0.8820660451822592,3500.0,0.15
21,Zprime_3500GeV_030,0.8720872882397657,3500.0,0.3
22,Zprime_3500GeV_045,0.8466661098304872,3500.0,0.45
23,Zprime_3500GeV_060,0.820470838507531,3500.0,0.6
24,Zprime_3500GeV_075,0.7856646790863577,3500.0,0.75
25,Zprime_4000GeV_015,0.8874908245529765,4000.0,0.15
26,Zprime_4000GeV_030,0.8757227581955342,4000.0,0.3
27,Zprime_4000GeV_045,0.8487234878112081,4000.0,0.45
28,Zprime_4000GeV_060,0.819656623538525,4000.0,0.6
29,Zprime_4000GeV_075,0.7778920286345338,4000.0,0.75
