,name,auc,mass,nu
0,Zprime_1500GeV_015,0.8591361429450941,1500.0,0.15
1,Zprime_1500GeV_030,0.8549809625559948,1500.0,0.3
2,Zprime_1500GeV_045,0.8300058499048608,1500.0,0.45
3,Zprime_1500GeV_060,0.8032226504601707,1500.0,0.6
4,Zprime_1500GeV_075,0.7623328346592706,1500.0,0.75
5,Zprime_2000GeV_015,0.875994584822039,2000.0,0.15
6,Zprime_2000GeV_030,0.8609226444820226,2000.0,0.3
7,Zprime_2000GeV_045,0.836777746782744,2000.0,0.45
8,Zprime_2000GeV_060,0.8070925731864088,2000.0,0.6
9,Zprime_2000GeV_075,0.7786145153155427,2000.0,0.75
10,Zprime_2500GeV_015,0.8753448449831678,2500.0,0.15
11,Zprime_2500GeV_030,0.8583798291131214,2500.0,0.3
12,Zprime_2500GeV_045,0.8393523564194207,2500.0,0.45
13,Zprime_2500GeV_060,0.8135825202719383,2500.0,0.6
14,Zprime_2500GeV_075,0.7727674442027186,2500.0,0.75
15,Zprime_3000GeV_015,0.8838888573092386,3000.0,0.15
16,Zprime_3000GeV_030,0.8608505479643254,3000.0,0.3
17,Zprime_3000GeV_045,0.8408768688966911,3000.0,0.45
18,Zprime_3000GeV_060,0.8073123590074238,3000.0,0.6
19,Zprime_3000GeV_075,0.7687929152521604,3000.0,0.75
20,Zprime_3500GeV_015,0.8811691753315561,3500.0,0.15
21,Zprime_3500GeV_030,0.8689863565978146,3500.0,0.3
22,Zprime_3500GeV_045,0.8409976607300937,3500.0,0.45
23,Zprime_3500GeV_060,0.8123757225507423,3500.0,0.6
24,Zprime_3500GeV_075,0.7662515739487312,3500.0,0.75
25,Zprime_4000GeV_015,0.8878224746475354,4000.0,0.15
26,Zprime_4000GeV_030,0.8754962803421875,4000.0,0.3
27,Zprime_4000GeV_045,0.8447686042067095,4000.0,0.45
28,Zprime_4000GeV_060,0.8123279678265178,4000.0,0.6
29,Zprime_4000GeV_075,0.7634944837557132,4000.0,0.75
