,name,auc,mass,nu
0,Zprime_1500GeV_015,0.8882871261784179,1500.0,0.15
1,Zprime_1500GeV_030,0.8860958630149436,1500.0,0.3
2,Zprime_1500GeV_045,0.8635220600274693,1500.0,0.45
3,Zprime_1500GeV_060,0.8459017110905149,1500.0,0.6
4,Zprime_1500GeV_075,0.8078733295325831,1500.0,0.75
5,Zprime_2000GeV_015,0.8926019744167408,2000.0,0.15
6,Zprime_2000GeV_030,0.8770148299100086,2000.0,0.3
7,Zprime_2000GeV_045,0.855760911915727,2000.0,0.45
8,Zprime_2000GeV_060,0.8326361751340838,2000.0,0.6
9,Zprime_2000GeV_075,0.8090013520713946,2000.0,0.75
10,Zprime_2500GeV_015,0.8862636858614489,2500.0,0.15
11,Zprime_2500GeV_030,0.8696150216899723,2500.0,0.3
12,Zprime_2500GeV_045,0.8500705221285342,2500.0,0.45
13,Zprime_2500GeV_060,0.826962446523558,2500.0,0.6
14,Zprime_2500GeV_075,0.7926781879532243,2500.0,0.75
15,Zprime_3000GeV_015,0.8859863232575119,3000.0,0.15
16,Zprime_3000GeV_030,0.8668847896847315,3000.0,0.3
17,Zprime_3000GeV_045,0.8448665008795359,3000.0,0.45
18,Zprime_3000GeV_060,0.8177282389968131,3000.0,0.6
19,Zprime_3000GeV_075,0.7856022835718581,3000.0,0.75
20,Zprime_3500GeV_015,0.877491466079614,3500.0,0.15
21,Zprime_3500GeV_030,0.8668111167787698,3500.0,0.3
22,Zprime_3500GeV_045,0.8440452601059165,3500.0,0.45
23,Zprime_3500GeV_060,0.8182136448357472,3500.0,0.6
24,Zprime_3500GeV_075,0.7868499215711553,3500.0,0.75
25,Zprime_4000GeV_015,0.8832003085156501,4000.0,0.15
26,Zprime_4000GeV_030,0.8699143157684801,4000.0,0.3
27,Zprime_4000GeV_045,0.8430111963601525,4000.0,0.45
28,Zprime_4000GeV_060,0.8154058393823478,4000.0,0.6
29,Zprime_4000GeV_075,0.7765619307227062,4000.0,0.75
