,name,auc,mass,nu
0,Zprime_1500GeV_015,0.8945303705073911,1500.0,0.15
1,Zprime_1500GeV_030,0.8904403815731491,1500.0,0.3
2,Zprime_1500GeV_045,0.8684936555382302,1500.0,0.45
3,Zprime_1500GeV_060,0.8528573079391608,1500.0,0.6
4,Zprime_1500GeV_075,0.8210738207837415,1500.0,0.75
5,Zprime_2000GeV_015,0.8933946253859719,2000.0,0.15
6,Zprime_2000GeV_030,0.8793870150942779,2000.0,0.3
7,Zprime_2000GeV_045,0.8604441759475876,2000.0,0.45
8,Zprime_2000GeV_060,0.8393309272888837,2000.0,0.6
9,Zprime_2000GeV_075,0.8172563041586735,2000.0,0.75
10,Zprime_2500GeV_015,0.8874513106965656,2500.0,0.15
11,Zprime_2500GeV_030,0.8726171048777149,2500.0,0.3
12,Zprime_2500GeV_045,0.8572258007336276,2500.0,0.45
13,Zprime_2500GeV_060,0.8345176329907978,2500.0,0.6
14,Zprime_2500GeV_075,0.7996159751789349,2500.0,0.75
15,Zprime_3000GeV_015,0.891984848957831,3000.0,0.15
16,Zprime_3000GeV_030,0.8724539008824571,3000.0,0.3
17,Zprime_3000GeV_045,0.8526627821611414,3000.0,0.45
18,Zprime_3000GeV_060,0.8259648622575682,3000.0,0.6
19,Zprime_3000GeV_075,0.7969532737251375,3000.0,0.75
20,Zprime_3500GeV_015,0.8855995789906644,3500.0,0.15
21,Zprime_3500GeV_030,0.8761006595296887,3500.0,0.3
22,Zprime_3500GeV_045,0.852263559528224,3500.0,0.45
23,Zprime_3500GeV_060,0.8272540572253111,3500.0,0.6
24,Zprime_3500GeV_075,0.7948261995315757,3500.0,0.75
25,Zprime_4000GeV_015,0.8911827139318452,4000.0,0.15
26,Zprime_4000GeV_030,0.8789099419569049,4000.0,0.3
27,Zprime_4000GeV_045,0.8522700407779147,4000.0,0.45
28,Zprime_4000GeV_060,0.8249818180967935,4000.0,0.6
29,Zprime_4000GeV_075,0.7855893787699194,4000.0,0.75
