,name,auc,mass,nu
0,Zprime_1500GeV_015,0.890062752418028,1500.0,0.15
1,Zprime_1500GeV_030,0.8876977056788964,1500.0,0.3
2,Zprime_1500GeV_045,0.8692171241551434,1500.0,0.45
3,Zprime_1500GeV_060,0.8468847036696163,1500.0,0.6
4,Zprime_1500GeV_075,0.8168329983259398,1500.0,0.75
5,Zprime_2000GeV_015,0.8923799232274817,2000.0,0.15
6,Zprime_2000GeV_030,0.8779937419060811,2000.0,0.3
7,Zprime_2000GeV_045,0.8588587229247446,2000.0,0.45
8,Zprime_2000GeV_060,0.8364163828704072,2000.0,0.6
9,Zprime_2000GeV_075,0.8149625970432856,2000.0,0.75
10,Zprime_2500GeV_015,0.884649894323105,2500.0,0.15
11,Zprime_2500GeV_030,0.8694955802520886,2500.0,0.3
12,Zprime_2500GeV_045,0.8535331331594487,2500.0,0.45
13,Zprime_2500GeV_060,0.8335133619975129,2500.0,0.6
14,Zprime_2500GeV_075,0.8009044848607225,2500.0,0.75
15,Zprime_3000GeV_015,0.8875199481559439,3000.0,0.15
16,Zprime_3000GeV_030,0.8691824637267874,3000.0,0.3
17,Zprime_3000GeV_045,0.8477705962389418,3000.0,0.45
18,Zprime_3000GeV_060,0.8222492172273096,3000.0,0.6
19,Zprime_3000GeV_075,0.7932281068933866,3000.0,0.75
20,Zprime_3500GeV_015,0.8799166443191686,3500.0,0.15
21,Zprime_3500GeV_030,0.8717327258075398,3500.0,0.3
22,Zprime_3500GeV_045,0.8478844725989546,3500.0,0.45
23,Zprime_3500GeV_060,0.822945194606174,3500.0,0.6
24,Zprime_3500GeV_075,0.7912435054470444,3500.0,0.75
25,Zprime_4000GeV_015,0.8848797232691874,4000.0,0.15
26,Zprime_4000GeV_030,0.8726216562574052,4000.0,0.3
27,Zprime_4000GeV_045,0.8481331578105621,4000.0,0.45
28,Zprime_4000GeV_060,0.8202099869230928,4000.0,0.6
29,Zprime_4000GeV_075,0.7803841019326664,4000.0,0.75
