,name,auc,mass,nu
0,Zprime_1500GeV_015,0.8861220416350196,1500.0,0.15
1,Zprime_1500GeV_030,0.8784407287172156,1500.0,0.3
2,Zprime_1500GeV_045,0.8615222535234777,1500.0,0.45
3,Zprime_1500GeV_060,0.843765138613919,1500.0,0.6
4,Zprime_1500GeV_075,0.8121259421298098,1500.0,0.75
5,Zprime_2000GeV_015,0.8842682075765963,2000.0,0.15
6,Zprime_2000GeV_030,0.8707316816333174,2000.0,0.3
7,Zprime_2000GeV_045,0.849127698968626,2000.0,0.45
8,Zprime_2000GeV_060,0.8287637512212856,2000.0,0.6
9,Zprime_2000GeV_075,0.8061555922019216,2000.0,0.75
10,Zprime_2500GeV_015,0.880349073502147,2500.0,0.15
11,Zprime_2500GeV_030,0.8637482203013342,2500.0,0.3
12,Zprime_2500GeV_045,0.8469138931298834,2500.0,0.45
13,Zprime_2500GeV_060,0.8251908008056087,2500.0,0.6
14,Zprime_2500GeV_075,0.7892456440078582,2500.0,0.75
15,Zprime_3000GeV_015,0.8854394593616652,3000.0,0.15
16,Zprime_3000GeV_030,0.8647132535021508,3000.0,0.3
17,Zprime_3000GeV_045,0.8446120590398425,3000.0,0.45
18,Zprime_3000GeV_060,0.8154255997433546,3000.0,0.6
19,Zprime_3000GeV_075,0.7850287525416209,3000.0,0.75
20,Zprime_3500GeV_015,0.878487086067372,3500.0,0.15
21,Zprime_3500GeV_030,0.8684531778947369,3500.0,0.3
22,Zprime_3500GeV_045,0.8436523409493422,3500.0,0.45
23,Zprime_3500GeV_060,0.8171620077438037,3500.0,0.6
24,Zprime_3500GeV_075,0.783870721330497,3500.0,0.75
25,Zprime_4000GeV_015,0.8839968326534859,4000.0,0.15
26,Zprime_4000GeV_030,0.8733050714091377,4000.0,0.3
27,Zprime_4000GeV_045,0.8438163948435271,4000.0,0.45
28,Zprime_4000GeV_060,0.8161609347227989,4000.0,0.6
29,Zprime_4000GeV_075,0.7749980916386349,4000.0,0.75
