,name,auc,mass,nu
0,Zprime_1500GeV_015,0.8889464609859706,1500.0,0.15
1,Zprime_1500GeV_030,0.8898135936755318,1500.0,0.3
2,Zprime_1500GeV_045,0.8667632279834323,1500.0,0.45
3,Zprime_1500GeV_060,0.8454650830126939,1500.0,0.6
4,Zprime_1500GeV_075,0.8148460458941991,1500.0,0.75
5,Zprime_2000GeV_015,0.8885233646043841,2000.0,0.15
6,Zprime_2000GeV_030,0.8748449569596679,2000.0,0.3
7,Zprime_2000GeV_045,0.8565172287701608,2000.0,0.45
8,Zprime_2000GeV_060,0.8352887430463746,2000.0,0.6
9,Zprime_2000GeV_075,0.8129892736394674,2000.0,0.75
10,Zprime_2500GeV_015,0.8812328938006737,2500.0,0.15
11,Zprime_2500GeV_030,0.8668460761320544,2500.0,0.3
12,Zprime_2500GeV_045,0.8504321401231902,2500.0,0.45
13,Zprime_2500GeV_060,0.8305171914220251,2500.0,0.6
14,Zprime_2500GeV_075,0.8010443965327918,2500.0,0.75
15,Zprime_3000GeV_015,0.88627418454953,3000.0,0.15
16,Zprime_3000GeV_030,0.8670752334160053,3000.0,0.3
17,Zprime_3000GeV_045,0.8460837538533375,3000.0,0.45
18,Zprime_3000GeV_060,0.8199571640125902,3000.0,0.6
19,Zprime_3000GeV_075,0.7908463458839202,3000.0,0.75
20,Zprime_3500GeV_015,0.8782381597697128,3500.0,0.15
21,Zprime_3500GeV_030,0.8697964397069394,3500.0,0.3
22,Zprime_3500GeV_045,0.8457113236263805,3500.0,0.45
23,Zprime_3500GeV_060,0.8211504776934175,3500.0,0.6
24,Zprime_3500GeV_075,0.7884247620275469,3500.0,0.75
25,Zprime_4000GeV_015,0.8855045189175716,4000.0,0.15
26,Zprime_4000GeV_030,0.8721977065880533,4000.0,0.3
27,Zprime_4000GeV_045,0.845027204495104,4000.0,0.45
28,Zprime_4000GeV_060,0.8187264890322927,4000.0,0.6
29,Zprime_4000GeV_075,0.7807450114569963,4000.0,0.75
