,name,auc,mass,nu
0,Zprime_1500GeV_015,0.8772943590088536,1500.0,0.15
1,Zprime_1500GeV_030,0.8693684857649798,1500.0,0.3
2,Zprime_1500GeV_045,0.8588874901975383,1500.0,0.45
3,Zprime_1500GeV_060,0.8396680246818562,1500.0,0.6
4,Zprime_1500GeV_075,0.8075448102038704,1500.0,0.75
5,Zprime_2000GeV_015,0.873997798901921,2000.0,0.15
6,Zprime_2000GeV_030,0.8588095790456546,2000.0,0.3
7,Zprime_2000GeV_045,0.8375795673891933,2000.0,0.45
8,Zprime_2000GeV_060,0.8177994681977341,2000.0,0.6
9,Zprime_2000GeV_075,0.796399109208619,2000.0,0.75
10,Zprime_2500GeV_015,0.8698322786690219,2500.0,0.15
11,Zprime_2500GeV_030,0.8537177845575052,2500.0,0.3
12,Zprime_2500GeV_045,0.8353472973819944,2500.0,0.45
13,Zprime_2500GeV_060,0.8133949625549535,2500.0,0.6
14,Zprime_2500GeV_075,0.7791704320342913,2500.0,0.75
15,Zprime_3000GeV_015,0.8732454185554472,3000.0,0.15
16,Zprime_3000GeV_030,0.8554231585845073,3000.0,0.3
17,Zprime_3000GeV_045,0.8324360661903504,3000.0,0.45
18,Zprime_3000GeV_060,0.8040252969705206,3000.0,0.6
19,Zprime_3000GeV_075,0.7756404336289219,3000.0,0.75
20,Zprime_3500GeV_015,0.8676499371056688,3500.0,0.15
21,Zprime_3500GeV_030,0.8571285479659381,3500.0,0.3
22,Zprime_3500GeV_045,0.8320330817973749,3500.0,0.45
23,Zprime_3500GeV_060,0.8062179347854525,3500.0,0.6
24,Zprime_3500GeV_075,0.7714733019617954,3500.0,0.75
25,Zprime_4000GeV_015,0.8730983206486863,4000.0,0.15
26,Zprime_4000GeV_030,0.8587199714218183,4000.0,0.3
27,Zprime_4000GeV_045,0.8324030620376798,4000.0,0.45
28,Zprime_4000GeV_060,0.8045677217845305,4000.0,0.6
29,Zprime_4000GeV_075,0.7637080056337557,4000.0,0.75
