,name,auc,mass,nu
0,Zprime_1500GeV_015,0.8894730179550205,1500.0,0.15
1,Zprime_1500GeV_030,0.8893972981941112,1500.0,0.3
2,Zprime_1500GeV_045,0.866729788974044,1500.0,0.45
3,Zprime_1500GeV_060,0.8486731486613774,1500.0,0.6
4,Zprime_1500GeV_075,0.8151516128213092,1500.0,0.75
5,Zprime_2000GeV_015,0.8898015545953011,2000.0,0.15
6,Zprime_2000GeV_030,0.8749942676209237,2000.0,0.3
7,Zprime_2000GeV_045,0.8571261861067327,2000.0,0.45
8,Zprime_2000GeV_060,0.8344469566332648,2000.0,0.6
9,Zprime_2000GeV_075,0.8145318753120541,2000.0,0.75
10,Zprime_2500GeV_015,0.8846891157608784,2500.0,0.15
11,Zprime_2500GeV_030,0.8693651894678435,2500.0,0.3
12,Zprime_2500GeV_045,0.8533010539678817,2500.0,0.45
13,Zprime_2500GeV_060,0.8324441056855177,2500.0,0.6
14,Zprime_2500GeV_075,0.7965266734347769,2500.0,0.75
15,Zprime_3000GeV_015,0.888482500841808,3000.0,0.15
16,Zprime_3000GeV_030,0.8695859889925156,3000.0,0.3
17,Zprime_3000GeV_045,0.8494128953571685,3000.0,0.45
18,Zprime_3000GeV_060,0.8215067393899638,3000.0,0.6
19,Zprime_3000GeV_075,0.7921016614676046,3000.0,0.75
20,Zprime_3500GeV_015,0.8821458681082799,3500.0,0.15
21,Zprime_3500GeV_030,0.8723569763236193,3500.0,0.3
22,Zprime_3500GeV_045,0.8485567955606654,3500.0,0.45
23,Zprime_3500GeV_060,0.822953379219094,3500.0,0.6
24,Zprime_3500GeV_075,0.7879886224456908,3500.0,0.75
25,Zprime_4000GeV_015,0.8847224978630419,4000.0,0.15
26,Zprime_4000GeV_030,0.8743831370115448,4000.0,0.3
27,Zprime_4000GeV_045,0.8480004431368101,4000.0,0.45
28,Zprime_4000GeV_060,0.8204978816352596,4000.0,0.6
29,Zprime_4000GeV_075,0.7821783796578126,4000.0,0.75
