,name,auc,mass,nu
0,Zprime_1500GeV_015,0.8772594420574795,1500.0,0.15
1,Zprime_1500GeV_030,0.8675455170861456,1500.0,0.3
2,Zprime_1500GeV_045,0.8471143782139747,1500.0,0.45
3,Zprime_1500GeV_060,0.826128943100263,1500.0,0.6
4,Zprime_1500GeV_075,0.7892890699407814,1500.0,0.75
5,Zprime_2000GeV_015,0.8765072052022094,2000.0,0.15
6,Zprime_2000GeV_030,0.8632012171639214,2000.0,0.3
7,Zprime_2000GeV_045,0.837416719862131,2000.0,0.45
8,Zprime_2000GeV_060,0.8136824175856974,2000.0,0.6
9,Zprime_2000GeV_075,0.7929996419680857,2000.0,0.75
10,Zprime_2500GeV_015,0.8751749104747005,2500.0,0.15
11,Zprime_2500GeV_030,0.8586190053201079,2500.0,0.3
12,Zprime_2500GeV_045,0.8382786821642505,2500.0,0.45
13,Zprime_2500GeV_060,0.8105025562805781,2500.0,0.6
14,Zprime_2500GeV_075,0.7768795629976046,2500.0,0.75
15,Zprime_3000GeV_015,0.877738106151391,3000.0,0.15
16,Zprime_3000GeV_030,0.8560196316963948,3000.0,0.3
17,Zprime_3000GeV_045,0.8340508777471001,3000.0,0.45
18,Zprime_3000GeV_060,0.8040689689275875,3000.0,0.6
19,Zprime_3000GeV_075,0.7697140038847353,3000.0,0.75
20,Zprime_3500GeV_015,0.871679461217889,3500.0,0.15
21,Zprime_3500GeV_030,0.8600089426182372,3500.0,0.3
22,Zprime_3500GeV_045,0.8321615409654557,3500.0,0.45
23,Zprime_3500GeV_060,0.8066115013212087,3500.0,0.6
24,Zprime_3500GeV_075,0.7644164141902491,3500.0,0.75
25,Zprime_4000GeV_015,0.8744723776530995,4000.0,0.15
26,Zprime_4000GeV_030,0.8634246996082946,4000.0,0.3
27,Zprime_4000GeV_045,0.8318319126535538,4000.0,0.45
28,Zprime_4000GeV_060,0.8056937427986854,4000.0,0.6
29,Zprime_4000GeV_075,0.7579612669668934,4000.0,0.75
