,name,auc,mass,nu
0,Zprime_1500GeV_015,0.8740190555466802,1500.0,0.15
1,Zprime_1500GeV_030,0.8699305474097346,1500.0,0.3
2,Zprime_1500GeV_045,0.8449706576810722,1500.0,0.45
3,Zprime_1500GeV_060,0.8236031728271057,1500.0,0.6
4,Zprime_1500GeV_075,0.783931951501087,1500.0,0.75
5,Zprime_2000GeV_015,0.8778284268679251,2000.0,0.15
6,Zprime_2000GeV_030,0.8619871304228328,2000.0,0.3
7,Zprime_2000GeV_045,0.8372664224714375,2000.0,0.45
8,Zprime_2000GeV_060,0.8109284286154327,2000.0,0.6
9,Zprime_2000GeV_075,0.7877267856558399,2000.0,0.75
10,Zprime_2500GeV_015,0.8755949737268983,2500.0,0.15
11,Zprime_2500GeV_030,0.8580364191747218,2500.0,0.3
12,Zprime_2500GeV_045,0.8388841002033628,2500.0,0.45
13,Zprime_2500GeV_060,0.8108824827502206,2500.0,0.6
14,Zprime_2500GeV_075,0.7712675563948902,2500.0,0.75
15,Zprime_3000GeV_015,0.8799374515143119,3000.0,0.15
16,Zprime_3000GeV_030,0.8568513202998638,3000.0,0.3
17,Zprime_3000GeV_045,0.8345170323948612,3000.0,0.45
18,Zprime_3000GeV_060,0.8023785798333076,3000.0,0.6
19,Zprime_3000GeV_075,0.7666258047125871,3000.0,0.75
20,Zprime_3500GeV_015,0.8752416353655632,3500.0,0.15
21,Zprime_3500GeV_030,0.8608304369320774,3500.0,0.3
22,Zprime_3500GeV_045,0.8326460386573753,3500.0,0.45
23,Zprime_3500GeV_060,0.80532312331208,3500.0,0.6
24,Zprime_3500GeV_075,0.7634497088463439,3500.0,0.75
25,Zprime_4000GeV_015,0.8778455163991103,4000.0,0.15
26,Zprime_4000GeV_030,0.8669171797150897,4000.0,0.3
27,Zprime_4000GeV_045,0.8321170011834556,4000.0,0.45
28,Zprime_4000GeV_060,0.8055380746794292,4000.0,0.6
29,Zprime_4000GeV_075,0.756746200256739,4000.0,0.75
