,name,auc,mass,nu
0,Zprime_1500GeV_015,0.8808045052443159,1500.0,0.15
1,Zprime_1500GeV_030,0.8706348747163934,1500.0,0.3
2,Zprime_1500GeV_045,0.8525396790360253,1500.0,0.45
3,Zprime_1500GeV_060,0.8301334062897294,1500.0,0.6
4,Zprime_1500GeV_075,0.7955789349136864,1500.0,0.75
5,Zprime_2000GeV_015,0.8784462054049378,2000.0,0.15
6,Zprime_2000GeV_030,0.8638221146728065,2000.0,0.3
7,Zprime_2000GeV_045,0.8413037157721176,2000.0,0.45
8,Zprime_2000GeV_060,0.8183944103719712,2000.0,0.6
9,Zprime_2000GeV_075,0.7967713073640974,2000.0,0.75
10,Zprime_2500GeV_015,0.8753553005255101,2500.0,0.15
11,Zprime_2500GeV_030,0.8594186565674954,2500.0,0.3
12,Zprime_2500GeV_045,0.8399348108332623,2500.0,0.45
13,Zprime_2500GeV_060,0.8134168375056712,2500.0,0.6
14,Zprime_2500GeV_075,0.7793198138582706,2500.0,0.75
15,Zprime_3000GeV_015,0.8800371624046753,3000.0,0.15
16,Zprime_3000GeV_030,0.8568891339461733,3000.0,0.3
17,Zprime_3000GeV_045,0.8364453996395681,3000.0,0.45
18,Zprime_3000GeV_060,0.8059544236715563,3000.0,0.6
19,Zprime_3000GeV_075,0.7727899194284645,3000.0,0.75
20,Zprime_3500GeV_015,0.8750099200495132,3500.0,0.15
21,Zprime_3500GeV_030,0.8611351526363165,3500.0,0.3
22,Zprime_3500GeV_045,0.834229283490209,3500.0,0.45
23,Zprime_3500GeV_060,0.8087434941388352,3500.0,0.6
24,Zprime_3500GeV_075,0.7672746298803155,3500.0,0.75
25,Zprime_4000GeV_015,0.8789075192125323,4000.0,0.15
26,Zprime_4000GeV_030,0.8680816392369991,4000.0,0.3
27,Zprime_4000GeV_045,0.8360079848488777,4000.0,0.45
28,Zprime_4000GeV_060,0.8082511817490403,4000.0,0.6
29,Zprime_4000GeV_075,0.7612646342193119,4000.0,0.75
