,name,auc,mass,nu
0,Zprime_1500GeV_015,0.8823810231157224,1500.0,0.15
1,Zprime_1500GeV_030,0.8720439916600884,1500.0,0.3
2,Zprime_1500GeV_045,0.8536627136156949,1500.0,0.45
3,Zprime_1500GeV_060,0.8288722997886981,1500.0,0.6
4,Zprime_1500GeV_075,0.7867577479354698,1500.0,0.75
5,Zprime_2000GeV_015,0.8805966954089088,2000.0,0.15
6,Zprime_2000GeV_030,0.8665149290778199,2000.0,0.3
7,Zprime_2000GeV_045,0.8409285427561279,2000.0,0.45
8,Zprime_2000GeV_060,0.817695899334077,2000.0,0.6
9,Zprime_2000GeV_075,0.7925183070902014,2000.0,0.75
10,Zprime_2500GeV_015,0.8741177656967531,2500.0,0.15
11,Zprime_2500GeV_030,0.8598414480026565,2500.0,0.3
12,Zprime_2500GeV_045,0.8393954256941795,2500.0,0.45
13,Zprime_2500GeV_060,0.8134615903118242,2500.0,0.6
14,Zprime_2500GeV_075,0.7788973827616192,2500.0,0.75
15,Zprime_3000GeV_015,0.8761339836003826,3000.0,0.15
16,Zprime_3000GeV_030,0.8556815711483884,3000.0,0.3
17,Zprime_3000GeV_045,0.8349479889791981,3000.0,0.45
18,Zprime_3000GeV_060,0.8050879751961231,3000.0,0.6
19,Zprime_3000GeV_075,0.7705580014152293,3000.0,0.75
20,Zprime_3500GeV_015,0.8696865171847878,3500.0,0.15
21,Zprime_3500GeV_030,0.8584953418745639,3500.0,0.3
22,Zprime_3500GeV_045,0.8319870693488688,3500.0,0.45
23,Zprime_3500GeV_060,0.8056462244163136,3500.0,0.6
24,Zprime_3500GeV_075,0.7665034272330733,3500.0,0.75
25,Zprime_4000GeV_015,0.8722066541696963,4000.0,0.15
26,Zprime_4000GeV_030,0.8625601362207497,4000.0,0.3
27,Zprime_4000GeV_045,0.8298311730489809,4000.0,0.45
28,Zprime_4000GeV_060,0.805005029559961,4000.0,0.6
29,Zprime_4000GeV_075,0.7599276943547256,4000.0,0.75
