,name,auc,mass,nu
0,Zprime_1500GeV_015,0.880993920947088,1500.0,0.15
1,Zprime_1500GeV_030,0.8675828997995336,1500.0,0.3
2,Zprime_1500GeV_045,0.8483553553095161,1500.0,0.45
3,Zprime_1500GeV_060,0.8271165170133498,1500.0,0.6
4,Zprime_1500GeV_075,0.7920543111028511,1500.0,0.75
5,Zprime_2000GeV_015,0.8747492069103968,2000.0,0.15
6,Zprime_2000GeV_030,0.8627387526285102,2000.0,0.3
7,Zprime_2000GeV_045,0.8371774115800109,2000.0,0.45
8,Zprime_2000GeV_060,0.8139529713678256,2000.0,0.6
9,Zprime_2000GeV_075,0.7876528265436465,2000.0,0.75
10,Zprime_2500GeV_015,0.8730764357722121,2500.0,0.15
11,Zprime_2500GeV_030,0.8566870753379462,2500.0,0.3
12,Zprime_2500GeV_045,0.8369438130892244,2500.0,0.45
13,Zprime_2500GeV_060,0.8095208433760068,2500.0,0.6
14,Zprime_2500GeV_075,0.7734130403097625,2500.0,0.75
15,Zprime_3000GeV_015,0.8765863641510977,3000.0,0.15
16,Zprime_3000GeV_030,0.8539069245790121,3000.0,0.3
17,Zprime_3000GeV_045,0.8324729698243648,3000.0,0.45
18,Zprime_3000GeV_060,0.8027293257331154,3000.0,0.6
19,Zprime_3000GeV_075,0.770605527615518,3000.0,0.75
20,Zprime_3500GeV_015,0.8706413736807428,3500.0,0.15
21,Zprime_3500GeV_030,0.8581169662817592,3500.0,0.3
22,Zprime_3500GeV_045,0.831156064814541,3500.0,0.45
23,Zprime_3500GeV_060,0.8062111208645514,3500.0,0.6
24,Zprime_3500GeV_075,0.7651805689851521,3500.0,0.75
25,Zprime_4000GeV_015,0.8751892141327208,4000.0,0.15
26,Zprime_4000GeV_030,0.8635205793626366,4000.0,0.3
27,Zprime_4000GeV_045,0.8314169656525978,4000.0,0.45
28,Zprime_4000GeV_060,0.8040881049127688,4000.0,0.6
29,Zprime_4000GeV_075,0.7579258866857245,4000.0,0.75
