,name,auc,mass,nu
0,Zprime_1500GeV_015,0.870052069465815,1500.0,0.15
1,Zprime_1500GeV_030,0.862798969241028,1500.0,0.3
2,Zprime_1500GeV_045,0.8413587504945843,1500.0,0.45
3,Zprime_1500GeV_060,0.8192755908465593,1500.0,0.6
4,Zprime_1500GeV_075,0.7734622379275251,1500.0,0.75
5,Zprime_2000GeV_015,0.8768171654205255,2000.0,0.15
6,Zprime_2000GeV_030,0.8610380686121102,2000.0,0.3
7,Zprime_2000GeV_045,0.8354931262332648,2000.0,0.45
8,Zprime_2000GeV_060,0.8096259797236544,2000.0,0.6
9,Zprime_2000GeV_075,0.7851537655954449,2000.0,0.75
10,Zprime_2500GeV_015,0.8721452836619455,2500.0,0.15
11,Zprime_2500GeV_030,0.8560134503085637,2500.0,0.3
12,Zprime_2500GeV_045,0.8355374158151448,2500.0,0.45
13,Zprime_2500GeV_060,0.8084565870527471,2500.0,0.6
14,Zprime_2500GeV_075,0.7679109768869494,2500.0,0.75
15,Zprime_3000GeV_015,0.8768688494817731,3000.0,0.15
16,Zprime_3000GeV_030,0.8539439522254785,3000.0,0.3
17,Zprime_3000GeV_045,0.8311763487609705,3000.0,0.45
18,Zprime_3000GeV_060,0.8000463712150545,3000.0,0.6
19,Zprime_3000GeV_075,0.7648684902652136,3000.0,0.75
20,Zprime_3500GeV_015,0.8714102566349673,3500.0,0.15
21,Zprime_3500GeV_030,0.8571353848515217,3500.0,0.3
22,Zprime_3500GeV_045,0.8308364791601734,3500.0,0.45
23,Zprime_3500GeV_060,0.8019647631194435,3500.0,0.6
24,Zprime_3500GeV_075,0.7612538623520059,3500.0,0.75
25,Zprime_4000GeV_015,0.8764586832885043,4000.0,0.15
26,Zprime_4000GeV_030,0.863404470096109,4000.0,0.3
27,Zprime_4000GeV_045,0.8297525059342549,4000.0,0.45
28,Zprime_4000GeV_060,0.8034530503262689,4000.0,0.6
29,Zprime_4000GeV_075,0.7552174906286846,4000.0,0.75
