,name,auc,mass,nu
0,Zprime_1500GeV_015,0.8823178456217647,1500.0,0.15
1,Zprime_1500GeV_030,0.881692364309997,1500.0,0.3
2,Zprime_1500GeV_045,0.8607576587685813,1500.0,0.45
3,Zprime_1500GeV_060,0.8432581196868654,1500.0,0.6
4,Zprime_1500GeV_075,0.8086608271292085,1500.0,0.75
5,Zprime_2000GeV_015,0.8850772987647141,2000.0,0.15
6,Zprime_2000GeV_030,0.8701399516297289,2000.0,0.3
7,Zprime_2000GeV_045,0.85211893840298,2000.0,0.45
8,Zprime_2000GeV_060,0.8269723836539938,2000.0,0.6
9,Zprime_2000GeV_075,0.8080592176989074,2000.0,0.75
10,Zprime_2500GeV_015,0.8784891820990771,2500.0,0.15
11,Zprime_2500GeV_030,0.8632464165621522,2500.0,0.3
12,Zprime_2500GeV_045,0.8458307465763,2500.0,0.45
13,Zprime_2500GeV_060,0.8255340849159425,2500.0,0.6
14,Zprime_2500GeV_075,0.7920361956522004,2500.0,0.75
15,Zprime_3000GeV_015,0.8834816035015121,3000.0,0.15
16,Zprime_3000GeV_030,0.8644293967125718,3000.0,0.3
17,Zprime_3000GeV_045,0.8434772829241882,3000.0,0.45
18,Zprime_3000GeV_060,0.8159087984508927,3000.0,0.6
19,Zprime_3000GeV_075,0.7870355282687739,3000.0,0.75
20,Zprime_3500GeV_015,0.8772721173528957,3500.0,0.15
21,Zprime_3500GeV_030,0.8687991467904068,3500.0,0.3
22,Zprime_3500GeV_045,0.8449638631173921,3500.0,0.45
23,Zprime_3500GeV_060,0.8171948055042721,3500.0,0.6
24,Zprime_3500GeV_075,0.7851499065300072,3500.0,0.75
25,Zprime_4000GeV_015,0.8847260927949915,4000.0,0.15
26,Zprime_4000GeV_030,0.8723145724515771,4000.0,0.3
27,Zprime_4000GeV_045,0.8450468408886503,4000.0,0.45
28,Zprime_4000GeV_060,0.8166756584163246,4000.0,0.6
29,Zprime_4000GeV_075,0.7769994812657162,4000.0,0.75
