,name,auc,mass,nu
0,Zprime_1500GeV_015,0.8801861599014197,1500.0,0.15
1,Zprime_1500GeV_030,0.8719448548176938,1500.0,0.3
2,Zprime_1500GeV_045,0.8496649125737376,1500.0,0.45
3,Zprime_1500GeV_060,0.8299849171705593,1500.0,0.6
4,Zprime_1500GeV_075,0.788121636845288,1500.0,0.75
5,Zprime_2000GeV_015,0.8815904684737782,2000.0,0.15
6,Zprime_2000GeV_030,0.8669804912739751,2000.0,0.3
7,Zprime_2000GeV_045,0.843968242830687,2000.0,0.45
8,Zprime_2000GeV_060,0.8174678553683273,2000.0,0.6
9,Zprime_2000GeV_075,0.7959369497548583,2000.0,0.75
10,Zprime_2500GeV_015,0.8792733628078907,2500.0,0.15
11,Zprime_2500GeV_030,0.8627542371214119,2500.0,0.3
12,Zprime_2500GeV_045,0.8431503015243255,2500.0,0.45
13,Zprime_2500GeV_060,0.8185851470828809,2500.0,0.6
14,Zprime_2500GeV_075,0.7823111354327372,2500.0,0.75
15,Zprime_3000GeV_015,0.8846696497315474,3000.0,0.15
16,Zprime_3000GeV_030,0.8614202920430787,3000.0,0.3
17,Zprime_3000GeV_045,0.8414191127808883,3000.0,0.45
18,Zprime_3000GeV_060,0.8090168082528127,3000.0,0.6
19,Zprime_3000GeV_075,0.7765919830694037,3000.0,0.75
20,Zprime_3500GeV_015,0.879007493082013,3500.0,0.15
21,Zprime_3500GeV_030,0.8674048788605759,3500.0,0.3
22,Zprime_3500GeV_045,0.8395022189568386,3500.0,0.45
23,Zprime_3500GeV_060,0.812525378395677,3500.0,0.6
24,Zprime_3500GeV_075,0.7727508326349942,3500.0,0.75
25,Zprime_4000GeV_015,0.8841803856494969,4000.0,0.15
26,Zprime_4000GeV_030,0.8724040967911512,4000.0,0.3
27,Zprime_4000GeV_045,0.840155768483441,4000.0,0.45
28,Zprime_4000GeV_060,0.8134929954722439,4000.0,0.6
29,Zprime_4000GeV_075,0.7663323055912075,4000.0,0.75
