,name,auc,mass,nu
0,Zprime_1500GeV_015,0.8885169474503385,1500.0,0.15
1,Zprime_1500GeV_030,0.8864838242489377,1500.0,0.3
2,Zprime_1500GeV_045,0.8653002575956793,1500.0,0.45
3,Zprime_1500GeV_060,0.8493237519853345,1500.0,0.6
4,Zprime_1500GeV_075,0.8177577917473488,1500.0,0.75
5,Zprime_2000GeV_015,0.8891032725332341,2000.0,0.15
6,Zprime_2000GeV_030,0.8745545021972996,2000.0,0.3
7,Zprime_2000GeV_045,0.8551012691420479,2000.0,0.45
8,Zprime_2000GeV_060,0.8308366068541835,2000.0,0.6
9,Zprime_2000GeV_075,0.809841965492759,2000.0,0.75
10,Zprime_2500GeV_015,0.8857437049066216,2500.0,0.15
11,Zprime_2500GeV_030,0.8690877284793531,2500.0,0.3
12,Zprime_2500GeV_045,0.851848913320379,2500.0,0.45
13,Zprime_2500GeV_060,0.8279509617383856,2500.0,0.6
14,Zprime_2500GeV_075,0.793056668874201,2500.0,0.75
15,Zprime_3000GeV_015,0.88774361123475,3000.0,0.15
16,Zprime_3000GeV_030,0.8668980005282524,3000.0,0.3
17,Zprime_3000GeV_045,0.8468913533391755,3000.0,0.45
18,Zprime_3000GeV_060,0.8186458412001062,3000.0,0.6
19,Zprime_3000GeV_075,0.789074955995898,3000.0,0.75
20,Zprime_3500GeV_015,0.8827656825393302,3500.0,0.15
21,Zprime_3500GeV_030,0.8722176528217133,3500.0,0.3
22,Zprime_3500GeV_045,0.8459906902347114,3500.0,0.45
23,Zprime_3500GeV_060,0.820446693240431,3500.0,0.6
24,Zprime_3500GeV_075,0.7869793399084639,3500.0,0.75
25,Zprime_4000GeV_015,0.8873429212987983,4000.0,0.15
26,Zprime_4000GeV_030,0.8756529999524857,4000.0,0.3
27,Zprime_4000GeV_045,0.8481125111112742,4000.0,0.45
28,Zprime_4000GeV_060,0.8189604434867126,4000.0,0.6
29,Zprime_4000GeV_075,0.7801920534745846,4000.0,0.75
