,name,auc,mass,nu
0,Zprime_1500GeV_015,0.8905465682358974,1500.0,0.15
1,Zprime_1500GeV_030,0.8918386667765692,1500.0,0.3
2,Zprime_1500GeV_045,0.8706447337513594,1500.0,0.45
3,Zprime_1500GeV_060,0.8490874629477876,1500.0,0.6
4,Zprime_1500GeV_075,0.8233188307641991,1500.0,0.75
5,Zprime_2000GeV_015,0.8918226419616317,2000.0,0.15
6,Zprime_2000GeV_030,0.8771761301397081,2000.0,0.3
7,Zprime_2000GeV_045,0.8600726824033967,2000.0,0.45
8,Zprime_2000GeV_060,0.8376874933247176,2000.0,0.6
9,Zprime_2000GeV_075,0.8185625675956366,2000.0,0.75
10,Zprime_2500GeV_015,0.8864860784791956,2500.0,0.15
11,Zprime_2500GeV_030,0.8713146384041836,2500.0,0.3
12,Zprime_2500GeV_045,0.8552159345178907,2500.0,0.45
13,Zprime_2500GeV_060,0.832566961513386,2500.0,0.6
14,Zprime_2500GeV_075,0.8036479431602295,2500.0,0.75
15,Zprime_3000GeV_015,0.8899584908172562,3000.0,0.15
16,Zprime_3000GeV_030,0.870717788459247,3000.0,0.3
17,Zprime_3000GeV_045,0.8498212165157515,3000.0,0.45
18,Zprime_3000GeV_060,0.8240004184456184,3000.0,0.6
19,Zprime_3000GeV_075,0.7947444225958489,3000.0,0.75
20,Zprime_3500GeV_015,0.8826183059019013,3500.0,0.15
21,Zprime_3500GeV_030,0.8733983682061577,3500.0,0.3
22,Zprime_3500GeV_045,0.8484864378029052,3500.0,0.45
23,Zprime_3500GeV_060,0.82454264389594,3500.0,0.6
24,Zprime_3500GeV_075,0.7910653108145856,3500.0,0.75
25,Zprime_4000GeV_015,0.8855831316206444,4000.0,0.15
26,Zprime_4000GeV_030,0.8757551216320464,4000.0,0.3
27,Zprime_4000GeV_045,0.8473612842240881,4000.0,0.45
28,Zprime_4000GeV_060,0.8222939275216677,4000.0,0.6
29,Zprime_4000GeV_075,0.7832748060710499,4000.0,0.75
