,name,auc,mass,nu
0,Zprime_1500GeV_015,0.8934925546315993,1500.0,0.15
1,Zprime_1500GeV_030,0.8930392727199715,1500.0,0.3
2,Zprime_1500GeV_045,0.8708844623474009,1500.0,0.45
3,Zprime_1500GeV_060,0.8531765999689116,1500.0,0.6
4,Zprime_1500GeV_075,0.8206781883536863,1500.0,0.75
5,Zprime_2000GeV_015,0.8968623266904139,2000.0,0.15
6,Zprime_2000GeV_030,0.8820730624332584,2000.0,0.3
7,Zprime_2000GeV_045,0.8616929430393045,2000.0,0.45
8,Zprime_2000GeV_060,0.8390708335993684,2000.0,0.6
9,Zprime_2000GeV_075,0.8157754446318468,2000.0,0.75
10,Zprime_2500GeV_015,0.8922689930977485,2500.0,0.15
11,Zprime_2500GeV_030,0.8759826052159612,2500.0,0.3
12,Zprime_2500GeV_045,0.8577642717407505,2500.0,0.45
13,Zprime_2500GeV_060,0.8344972987342834,2500.0,0.6
14,Zprime_2500GeV_075,0.8009149982196386,2500.0,0.75
15,Zprime_3000GeV_015,0.894947498378018,3000.0,0.15
16,Zprime_3000GeV_030,0.8747859624176593,3000.0,0.3
17,Zprime_3000GeV_045,0.8536390583262243,3000.0,0.45
18,Zprime_3000GeV_060,0.8261513184141245,3000.0,0.6
19,Zprime_3000GeV_075,0.7948498049018715,3000.0,0.75
20,Zprime_3500GeV_015,0.8897599868972577,3500.0,0.15
21,Zprime_3500GeV_030,0.8794167809157325,3500.0,0.3
22,Zprime_3500GeV_045,0.8528756515624947,3500.0,0.45
23,Zprime_3500GeV_060,0.8288165868179257,3500.0,0.6
24,Zprime_3500GeV_075,0.7931697715894197,3500.0,0.75
25,Zprime_4000GeV_015,0.8930841509776962,4000.0,0.15
26,Zprime_4000GeV_030,0.8819885445918598,4000.0,0.3
27,Zprime_4000GeV_045,0.8541380049384657,4000.0,0.45
28,Zprime_4000GeV_060,0.8262535486349205,4000.0,0.6
29,Zprime_4000GeV_075,0.7867710299959292,4000.0,0.75
