,name,auc,mass,nu
0,Zprime_1500GeV_015,0.8949893123766228,1500.0,0.15
1,Zprime_1500GeV_030,0.8919413701675909,1500.0,0.3
2,Zprime_1500GeV_045,0.8723410634000324,1500.0,0.45
3,Zprime_1500GeV_060,0.8505276726586203,1500.0,0.6
4,Zprime_1500GeV_075,0.8211495846382716,1500.0,0.75
5,Zprime_2000GeV_015,0.8930451311693631,2000.0,0.15
6,Zprime_2000GeV_030,0.880658976036923,2000.0,0.3
7,Zprime_2000GeV_045,0.8618705654996371,2000.0,0.45
8,Zprime_2000GeV_060,0.8410542066266611,2000.0,0.6
9,Zprime_2000GeV_075,0.8189827043114241,2000.0,0.75
10,Zprime_2500GeV_015,0.8884426930446394,2500.0,0.15
11,Zprime_2500GeV_030,0.8744365423374203,2500.0,0.3
12,Zprime_2500GeV_045,0.8582169089090093,2500.0,0.45
13,Zprime_2500GeV_060,0.8349662511661492,2500.0,0.6
14,Zprime_2500GeV_075,0.8043124253785223,2500.0,0.75
15,Zprime_3000GeV_015,0.893374304095409,3000.0,0.15
16,Zprime_3000GeV_030,0.873134697669846,3000.0,0.3
17,Zprime_3000GeV_045,0.8529240935289177,3000.0,0.45
18,Zprime_3000GeV_060,0.8258519081328765,3000.0,0.6
19,Zprime_3000GeV_075,0.7959092300738283,3000.0,0.75
20,Zprime_3500GeV_015,0.8883947568192977,3500.0,0.15
21,Zprime_3500GeV_030,0.8772118326154463,3500.0,0.3
22,Zprime_3500GeV_045,0.8529867212239652,3500.0,0.45
23,Zprime_3500GeV_060,0.8264480771385403,3500.0,0.6
24,Zprime_3500GeV_075,0.7934288875996476,3500.0,0.75
25,Zprime_4000GeV_015,0.8923240519591727,4000.0,0.15
26,Zprime_4000GeV_030,0.8818069423978495,4000.0,0.3
27,Zprime_4000GeV_045,0.8521723753574793,4000.0,0.45
28,Zprime_4000GeV_060,0.8259394731426926,4000.0,0.6
29,Zprime_4000GeV_075,0.786675186918387,4000.0,0.75
