,name,auc,mass,nu
0,Zprime_1500GeV_015,0.8882030452252762,1500.0,0.15
1,Zprime_1500GeV_030,0.8851502652983799,1500.0,0.3
2,Zprime_1500GeV_045,0.8643211370449206,1500.0,0.45
3,Zprime_1500GeV_060,0.8415055168962832,1500.0,0.6
4,Zprime_1500GeV_075,0.81079023793199,1500.0,0.75
5,Zprime_2000GeV_015,0.8877544682133779,2000.0,0.15
6,Zprime_2000GeV_030,0.8734111667102814,2000.0,0.3
7,Zprime_2000GeV_045,0.8530847474579792,2000.0,0.45
8,Zprime_2000GeV_060,0.8299513901365454,2000.0,0.6
9,Zprime_2000GeV_075,0.8081182172603659,2000.0,0.75
10,Zprime_2500GeV_015,0.8838609556284522,2500.0,0.15
11,Zprime_2500GeV_030,0.8680216515662285,2500.0,0.3
12,Zprime_2500GeV_045,0.849736874470401,2500.0,0.45
13,Zprime_2500GeV_060,0.8258524998962574,2500.0,0.6
14,Zprime_2500GeV_075,0.7913725127743406,2500.0,0.75
15,Zprime_3000GeV_015,0.8886127194882573,3000.0,0.15
16,Zprime_3000GeV_030,0.8677101650971509,3000.0,0.3
17,Zprime_3000GeV_045,0.8451721523580822,3000.0,0.45
18,Zprime_3000GeV_060,0.8161947306312717,3000.0,0.6
19,Zprime_3000GeV_075,0.7854119844778114,3000.0,0.75
20,Zprime_3500GeV_015,0.8830834162479066,3500.0,0.15
21,Zprime_3500GeV_030,0.8717313345399699,3500.0,0.3
22,Zprime_3500GeV_045,0.84580779354166,3500.0,0.45
23,Zprime_3500GeV_060,0.8183887573310111,3500.0,0.6
24,Zprime_3500GeV_075,0.7824277917445583,3500.0,0.75
25,Zprime_4000GeV_015,0.8874069604297028,4000.0,0.15
26,Zprime_4000GeV_030,0.8766853198090108,4000.0,0.3
27,Zprime_4000GeV_045,0.846084918643573,4000.0,0.45
28,Zprime_4000GeV_060,0.8181210968941283,4000.0,0.6
29,Zprime_4000GeV_075,0.7741103656866287,4000.0,0.75
