,name,auc,mass,nu
0,Zprime_1500GeV_015,0.8772819804240857,1500.0,0.15
1,Zprime_1500GeV_030,0.866486252143892,1500.0,0.3
2,Zprime_1500GeV_045,0.84646613364117,1500.0,0.45
3,Zprime_1500GeV_060,0.8223392097295892,1500.0,0.6
4,Zprime_1500GeV_075,0.7819519754832074,1500.0,0.75
5,Zprime_2000GeV_015,0.8750472157845606,2000.0,0.15
6,Zprime_2000GeV_030,0.8600775633769867,2000.0,0.3
7,Zprime_2000GeV_045,0.8369159123749479,2000.0,0.45
8,Zprime_2000GeV_060,0.8122741962374183,2000.0,0.6
9,Zprime_2000GeV_075,0.7889747295109235,2000.0,0.75
10,Zprime_2500GeV_015,0.8728815462669248,2500.0,0.15
11,Zprime_2500GeV_030,0.8556076316246213,2500.0,0.3
12,Zprime_2500GeV_045,0.8353639303807606,2500.0,0.45
13,Zprime_2500GeV_060,0.8093070429855863,2500.0,0.6
14,Zprime_2500GeV_075,0.7731363601347846,2500.0,0.75
15,Zprime_3000GeV_015,0.8763667577793169,3000.0,0.15
16,Zprime_3000GeV_030,0.8535136374650896,3000.0,0.3
17,Zprime_3000GeV_045,0.8325798538228677,3000.0,0.45
18,Zprime_3000GeV_060,0.8005880720347317,3000.0,0.6
19,Zprime_3000GeV_075,0.767818579573021,3000.0,0.75
20,Zprime_3500GeV_015,0.8712320608989284,3500.0,0.15
21,Zprime_3500GeV_030,0.8579412941579367,3500.0,0.3
22,Zprime_3500GeV_045,0.8305365334191539,3500.0,0.45
23,Zprime_3500GeV_060,0.8034157328794341,3500.0,0.6
24,Zprime_3500GeV_075,0.7637413029931884,3500.0,0.75
25,Zprime_4000GeV_015,0.8755437026184886,4000.0,0.15
26,Zprime_4000GeV_030,0.8629019099988529,4000.0,0.3
27,Zprime_4000GeV_045,0.8309486319693036,4000.0,0.45
28,Zprime_4000GeV_060,0.8034817996900325,4000.0,0.6
29,Zprime_4000GeV_075,0.7568896583089775,4000.0,0.75
