,name,auc,mass,nu
0,Zprime_1500GeV_015,0.8788916635603427,1500.0,0.15
1,Zprime_1500GeV_030,0.8837766156993658,1500.0,0.3
2,Zprime_1500GeV_045,0.8604164600750857,1500.0,0.45
3,Zprime_1500GeV_060,0.8419778793791894,1500.0,0.6
4,Zprime_1500GeV_075,0.811498832287848,1500.0,0.75
5,Zprime_2000GeV_015,0.8870776848990858,2000.0,0.15
6,Zprime_2000GeV_030,0.8733125877105199,2000.0,0.3
7,Zprime_2000GeV_045,0.8531581562480568,2000.0,0.45
8,Zprime_2000GeV_060,0.8308917664092283,2000.0,0.6
9,Zprime_2000GeV_075,0.8113209437427508,2000.0,0.75
10,Zprime_2500GeV_015,0.8796220863387568,2500.0,0.15
11,Zprime_2500GeV_030,0.8660839004766016,2500.0,0.3
12,Zprime_2500GeV_045,0.8499806167249058,2500.0,0.45
13,Zprime_2500GeV_060,0.8272082235861242,2500.0,0.6
14,Zprime_2500GeV_075,0.7962341148362814,2500.0,0.75
15,Zprime_3000GeV_015,0.8831554178715788,3000.0,0.15
16,Zprime_3000GeV_030,0.8653183574969335,3000.0,0.3
17,Zprime_3000GeV_045,0.8442228676743877,3000.0,0.45
18,Zprime_3000GeV_060,0.8181434651497661,3000.0,0.6
19,Zprime_3000GeV_075,0.7878670694660559,3000.0,0.75
20,Zprime_3500GeV_015,0.8789405601344392,3500.0,0.15
21,Zprime_3500GeV_030,0.8687366240690048,3500.0,0.3
22,Zprime_3500GeV_045,0.845276734748352,3500.0,0.45
23,Zprime_3500GeV_060,0.8198632199614195,3500.0,0.6
24,Zprime_3500GeV_075,0.7847815488085261,3500.0,0.75
25,Zprime_4000GeV_015,0.8816899612970333,4000.0,0.15
26,Zprime_4000GeV_030,0.8726580580303842,4000.0,0.3
27,Zprime_4000GeV_045,0.8439950822266573,4000.0,0.45
28,Zprime_4000GeV_060,0.8175822660612045,4000.0,0.6
29,Zprime_4000GeV_075,0.7764950997544171,4000.0,0.75
