,name,auc,mass,nu
0,Zprime_1500GeV_015,0.8681113175765627,1500.0,0.15
1,Zprime_1500GeV_030,0.8580963427817812,1500.0,0.3
2,Zprime_1500GeV_045,0.8373001113206037,1500.0,0.45
3,Zprime_1500GeV_060,0.8142202235389155,1500.0,0.6
4,Zprime_1500GeV_075,0.7776015535636498,1500.0,0.75
5,Zprime_2000GeV_015,0.8667418177212891,2000.0,0.15
6,Zprime_2000GeV_030,0.851132321297701,2000.0,0.3
7,Zprime_2000GeV_045,0.8283623574252217,2000.0,0.45
8,Zprime_2000GeV_060,0.8055325549741323,2000.0,0.6
9,Zprime_2000GeV_075,0.7797918319583692,2000.0,0.75
10,Zprime_2500GeV_015,0.8649064328930671,2500.0,0.15
11,Zprime_2500GeV_030,0.8483070879271152,2500.0,0.3
12,Zprime_2500GeV_045,0.8300758293475341,2500.0,0.45
13,Zprime_2500GeV_060,0.8039024330686464,2500.0,0.6
14,Zprime_2500GeV_075,0.7682434754108115,2500.0,0.75
15,Zprime_3000GeV_015,0.8709109650597638,3000.0,0.15
16,Zprime_3000GeV_030,0.8476311390605937,3000.0,0.3
17,Zprime_3000GeV_045,0.826628617229385,3000.0,0.45
18,Zprime_3000GeV_060,0.7961681886552878,3000.0,0.6
19,Zprime_3000GeV_075,0.762061875464387,3000.0,0.75
20,Zprime_3500GeV_015,0.8681227765700066,3500.0,0.15
21,Zprime_3500GeV_030,0.8540686095310738,3500.0,0.3
22,Zprime_3500GeV_045,0.8281057779695149,3500.0,0.45
23,Zprime_3500GeV_060,0.7991563996892062,3500.0,0.6
24,Zprime_3500GeV_075,0.7590841552246503,3500.0,0.75
25,Zprime_4000GeV_015,0.8748216675853128,4000.0,0.15
26,Zprime_4000GeV_030,0.8609581366559443,4000.0,0.3
27,Zprime_4000GeV_045,0.8288899631046979,4000.0,0.45
28,Zprime_4000GeV_060,0.8014128695191395,4000.0,0.6
29,Zprime_4000GeV_075,0.75570180612782,4000.0,0.75
