,name,auc,mass,nu
0,Zprime_1500GeV_015,0.8898955247445574,1500.0,0.15
1,Zprime_1500GeV_030,0.8872772492240774,1500.0,0.3
2,Zprime_1500GeV_045,0.865175012307642,1500.0,0.45
3,Zprime_1500GeV_060,0.8484915122433725,1500.0,0.6
4,Zprime_1500GeV_075,0.8155141072855249,1500.0,0.75
5,Zprime_2000GeV_015,0.8904079172630661,2000.0,0.15
6,Zprime_2000GeV_030,0.8768712878952071,2000.0,0.3
7,Zprime_2000GeV_045,0.8562452235797288,2000.0,0.45
8,Zprime_2000GeV_060,0.8330384005620222,2000.0,0.6
9,Zprime_2000GeV_075,0.8114727605167227,2000.0,0.75
10,Zprime_2500GeV_015,0.8840256961902921,2500.0,0.15
11,Zprime_2500GeV_030,0.8684444986331727,2500.0,0.3
12,Zprime_2500GeV_045,0.8520775041003285,2500.0,0.45
13,Zprime_2500GeV_060,0.8305639936421656,2500.0,0.6
14,Zprime_2500GeV_075,0.7950988752954952,2500.0,0.75
15,Zprime_3000GeV_015,0.8865928999018922,3000.0,0.15
16,Zprime_3000GeV_030,0.867847911569697,3000.0,0.3
17,Zprime_3000GeV_045,0.8473820899364664,3000.0,0.45
18,Zprime_3000GeV_060,0.8199486151496909,3000.0,0.6
19,Zprime_3000GeV_075,0.7896609973295952,3000.0,0.75
20,Zprime_3500GeV_015,0.8811557984795132,3500.0,0.15
21,Zprime_3500GeV_030,0.87073854567653,3500.0,0.3
22,Zprime_3500GeV_045,0.8468671771630658,3500.0,0.45
23,Zprime_3500GeV_060,0.8213432246686923,3500.0,0.6
24,Zprime_3500GeV_075,0.7866424289305745,3500.0,0.75
25,Zprime_4000GeV_015,0.8861697927948189,4000.0,0.15
26,Zprime_4000GeV_030,0.8759234171763861,4000.0,0.3
27,Zprime_4000GeV_045,0.84666165129627,4000.0,0.45
28,Zprime_4000GeV_060,0.8196982414213015,4000.0,0.6
29,Zprime_4000GeV_075,0.778536969774092,4000.0,0.75
