,name,auc,mass,nu
0,Zprime_1500GeV_015,0.861512480883261,1500.0,0.15
1,Zprime_1500GeV_030,0.8584078874090794,1500.0,0.3
2,Zprime_1500GeV_045,0.8384358845705162,1500.0,0.45
3,Zprime_1500GeV_060,0.8131060970117414,1500.0,0.6
4,Zprime_1500GeV_075,0.7795892734009152,1500.0,0.75
5,Zprime_2000GeV_015,0.8780490653148819,2000.0,0.15
6,Zprime_2000GeV_030,0.8626666360143322,2000.0,0.3
7,Zprime_2000GeV_045,0.8400883301416054,2000.0,0.45
8,Zprime_2000GeV_060,0.8106883067294128,2000.0,0.6
9,Zprime_2000GeV_075,0.7796004403729081,2000.0,0.75
10,Zprime_2500GeV_015,0.8789893193214935,2500.0,0.15
11,Zprime_2500GeV_030,0.8587998895334858,2500.0,0.3
12,Zprime_2500GeV_045,0.8414261961114613,2500.0,0.45
13,Zprime_2500GeV_060,0.8140448884163125,2500.0,0.6
14,Zprime_2500GeV_075,0.776863115552084,2500.0,0.75
15,Zprime_3000GeV_015,0.8868791863340689,3000.0,0.15
16,Zprime_3000GeV_030,0.8633869896126394,3000.0,0.3
17,Zprime_3000GeV_045,0.8418258323094713,3000.0,0.45
18,Zprime_3000GeV_060,0.8086486190348763,3000.0,0.6
19,Zprime_3000GeV_075,0.7735546022826651,3000.0,0.75
20,Zprime_3500GeV_015,0.881360845294357,3500.0,0.15
21,Zprime_3500GeV_030,0.8708738078013882,3500.0,0.3
22,Zprime_3500GeV_045,0.8416714343672222,3500.0,0.45
23,Zprime_3500GeV_060,0.8117036155810937,3500.0,0.6
24,Zprime_3500GeV_075,0.7750674702937321,3500.0,0.75
25,Zprime_4000GeV_015,0.8883473875788123,4000.0,0.15
26,Zprime_4000GeV_030,0.8741844168104957,4000.0,0.3
27,Zprime_4000GeV_045,0.8429418498856129,4000.0,0.45
28,Zprime_4000GeV_060,0.8095674912946774,4000.0,0.6
29,Zprime_4000GeV_075,0.7656319320930476,4000.0,0.75
