,name,auc,mass,nu
0,Zprime_1500GeV_015,0.834014972949289,1500.0,0.15
1,Zprime_1500GeV_030,0.8101929053686332,1500.0,0.3
2,Zprime_1500GeV_045,0.7963985473084013,1500.0,0.45
3,Zprime_1500GeV_060,0.7687451478283291,1500.0,0.6
4,Zprime_1500GeV_075,0.7197987555752011,1500.0,0.75
5,Zprime_2000GeV_015,0.8267482680292065,2000.0,0.15
6,Zprime_2000GeV_030,0.8100580737148024,2000.0,0.3
7,Zprime_2000GeV_045,0.784462969206339,2000.0,0.45
8,Zprime_2000GeV_060,0.7591494220882512,2000.0,0.6
9,Zprime_2000GeV_075,0.7324873526064931,2000.0,0.75
10,Zprime_2500GeV_015,0.8301885151572442,2500.0,0.15
11,Zprime_2500GeV_030,0.8103088809091333,2500.0,0.3
12,Zprime_2500GeV_045,0.7882649728116665,2500.0,0.45
13,Zprime_2500GeV_060,0.7564190444047691,2500.0,0.6
14,Zprime_2500GeV_075,0.7211112609535719,2500.0,0.75
15,Zprime_3000GeV_015,0.8411183849846958,3000.0,0.15
16,Zprime_3000GeV_030,0.8124779258745918,3000.0,0.3
17,Zprime_3000GeV_045,0.7862232247386616,3000.0,0.45
18,Zprime_3000GeV_060,0.7530959919195905,3000.0,0.6
19,Zprime_3000GeV_075,0.7205373178574295,3000.0,0.75
20,Zprime_3500GeV_015,0.8405224236450747,3500.0,0.15
21,Zprime_3500GeV_030,0.8202997490195463,3500.0,0.3
22,Zprime_3500GeV_045,0.7874471493837475,3500.0,0.45
23,Zprime_3500GeV_060,0.7604033712012045,3500.0,0.6
24,Zprime_3500GeV_075,0.7183983648123079,3500.0,0.75
25,Zprime_4000GeV_015,0.8482857126443308,4000.0,0.15
26,Zprime_4000GeV_030,0.8303428175036596,4000.0,0.3
27,Zprime_4000GeV_045,0.7920928200852548,4000.0,0.45
28,Zprime_4000GeV_060,0.7615441239756535,4000.0,0.6
29,Zprime_4000GeV_075,0.7150481630276536,4000.0,0.75
