,name,auc,mass,nu
0,Zprime_1500GeV_015,0.8787919342075884,1500.0,0.15
1,Zprime_1500GeV_030,0.8677468949891841,1500.0,0.3
2,Zprime_1500GeV_045,0.8458266194501265,1500.0,0.45
3,Zprime_1500GeV_060,0.8279890185963353,1500.0,0.6
4,Zprime_1500GeV_075,0.7903186490983825,1500.0,0.75
5,Zprime_2000GeV_015,0.8757546350992589,2000.0,0.15
6,Zprime_2000GeV_030,0.8631389140755161,2000.0,0.3
7,Zprime_2000GeV_045,0.8381361944601796,2000.0,0.45
8,Zprime_2000GeV_060,0.8143419055047505,2000.0,0.6
9,Zprime_2000GeV_075,0.7921642417234925,2000.0,0.75
10,Zprime_2500GeV_015,0.8763185934690307,2500.0,0.15
11,Zprime_2500GeV_030,0.8583076291737886,2500.0,0.3
12,Zprime_2500GeV_045,0.8382162007194218,2500.0,0.45
13,Zprime_2500GeV_060,0.8111929035624992,2500.0,0.6
14,Zprime_2500GeV_075,0.7767432686796985,2500.0,0.75
15,Zprime_3000GeV_015,0.879322439887641,3000.0,0.15
16,Zprime_3000GeV_030,0.856770916546658,3000.0,0.3
17,Zprime_3000GeV_045,0.8350083879111198,3000.0,0.45
18,Zprime_3000GeV_060,0.8041991420385446,3000.0,0.6
19,Zprime_3000GeV_075,0.7693182940272335,3000.0,0.75
20,Zprime_3500GeV_015,0.8746014574463714,3500.0,0.15
21,Zprime_3500GeV_030,0.8612634935563442,3500.0,0.3
22,Zprime_3500GeV_045,0.8324818147607265,3500.0,0.45
23,Zprime_3500GeV_060,0.8071879629833549,3500.0,0.6
24,Zprime_3500GeV_075,0.765749983884484,3500.0,0.75
25,Zprime_4000GeV_015,0.878151050370389,4000.0,0.15
26,Zprime_4000GeV_030,0.8666534110872935,4000.0,0.3
27,Zprime_4000GeV_045,0.8336912322431741,4000.0,0.45
28,Zprime_4000GeV_060,0.8058903802546673,4000.0,0.6
29,Zprime_4000GeV_075,0.7598755645272925,4000.0,0.75
