,name,auc,mass,nu
0,Zprime_1500GeV_015,0.881485677743865,1500.0,0.15
1,Zprime_1500GeV_030,0.8712562467438731,1500.0,0.3
2,Zprime_1500GeV_045,0.8516299073668059,1500.0,0.45
3,Zprime_1500GeV_060,0.8267442432035101,1500.0,0.6
4,Zprime_1500GeV_075,0.7913158576956681,1500.0,0.75
5,Zprime_2000GeV_015,0.8782741356711575,2000.0,0.15
6,Zprime_2000GeV_030,0.8642330624646616,2000.0,0.3
7,Zprime_2000GeV_045,0.8380910139692526,2000.0,0.45
8,Zprime_2000GeV_060,0.8137309245218405,2000.0,0.6
9,Zprime_2000GeV_075,0.7899527894711599,2000.0,0.75
10,Zprime_2500GeV_015,0.8775675760267507,2500.0,0.15
11,Zprime_2500GeV_030,0.8607429458722274,2500.0,0.3
12,Zprime_2500GeV_045,0.8385622049199106,2500.0,0.45
13,Zprime_2500GeV_060,0.8129354650436471,2500.0,0.6
14,Zprime_2500GeV_075,0.7760456070593629,2500.0,0.75
15,Zprime_3000GeV_015,0.8831068198406681,3000.0,0.15
16,Zprime_3000GeV_030,0.8587597732656483,3000.0,0.3
17,Zprime_3000GeV_045,0.836877367282371,3000.0,0.45
18,Zprime_3000GeV_060,0.8057227979911701,3000.0,0.6
19,Zprime_3000GeV_075,0.7706313793642554,3000.0,0.75
20,Zprime_3500GeV_015,0.8777333205382953,3500.0,0.15
21,Zprime_3500GeV_030,0.8641145380842001,3500.0,0.3
22,Zprime_3500GeV_045,0.8358074881558861,3500.0,0.45
23,Zprime_3500GeV_060,0.8088453141502876,3500.0,0.6
24,Zprime_3500GeV_075,0.7659620963063237,3500.0,0.75
25,Zprime_4000GeV_015,0.8788366250398217,4000.0,0.15
26,Zprime_4000GeV_030,0.8690639764044634,4000.0,0.3
27,Zprime_4000GeV_045,0.8377316044252241,4000.0,0.45
28,Zprime_4000GeV_060,0.8082672332638041,4000.0,0.6
29,Zprime_4000GeV_075,0.7629277303899391,4000.0,0.75
