,name,auc,mass,nu
0,Zprime_1500GeV_015,0.8941864560532212,1500.0,0.15
1,Zprime_1500GeV_030,0.8937016600566632,1500.0,0.3
2,Zprime_1500GeV_045,0.8738756888079032,1500.0,0.45
3,Zprime_1500GeV_060,0.8551958902954844,1500.0,0.6
4,Zprime_1500GeV_075,0.8206289348718279,1500.0,0.75
5,Zprime_2000GeV_015,0.8977468742677808,2000.0,0.15
6,Zprime_2000GeV_030,0.882358934705766,2000.0,0.3
7,Zprime_2000GeV_045,0.8624057812773642,2000.0,0.45
8,Zprime_2000GeV_060,0.838923946005504,2000.0,0.6
9,Zprime_2000GeV_075,0.8180037830437209,2000.0,0.75
10,Zprime_2500GeV_015,0.8912018738376384,2500.0,0.15
11,Zprime_2500GeV_030,0.8759244902325711,2500.0,0.3
12,Zprime_2500GeV_045,0.8567663548583565,2500.0,0.45
13,Zprime_2500GeV_060,0.8331292930953426,2500.0,0.6
14,Zprime_2500GeV_075,0.7985475279828086,2500.0,0.75
15,Zprime_3000GeV_015,0.8915026120328494,3000.0,0.15
16,Zprime_3000GeV_030,0.8716404716599644,3000.0,0.3
17,Zprime_3000GeV_045,0.8509169062450019,3000.0,0.45
18,Zprime_3000GeV_060,0.8245722888693998,3000.0,0.6
19,Zprime_3000GeV_075,0.7924056974620469,3000.0,0.75
20,Zprime_3500GeV_015,0.8842491498700145,3500.0,0.15
21,Zprime_3500GeV_030,0.8736976734254023,3500.0,0.3
22,Zprime_3500GeV_045,0.8500930329304435,3500.0,0.45
23,Zprime_3500GeV_060,0.8255986961977517,3500.0,0.6
24,Zprime_3500GeV_075,0.7897694944025442,3500.0,0.75
25,Zprime_4000GeV_015,0.8892147354004968,4000.0,0.15
26,Zprime_4000GeV_030,0.8778329828776047,4000.0,0.3
27,Zprime_4000GeV_045,0.8499920975859937,4000.0,0.45
28,Zprime_4000GeV_060,0.8228961963985864,4000.0,0.6
29,Zprime_4000GeV_075,0.7819146370104384,4000.0,0.75
