,name,auc,mass,nu
0,Zprime_1500GeV_015,0.8718696194028943,1500.0,0.15
1,Zprime_1500GeV_030,0.8616288771025464,1500.0,0.3
2,Zprime_1500GeV_045,0.8407213228098739,1500.0,0.45
3,Zprime_1500GeV_060,0.8182735183588605,1500.0,0.6
4,Zprime_1500GeV_075,0.7798092397299514,1500.0,0.75
5,Zprime_2000GeV_015,0.870876515681656,2000.0,0.15
6,Zprime_2000GeV_030,0.857948992569898,2000.0,0.3
7,Zprime_2000GeV_045,0.8342497214725417,2000.0,0.45
8,Zprime_2000GeV_060,0.8104133318148068,2000.0,0.6
9,Zprime_2000GeV_075,0.788344003119565,2000.0,0.75
10,Zprime_2500GeV_015,0.8665698412790043,2500.0,0.15
11,Zprime_2500GeV_030,0.8514683690477747,2500.0,0.3
12,Zprime_2500GeV_045,0.833911190819215,2500.0,0.45
13,Zprime_2500GeV_060,0.8107332243655556,2500.0,0.6
14,Zprime_2500GeV_075,0.7744980026921244,2500.0,0.75
15,Zprime_3000GeV_015,0.8739569253900834,3000.0,0.15
16,Zprime_3000GeV_030,0.8485002835796742,3000.0,0.3
17,Zprime_3000GeV_045,0.830057617292751,3000.0,0.45
18,Zprime_3000GeV_060,0.800050766906971,3000.0,0.6
19,Zprime_3000GeV_075,0.7696453105532257,3000.0,0.75
20,Zprime_3500GeV_015,0.8682954828062538,3500.0,0.15
21,Zprime_3500GeV_030,0.8544761595832246,3500.0,0.3
22,Zprime_3500GeV_045,0.8266181475254324,3500.0,0.45
23,Zprime_3500GeV_060,0.802387456860599,3500.0,0.6
24,Zprime_3500GeV_075,0.7646685575538794,3500.0,0.75
25,Zprime_4000GeV_015,0.8713625324279604,4000.0,0.15
26,Zprime_4000GeV_030,0.8603453592912683,4000.0,0.3
27,Zprime_4000GeV_045,0.8301748972933058,4000.0,0.45
28,Zprime_4000GeV_060,0.802370200292013,4000.0,0.6
29,Zprime_4000GeV_075,0.7605729141888973,4000.0,0.75
