,name,auc,mass,nu
0,Zprime_1500GeV_015,0.877586306762818,1500.0,0.15
1,Zprime_1500GeV_030,0.8672706286530705,1500.0,0.3
2,Zprime_1500GeV_045,0.8489328782992469,1500.0,0.45
3,Zprime_1500GeV_060,0.8234718232868453,1500.0,0.6
4,Zprime_1500GeV_075,0.7872638867610826,1500.0,0.75
5,Zprime_2000GeV_015,0.8752125863854889,2000.0,0.15
6,Zprime_2000GeV_030,0.8621811736946103,2000.0,0.3
7,Zprime_2000GeV_045,0.840093064965781,2000.0,0.45
8,Zprime_2000GeV_060,0.8162269397146928,2000.0,0.6
9,Zprime_2000GeV_075,0.7940121542269842,2000.0,0.75
10,Zprime_2500GeV_015,0.873561224168271,2500.0,0.15
11,Zprime_2500GeV_030,0.8580918790048373,2500.0,0.3
12,Zprime_2500GeV_045,0.8388904991270828,2500.0,0.45
13,Zprime_2500GeV_060,0.812874927389335,2500.0,0.6
14,Zprime_2500GeV_075,0.776957966100758,2500.0,0.75
15,Zprime_3000GeV_015,0.8800258085722078,3000.0,0.15
16,Zprime_3000GeV_030,0.8566466227637386,3000.0,0.3
17,Zprime_3000GeV_045,0.8358633276111203,3000.0,0.45
18,Zprime_3000GeV_060,0.8048005575750274,3000.0,0.6
19,Zprime_3000GeV_075,0.7721323027520206,3000.0,0.75
20,Zprime_3500GeV_015,0.8748123954317234,3500.0,0.15
21,Zprime_3500GeV_030,0.8618195298018718,3500.0,0.3
22,Zprime_3500GeV_045,0.8327981735922098,3500.0,0.45
23,Zprime_3500GeV_060,0.808783303516169,3500.0,0.6
24,Zprime_3500GeV_075,0.767361127226627,3500.0,0.75
25,Zprime_4000GeV_015,0.8794683990855198,4000.0,0.15
26,Zprime_4000GeV_030,0.867558877999945,4000.0,0.3
27,Zprime_4000GeV_045,0.835271532733625,4000.0,0.45
28,Zprime_4000GeV_060,0.8079011119509782,4000.0,0.6
29,Zprime_4000GeV_075,0.7606114855233895,4000.0,0.75
