,name,auc,mass,nu
0,Zprime_1500GeV_015,0.8863401849967816,1500.0,0.15
1,Zprime_1500GeV_030,0.8845480469579718,1500.0,0.3
2,Zprime_1500GeV_045,0.8668453704432763,1500.0,0.45
3,Zprime_1500GeV_060,0.8485063342062661,1500.0,0.6
4,Zprime_1500GeV_075,0.8118883254737055,1500.0,0.75
5,Zprime_2000GeV_015,0.887351039141461,2000.0,0.15
6,Zprime_2000GeV_030,0.8744463912772877,2000.0,0.3
7,Zprime_2000GeV_045,0.853031466424487,2000.0,0.45
8,Zprime_2000GeV_060,0.8302263092639909,2000.0,0.6
9,Zprime_2000GeV_075,0.8084454007677241,2000.0,0.75
10,Zprime_2500GeV_015,0.8824315078542695,2500.0,0.15
11,Zprime_2500GeV_030,0.8666736833517206,2500.0,0.3
12,Zprime_2500GeV_045,0.8494997412848944,2500.0,0.45
13,Zprime_2500GeV_060,0.8280141810727026,2500.0,0.6
14,Zprime_2500GeV_075,0.7927064493793827,2500.0,0.75
15,Zprime_3000GeV_015,0.8860601685179185,3000.0,0.15
16,Zprime_3000GeV_030,0.8664199262004593,3000.0,0.3
17,Zprime_3000GeV_045,0.845743116917119,3000.0,0.45
18,Zprime_3000GeV_060,0.8177944350855616,3000.0,0.6
19,Zprime_3000GeV_075,0.7884572449207412,3000.0,0.75
20,Zprime_3500GeV_015,0.8780272826435599,3500.0,0.15
21,Zprime_3500GeV_030,0.8700885356305943,3500.0,0.3
22,Zprime_3500GeV_045,0.8438577510089728,3500.0,0.45
23,Zprime_3500GeV_060,0.818483506416809,3500.0,0.6
24,Zprime_3500GeV_075,0.7850344227422162,3500.0,0.75
25,Zprime_4000GeV_015,0.8835647535531409,4000.0,0.15
26,Zprime_4000GeV_030,0.8712875109441756,4000.0,0.3
27,Zprime_4000GeV_045,0.845407390901527,4000.0,0.45
28,Zprime_4000GeV_060,0.8185912159796422,4000.0,0.6
29,Zprime_4000GeV_075,0.7760511671047606,4000.0,0.75
