,name,auc,mass,nu
0,Zprime_1500GeV_015,0.8810959858818738,1500.0,0.15
1,Zprime_1500GeV_030,0.8715435520499464,1500.0,0.3
2,Zprime_1500GeV_045,0.8493824655059322,1500.0,0.45
3,Zprime_1500GeV_060,0.8294456672114682,1500.0,0.6
4,Zprime_1500GeV_075,0.7911443774429657,1500.0,0.75
5,Zprime_2000GeV_015,0.8787144555460925,2000.0,0.15
6,Zprime_2000GeV_030,0.864924148016573,2000.0,0.3
7,Zprime_2000GeV_045,0.841102571313773,2000.0,0.45
8,Zprime_2000GeV_060,0.8177920903457446,2000.0,0.6
9,Zprime_2000GeV_075,0.7947809618048218,2000.0,0.75
10,Zprime_2500GeV_015,0.8763433981345449,2500.0,0.15
11,Zprime_2500GeV_030,0.8609654274869093,2500.0,0.3
12,Zprime_2500GeV_045,0.8413471552187137,2500.0,0.45
13,Zprime_2500GeV_060,0.8145706139760878,2500.0,0.6
14,Zprime_2500GeV_075,0.7792292309746207,2500.0,0.75
15,Zprime_3000GeV_015,0.8782153628913252,3000.0,0.15
16,Zprime_3000GeV_030,0.8574426340281643,3000.0,0.3
17,Zprime_3000GeV_045,0.8361599976777782,3000.0,0.45
18,Zprime_3000GeV_060,0.8069856833102477,3000.0,0.6
19,Zprime_3000GeV_075,0.7724465607114125,3000.0,0.75
20,Zprime_3500GeV_015,0.8713762972016649,3500.0,0.15
21,Zprime_3500GeV_030,0.8605077612282986,3500.0,0.3
22,Zprime_3500GeV_045,0.8337330874029336,3500.0,0.45
23,Zprime_3500GeV_060,0.8100661723977607,3500.0,0.6
24,Zprime_3500GeV_075,0.7693192161413009,3500.0,0.75
25,Zprime_4000GeV_015,0.8756374528046231,4000.0,0.15
26,Zprime_4000GeV_030,0.8643580660351805,4000.0,0.3
27,Zprime_4000GeV_045,0.8338899586228904,4000.0,0.45
28,Zprime_4000GeV_060,0.8074680879928849,4000.0,0.6
29,Zprime_4000GeV_075,0.762223023190541,4000.0,0.75
