,name,auc,mass,nu
0,Zprime_1500GeV_015,0.8847741772445177,1500.0,0.15
1,Zprime_1500GeV_030,0.8827520915826282,1500.0,0.3
2,Zprime_1500GeV_045,0.86491161833714,1500.0,0.45
3,Zprime_1500GeV_060,0.8476841195010248,1500.0,0.6
4,Zprime_1500GeV_075,0.8078250527486652,1500.0,0.75
5,Zprime_2000GeV_015,0.8894174823715396,2000.0,0.15
6,Zprime_2000GeV_030,0.8750562976373075,2000.0,0.3
7,Zprime_2000GeV_045,0.8558523567729949,2000.0,0.45
8,Zprime_2000GeV_060,0.8317077512605596,2000.0,0.6
9,Zprime_2000GeV_075,0.8082221634719866,2000.0,0.75
10,Zprime_2500GeV_015,0.8822976754089733,2500.0,0.15
11,Zprime_2500GeV_030,0.8679557835352761,2500.0,0.3
12,Zprime_2500GeV_045,0.8508346628962402,2500.0,0.45
13,Zprime_2500GeV_060,0.8298622074325268,2500.0,0.6
14,Zprime_2500GeV_075,0.7938987130537739,2500.0,0.75
15,Zprime_3000GeV_015,0.8845536295596872,3000.0,0.15
16,Zprime_3000GeV_030,0.8664027349731165,3000.0,0.3
17,Zprime_3000GeV_045,0.8462099141067092,3000.0,0.45
18,Zprime_3000GeV_060,0.8182842424885325,3000.0,0.6
19,Zprime_3000GeV_075,0.7872469081416451,3000.0,0.75
20,Zprime_3500GeV_015,0.8794915306390527,3500.0,0.15
21,Zprime_3500GeV_030,0.8708039211991108,3500.0,0.3
22,Zprime_3500GeV_045,0.8461889213108644,3500.0,0.45
23,Zprime_3500GeV_060,0.8203248004987421,3500.0,0.6
24,Zprime_3500GeV_075,0.7878832054835729,3500.0,0.75
25,Zprime_4000GeV_015,0.8843431268090747,4000.0,0.15
26,Zprime_4000GeV_030,0.8732116411375708,4000.0,0.3
27,Zprime_4000GeV_045,0.8470980350100262,4000.0,0.45
28,Zprime_4000GeV_060,0.8193144642955859,4000.0,0.6
29,Zprime_4000GeV_075,0.7779178496904637,4000.0,0.75
