,name,auc,mass,nu
0,Zprime_1500GeV_015,0.8792971206010479,1500.0,0.15
1,Zprime_1500GeV_030,0.8689093256528369,1500.0,0.3
2,Zprime_1500GeV_045,0.8533378775244941,1500.0,0.45
3,Zprime_1500GeV_060,0.8302777991573363,1500.0,0.6
4,Zprime_1500GeV_075,0.7958065752979697,1500.0,0.75
5,Zprime_2000GeV_015,0.8778073382711411,2000.0,0.15
6,Zprime_2000GeV_030,0.8651360604387575,2000.0,0.3
7,Zprime_2000GeV_045,0.8413763164094743,2000.0,0.45
8,Zprime_2000GeV_060,0.8192878278022178,2000.0,0.6
9,Zprime_2000GeV_075,0.797074986244013,2000.0,0.75
10,Zprime_2500GeV_015,0.872639407632116,2500.0,0.15
11,Zprime_2500GeV_030,0.8574350143144116,2500.0,0.3
12,Zprime_2500GeV_045,0.8381597609513404,2500.0,0.45
13,Zprime_2500GeV_060,0.814249299293003,2500.0,0.6
14,Zprime_2500GeV_075,0.7805433737428374,2500.0,0.75
15,Zprime_3000GeV_015,0.876133035386342,3000.0,0.15
16,Zprime_3000GeV_030,0.8535745877221725,3000.0,0.3
17,Zprime_3000GeV_045,0.834065864090346,3000.0,0.45
18,Zprime_3000GeV_060,0.804012461550125,3000.0,0.6
19,Zprime_3000GeV_075,0.7737033874620378,3000.0,0.75
20,Zprime_3500GeV_015,0.8678311271143216,3500.0,0.15
21,Zprime_3500GeV_030,0.8570451913640058,3500.0,0.3
22,Zprime_3500GeV_045,0.8295630279226375,3500.0,0.45
23,Zprime_3500GeV_060,0.8058663391029055,3500.0,0.6
24,Zprime_3500GeV_075,0.7661266357248759,3500.0,0.75
25,Zprime_4000GeV_015,0.8700121773033126,4000.0,0.15
26,Zprime_4000GeV_030,0.8602427269087355,4000.0,0.3
27,Zprime_4000GeV_045,0.8298437676874719,4000.0,0.45
28,Zprime_4000GeV_060,0.8016696340208552,4000.0,0.6
29,Zprime_4000GeV_075,0.7613421391912935,4000.0,0.75
