,name,auc,mass,nu
0,Zprime_1500GeV_015,0.8849008825697383,1500.0,0.15
1,Zprime_1500GeV_030,0.8814598121300697,1500.0,0.3
2,Zprime_1500GeV_045,0.8647607858924937,1500.0,0.45
3,Zprime_1500GeV_060,0.8463449686281028,1500.0,0.6
4,Zprime_1500GeV_075,0.811759750166248,1500.0,0.75
5,Zprime_2000GeV_015,0.888297086581302,2000.0,0.15
6,Zprime_2000GeV_030,0.8752975567683027,2000.0,0.3
7,Zprime_2000GeV_045,0.8562160825433879,2000.0,0.45
8,Zprime_2000GeV_060,0.8356976071464245,2000.0,0.6
9,Zprime_2000GeV_075,0.8132350862572227,2000.0,0.75
10,Zprime_2500GeV_015,0.880698623855197,2500.0,0.15
11,Zprime_2500GeV_030,0.8670102050639104,2500.0,0.3
12,Zprime_2500GeV_045,0.8507214891566875,2500.0,0.45
13,Zprime_2500GeV_060,0.8302913779772734,2500.0,0.6
14,Zprime_2500GeV_075,0.7961715088677879,2500.0,0.75
15,Zprime_3000GeV_015,0.8831356125661415,3000.0,0.15
16,Zprime_3000GeV_030,0.8654348114352618,3000.0,0.3
17,Zprime_3000GeV_045,0.846395651216427,3000.0,0.45
18,Zprime_3000GeV_060,0.8196116808170356,3000.0,0.6
19,Zprime_3000GeV_075,0.7916214881721613,3000.0,0.75
20,Zprime_3500GeV_015,0.8759041242672796,3500.0,0.15
21,Zprime_3500GeV_030,0.8672349123391114,3500.0,0.3
22,Zprime_3500GeV_045,0.8444014009209706,3500.0,0.45
23,Zprime_3500GeV_060,0.8193611644703502,3500.0,0.6
24,Zprime_3500GeV_075,0.7902695266335761,3500.0,0.75
25,Zprime_4000GeV_015,0.8791527499625792,4000.0,0.15
26,Zprime_4000GeV_030,0.8697206174799932,4000.0,0.3
27,Zprime_4000GeV_045,0.8436589314772514,4000.0,0.45
28,Zprime_4000GeV_060,0.8156443677931281,4000.0,0.6
29,Zprime_4000GeV_075,0.7785191611882969,4000.0,0.75
