,name,auc,mass,nu
0,Zprime_1500GeV_015,0.884240263192068,1500.0,0.15
1,Zprime_1500GeV_030,0.8860640943132835,1500.0,0.3
2,Zprime_1500GeV_045,0.8657009217196634,1500.0,0.45
3,Zprime_1500GeV_060,0.8476400847967193,1500.0,0.6
4,Zprime_1500GeV_075,0.8106815454040363,1500.0,0.75
5,Zprime_2000GeV_015,0.8906887909402751,2000.0,0.15
6,Zprime_2000GeV_030,0.8757978588456928,2000.0,0.3
7,Zprime_2000GeV_045,0.8570477382467497,2000.0,0.45
8,Zprime_2000GeV_060,0.8351650908049008,2000.0,0.6
9,Zprime_2000GeV_075,0.8143957660663534,2000.0,0.75
10,Zprime_2500GeV_015,0.8823055302197194,2500.0,0.15
11,Zprime_2500GeV_030,0.8678852070325167,2500.0,0.3
12,Zprime_2500GeV_045,0.8517631477787303,2500.0,0.45
13,Zprime_2500GeV_060,0.8323493529920101,2500.0,0.6
14,Zprime_2500GeV_075,0.7996424753465121,2500.0,0.75
15,Zprime_3000GeV_015,0.8868559674580857,3000.0,0.15
16,Zprime_3000GeV_030,0.8682985212491179,3000.0,0.3
17,Zprime_3000GeV_045,0.8478177616439304,3000.0,0.45
18,Zprime_3000GeV_060,0.8216698225915718,3000.0,0.6
19,Zprime_3000GeV_075,0.7947650608186407,3000.0,0.75
20,Zprime_3500GeV_015,0.8810751478683798,3500.0,0.15
21,Zprime_3500GeV_030,0.8718561972910727,3500.0,0.3
22,Zprime_3500GeV_045,0.8469682780806405,3500.0,0.45
23,Zprime_3500GeV_060,0.8234748352741211,3500.0,0.6
24,Zprime_3500GeV_075,0.7906512280023207,3500.0,0.75
25,Zprime_4000GeV_015,0.8845575010598881,4000.0,0.15
26,Zprime_4000GeV_030,0.8738331761124776,4000.0,0.3
27,Zprime_4000GeV_045,0.8463900841514798,4000.0,0.45
28,Zprime_4000GeV_060,0.8200221816403065,4000.0,0.6
29,Zprime_4000GeV_075,0.7830754836835592,4000.0,0.75
