,name,auc,mass,nu
0,Zprime_1500GeV_015,0.8798949128220649,1500.0,0.15
1,Zprime_1500GeV_030,0.874891154219676,1500.0,0.3
2,Zprime_1500GeV_045,0.8540516274145408,1500.0,0.45
3,Zprime_1500GeV_060,0.8342545048526568,1500.0,0.6
4,Zprime_1500GeV_075,0.7962491589933091,1500.0,0.75
5,Zprime_2000GeV_015,0.8811782667278885,2000.0,0.15
6,Zprime_2000GeV_030,0.8682934215533461,2000.0,0.3
7,Zprime_2000GeV_045,0.8435048195375958,2000.0,0.45
8,Zprime_2000GeV_060,0.8198100095722399,2000.0,0.6
9,Zprime_2000GeV_075,0.7996849745275116,2000.0,0.75
10,Zprime_2500GeV_015,0.8811808340693554,2500.0,0.15
11,Zprime_2500GeV_030,0.8636272110586598,2500.0,0.3
12,Zprime_2500GeV_045,0.8428642570253274,2500.0,0.45
13,Zprime_2500GeV_060,0.8176202001289097,2500.0,0.6
14,Zprime_2500GeV_075,0.7834976005019534,2500.0,0.75
15,Zprime_3000GeV_015,0.8857261910421741,3000.0,0.15
16,Zprime_3000GeV_030,0.8616129778892904,3000.0,0.3
17,Zprime_3000GeV_045,0.8391200083500201,3000.0,0.45
18,Zprime_3000GeV_060,0.80896326569376,3000.0,0.6
19,Zprime_3000GeV_075,0.7787047455693556,3000.0,0.75
20,Zprime_3500GeV_015,0.8766286530369324,3500.0,0.15
21,Zprime_3500GeV_030,0.8650666639909359,3500.0,0.3
22,Zprime_3500GeV_045,0.8379970502189236,3500.0,0.45
23,Zprime_3500GeV_060,0.8111930855230237,3500.0,0.6
24,Zprime_3500GeV_075,0.7709417800124627,3500.0,0.75
25,Zprime_4000GeV_015,0.878587746491179,4000.0,0.15
26,Zprime_4000GeV_030,0.8674318075344349,4000.0,0.3
27,Zprime_4000GeV_045,0.8372626174615259,4000.0,0.45
28,Zprime_4000GeV_060,0.8098722823381744,4000.0,0.6
29,Zprime_4000GeV_075,0.7640540746699231,4000.0,0.75
