,name,auc,mass,nu
0,Zprime_1500GeV_015,0.8314659187198769,1500.0,0.15
1,Zprime_1500GeV_030,0.8103594763989588,1500.0,0.3
2,Zprime_1500GeV_045,0.7885974295779403,1500.0,0.45
3,Zprime_1500GeV_060,0.7621860789106213,1500.0,0.6
4,Zprime_1500GeV_075,0.7091992807038253,1500.0,0.75
5,Zprime_2000GeV_015,0.8248816480832948,2000.0,0.15
6,Zprime_2000GeV_030,0.8081886226556149,2000.0,0.3
7,Zprime_2000GeV_045,0.7797156614482819,2000.0,0.45
8,Zprime_2000GeV_060,0.754471794192908,2000.0,0.6
9,Zprime_2000GeV_075,0.7225996788864437,2000.0,0.75
10,Zprime_2500GeV_015,0.8235927291001,2500.0,0.15
11,Zprime_2500GeV_030,0.8032992155746659,2500.0,0.3
12,Zprime_2500GeV_045,0.7828258140988674,2500.0,0.45
13,Zprime_2500GeV_060,0.7503467543060041,2500.0,0.6
14,Zprime_2500GeV_075,0.7125655936727138,2500.0,0.75
15,Zprime_3000GeV_015,0.8267893371995401,3000.0,0.15
16,Zprime_3000GeV_030,0.8020894515989409,3000.0,0.3
17,Zprime_3000GeV_045,0.7773007471646471,3000.0,0.45
18,Zprime_3000GeV_060,0.744026666971273,3000.0,0.6
19,Zprime_3000GeV_075,0.7151030535977667,3000.0,0.75
20,Zprime_3500GeV_015,0.823607254260777,3500.0,0.15
21,Zprime_3500GeV_030,0.8063824849475039,3500.0,0.3
22,Zprime_3500GeV_045,0.7746140096783856,3500.0,0.45
23,Zprime_3500GeV_060,0.7503101487236425,3500.0,0.6
24,Zprime_3500GeV_075,0.7116327488772858,3500.0,0.75
25,Zprime_4000GeV_015,0.8293104811263077,4000.0,0.15
26,Zprime_4000GeV_030,0.8163033185252169,4000.0,0.3
27,Zprime_4000GeV_045,0.7794152453677899,4000.0,0.45
28,Zprime_4000GeV_060,0.7500376796722166,4000.0,0.6
29,Zprime_4000GeV_075,0.7090529681129607,4000.0,0.75
