,name,auc,mass,nu
0,Zprime_1500GeV_015,0.8787037659858912,1500.0,0.15
1,Zprime_1500GeV_030,0.869780025848231,1500.0,0.3
2,Zprime_1500GeV_045,0.8517065590205104,1500.0,0.45
3,Zprime_1500GeV_060,0.8323317459280564,1500.0,0.6
4,Zprime_1500GeV_075,0.7974940302826592,1500.0,0.75
5,Zprime_2000GeV_015,0.8753550682825065,2000.0,0.15
6,Zprime_2000GeV_030,0.8609416229875169,2000.0,0.3
7,Zprime_2000GeV_045,0.8378770816825624,2000.0,0.45
8,Zprime_2000GeV_060,0.8179617530479245,2000.0,0.6
9,Zprime_2000GeV_075,0.7971898801268533,2000.0,0.75
10,Zprime_2500GeV_015,0.870931854458129,2500.0,0.15
11,Zprime_2500GeV_030,0.8549421794098903,2500.0,0.3
12,Zprime_2500GeV_045,0.8368978700777869,2500.0,0.45
13,Zprime_2500GeV_060,0.812946373449304,2500.0,0.6
14,Zprime_2500GeV_075,0.7785083478372976,2500.0,0.75
15,Zprime_3000GeV_015,0.8763559976112922,3000.0,0.15
16,Zprime_3000GeV_030,0.8523971549183824,3000.0,0.3
17,Zprime_3000GeV_045,0.8323401431995177,3000.0,0.45
18,Zprime_3000GeV_060,0.8027109790245099,3000.0,0.6
19,Zprime_3000GeV_075,0.7705065569749442,3000.0,0.75
20,Zprime_3500GeV_015,0.8723225238631355,3500.0,0.15
21,Zprime_3500GeV_030,0.8584002648973452,3500.0,0.3
22,Zprime_3500GeV_045,0.8307539859445919,3500.0,0.45
23,Zprime_3500GeV_060,0.8049289307391037,3500.0,0.6
24,Zprime_3500GeV_075,0.7637451922043877,3500.0,0.75
25,Zprime_4000GeV_015,0.874430401535924,4000.0,0.15
26,Zprime_4000GeV_030,0.8626306132309446,4000.0,0.3
27,Zprime_4000GeV_045,0.8306921282552298,4000.0,0.45
28,Zprime_4000GeV_060,0.8029290848515157,4000.0,0.6
29,Zprime_4000GeV_075,0.7594707606013549,4000.0,0.75
