,name,auc,mass,nu
0,Zprime_1500GeV_015,0.872321204188726,1500.0,0.15
1,Zprime_1500GeV_030,0.8665464211401754,1500.0,0.3
2,Zprime_1500GeV_045,0.8478458634078512,1500.0,0.45
3,Zprime_1500GeV_060,0.8230189179988646,1500.0,0.6
4,Zprime_1500GeV_075,0.7909838501600249,1500.0,0.75
5,Zprime_2000GeV_015,0.8721530992478582,2000.0,0.15
6,Zprime_2000GeV_030,0.8572185590463889,2000.0,0.3
7,Zprime_2000GeV_045,0.8351782223948816,2000.0,0.45
8,Zprime_2000GeV_060,0.8121153283508147,2000.0,0.6
9,Zprime_2000GeV_075,0.7886432394662324,2000.0,0.75
10,Zprime_2500GeV_015,0.8696098935678405,2500.0,0.15
11,Zprime_2500GeV_030,0.8533553131473106,2500.0,0.3
12,Zprime_2500GeV_045,0.8343846533845396,2500.0,0.45
13,Zprime_2500GeV_060,0.8087336576494631,2500.0,0.6
14,Zprime_2500GeV_075,0.7753870453795318,2500.0,0.75
15,Zprime_3000GeV_015,0.8734099872861812,3000.0,0.15
16,Zprime_3000GeV_030,0.8515982314237679,3000.0,0.3
17,Zprime_3000GeV_045,0.8317543860046982,3000.0,0.45
18,Zprime_3000GeV_060,0.8015297383776329,3000.0,0.6
19,Zprime_3000GeV_075,0.7701261099035448,3000.0,0.75
20,Zprime_3500GeV_015,0.8681216324170566,3500.0,0.15
21,Zprime_3500GeV_030,0.8556569241538963,3500.0,0.3
22,Zprime_3500GeV_045,0.8299591739020963,3500.0,0.45
23,Zprime_3500GeV_060,0.8046623706806447,3500.0,0.6
24,Zprime_3500GeV_075,0.7633745568233096,3500.0,0.75
25,Zprime_4000GeV_015,0.8717631558737469,4000.0,0.15
26,Zprime_4000GeV_030,0.8590967850983076,4000.0,0.3
27,Zprime_4000GeV_045,0.8308440159492181,4000.0,0.45
28,Zprime_4000GeV_060,0.803315447627935,4000.0,0.6
29,Zprime_4000GeV_075,0.7593961122491606,4000.0,0.75
