,name,auc,mass,nu
0,Zprime_1500GeV_015,0.8811576452475111,1500.0,0.15
1,Zprime_1500GeV_030,0.8767146512760846,1500.0,0.3
2,Zprime_1500GeV_045,0.8584810058190466,1500.0,0.45
3,Zprime_1500GeV_060,0.8428505426563158,1500.0,0.6
4,Zprime_1500GeV_075,0.8043400549685601,1500.0,0.75
5,Zprime_2000GeV_015,0.8842950155010871,2000.0,0.15
6,Zprime_2000GeV_030,0.8699230300426499,2000.0,0.3
7,Zprime_2000GeV_045,0.8497918769052201,2000.0,0.45
8,Zprime_2000GeV_060,0.827063456193676,2000.0,0.6
9,Zprime_2000GeV_075,0.8048455435453028,2000.0,0.75
10,Zprime_2500GeV_015,0.8787006982468243,2500.0,0.15
11,Zprime_2500GeV_030,0.8635576966172103,2500.0,0.3
12,Zprime_2500GeV_045,0.8475672505605758,2500.0,0.45
13,Zprime_2500GeV_060,0.8262482766208885,2500.0,0.6
14,Zprime_2500GeV_075,0.7918361573217944,2500.0,0.75
15,Zprime_3000GeV_015,0.885436243679267,3000.0,0.15
16,Zprime_3000GeV_030,0.8651881485613467,3000.0,0.3
17,Zprime_3000GeV_045,0.8456310217154003,3000.0,0.45
18,Zprime_3000GeV_060,0.8167929630805046,3000.0,0.6
19,Zprime_3000GeV_075,0.7873186777772841,3000.0,0.75
20,Zprime_3500GeV_015,0.8790899694691304,3500.0,0.15
21,Zprime_3500GeV_030,0.870859354077189,3500.0,0.3
22,Zprime_3500GeV_045,0.8460393529556154,3500.0,0.45
23,Zprime_3500GeV_060,0.8183811526262531,3500.0,0.6
24,Zprime_3500GeV_075,0.7845865618083758,3500.0,0.75
25,Zprime_4000GeV_015,0.8855807702437757,4000.0,0.15
26,Zprime_4000GeV_030,0.874317681913912,4000.0,0.3
27,Zprime_4000GeV_045,0.8474098396699482,4000.0,0.45
28,Zprime_4000GeV_060,0.8177034503042457,4000.0,0.6
29,Zprime_4000GeV_075,0.7783668963862755,4000.0,0.75
