,name,auc,mass,nu
0,Zprime_1500GeV_015,0.8336904438259825,1500.0,0.15
1,Zprime_1500GeV_030,0.812293866698792,1500.0,0.3
2,Zprime_1500GeV_045,0.7953249299839855,1500.0,0.45
3,Zprime_1500GeV_060,0.7677801032988407,1500.0,0.6
4,Zprime_1500GeV_075,0.7191882495982284,1500.0,0.75
5,Zprime_2000GeV_015,0.8253576169151919,2000.0,0.15
6,Zprime_2000GeV_030,0.8109595271252764,2000.0,0.3
7,Zprime_2000GeV_045,0.7866265556702182,2000.0,0.45
8,Zprime_2000GeV_060,0.761161706811526,2000.0,0.6
9,Zprime_2000GeV_075,0.7347942286597249,2000.0,0.75
10,Zprime_2500GeV_015,0.8228729803891007,2500.0,0.15
11,Zprime_2500GeV_030,0.8075170656310092,2500.0,0.3
12,Zprime_2500GeV_045,0.7879697922467004,2500.0,0.45
13,Zprime_2500GeV_060,0.7587029055385123,2500.0,0.6
14,Zprime_2500GeV_075,0.7195784105139876,2500.0,0.75
15,Zprime_3000GeV_015,0.8326597055882804,3000.0,0.15
16,Zprime_3000GeV_030,0.8085181795868767,3000.0,0.3
17,Zprime_3000GeV_045,0.7860600805335471,3000.0,0.45
18,Zprime_3000GeV_060,0.7566567206406705,3000.0,0.6
19,Zprime_3000GeV_075,0.7255184695039387,3000.0,0.75
20,Zprime_3500GeV_015,0.8347840218991848,3500.0,0.15
21,Zprime_3500GeV_030,0.818116407526218,3500.0,0.3
22,Zprime_3500GeV_045,0.7884826712543719,3500.0,0.45
23,Zprime_3500GeV_060,0.7633973579621384,3500.0,0.6
24,Zprime_3500GeV_075,0.7237977502739639,3500.0,0.75
25,Zprime_4000GeV_015,0.8434225979607503,4000.0,0.15
26,Zprime_4000GeV_030,0.829458317785265,4000.0,0.3
27,Zprime_4000GeV_045,0.7951427735967578,4000.0,0.45
28,Zprime_4000GeV_060,0.764494658634458,4000.0,0.6
29,Zprime_4000GeV_075,0.721035415145865,4000.0,0.75
