,name,auc,mass,nu
0,Zprime_1500GeV_015,0.8786472449007238,1500.0,0.15
1,Zprime_1500GeV_030,0.8679758145732875,1500.0,0.3
2,Zprime_1500GeV_045,0.8444177335028455,1500.0,0.45
3,Zprime_1500GeV_060,0.8261388064428432,1500.0,0.6
4,Zprime_1500GeV_075,0.7856390799728646,1500.0,0.75
5,Zprime_2000GeV_015,0.8726369179139986,2000.0,0.15
6,Zprime_2000GeV_030,0.8608451005614173,2000.0,0.3
7,Zprime_2000GeV_045,0.839839485657381,2000.0,0.45
8,Zprime_2000GeV_060,0.815425292163636,2000.0,0.6
9,Zprime_2000GeV_075,0.7911994640310296,2000.0,0.75
10,Zprime_2500GeV_015,0.8667434814541679,2500.0,0.15
11,Zprime_2500GeV_030,0.8538007366032423,2500.0,0.3
12,Zprime_2500GeV_045,0.8349749041882006,2500.0,0.45
13,Zprime_2500GeV_060,0.8139706225952543,2500.0,0.6
14,Zprime_2500GeV_075,0.7774072225204168,2500.0,0.75
15,Zprime_3000GeV_015,0.8692446891397352,3000.0,0.15
16,Zprime_3000GeV_030,0.8506901144124549,3000.0,0.3
17,Zprime_3000GeV_045,0.8317557844780905,3000.0,0.45
18,Zprime_3000GeV_060,0.8037719292884624,3000.0,0.6
19,Zprime_3000GeV_075,0.7719210200255957,3000.0,0.75
20,Zprime_3500GeV_015,0.8626522526764901,3500.0,0.15
21,Zprime_3500GeV_030,0.8540465038352398,3500.0,0.3
22,Zprime_3500GeV_045,0.8269352595922286,3500.0,0.45
23,Zprime_3500GeV_060,0.8038208250899058,3500.0,0.6
24,Zprime_3500GeV_075,0.7703896946646898,3500.0,0.75
25,Zprime_4000GeV_015,0.8690951877007369,4000.0,0.15
26,Zprime_4000GeV_030,0.857961464018214,4000.0,0.3
27,Zprime_4000GeV_045,0.8304580715596974,4000.0,0.45
28,Zprime_4000GeV_060,0.8055427510377975,4000.0,0.6
29,Zprime_4000GeV_075,0.7637149729990905,4000.0,0.75
