,name,auc,mass,nu
0,Zprime_1500GeV_015,0.8746174316632053,1500.0,0.15
1,Zprime_1500GeV_030,0.8662968948306708,1500.0,0.3
2,Zprime_1500GeV_045,0.8477817857002056,1500.0,0.45
3,Zprime_1500GeV_060,0.82109017639106,1500.0,0.6
4,Zprime_1500GeV_075,0.7848338622850323,1500.0,0.75
5,Zprime_2000GeV_015,0.8749814435159309,2000.0,0.15
6,Zprime_2000GeV_030,0.8630825588370792,2000.0,0.3
7,Zprime_2000GeV_045,0.840479190828056,2000.0,0.45
8,Zprime_2000GeV_060,0.8143090747607364,2000.0,0.6
9,Zprime_2000GeV_075,0.7892202928028331,2000.0,0.75
10,Zprime_2500GeV_015,0.8710144464777254,2500.0,0.15
11,Zprime_2500GeV_030,0.8561416512235367,2500.0,0.3
12,Zprime_2500GeV_045,0.8391036337218236,2500.0,0.45
13,Zprime_2500GeV_060,0.8142621989732436,2500.0,0.6
14,Zprime_2500GeV_075,0.7781368984025032,2500.0,0.75
15,Zprime_3000GeV_015,0.8751312266392012,3000.0,0.15
16,Zprime_3000GeV_030,0.854105157770272,3000.0,0.3
17,Zprime_3000GeV_045,0.8331791705401073,3000.0,0.45
18,Zprime_3000GeV_060,0.8042746448681091,3000.0,0.6
19,Zprime_3000GeV_075,0.7712220405511717,3000.0,0.75
20,Zprime_3500GeV_015,0.8711384837938281,3500.0,0.15
21,Zprime_3500GeV_030,0.8585439448936623,3500.0,0.3
22,Zprime_3500GeV_045,0.8306525688541699,3500.0,0.45
23,Zprime_3500GeV_060,0.8064166653585785,3500.0,0.6
24,Zprime_3500GeV_075,0.7682236081566,3500.0,0.75
25,Zprime_4000GeV_015,0.876391013981219,4000.0,0.15
26,Zprime_4000GeV_030,0.862973682681404,4000.0,0.3
27,Zprime_4000GeV_045,0.833594903768682,4000.0,0.45
28,Zprime_4000GeV_060,0.8051532906006341,4000.0,0.6
29,Zprime_4000GeV_075,0.7625647027865475,4000.0,0.75
