,name,auc,mass,nu
0,Zprime_1500GeV_015,0.8826193692620588,1500.0,0.15
1,Zprime_1500GeV_030,0.8716416321371921,1500.0,0.3
2,Zprime_1500GeV_045,0.8498380376913094,1500.0,0.45
3,Zprime_1500GeV_060,0.8298799776732732,1500.0,0.6
4,Zprime_1500GeV_075,0.7899768745833337,1500.0,0.75
5,Zprime_2000GeV_015,0.8800705172598715,2000.0,0.15
6,Zprime_2000GeV_030,0.8669786309708285,2000.0,0.3
7,Zprime_2000GeV_045,0.8449131064687017,2000.0,0.45
8,Zprime_2000GeV_060,0.8197631204637541,2000.0,0.6
9,Zprime_2000GeV_075,0.7972408559292814,2000.0,0.75
10,Zprime_2500GeV_015,0.8753467692238864,2500.0,0.15
11,Zprime_2500GeV_030,0.8587594249975793,2500.0,0.3
12,Zprime_2500GeV_045,0.8404701506757405,2500.0,0.45
13,Zprime_2500GeV_060,0.8167814011465526,2500.0,0.6
14,Zprime_2500GeV_075,0.7815895748882677,2500.0,0.75
15,Zprime_3000GeV_015,0.8776081678464841,3000.0,0.15
16,Zprime_3000GeV_030,0.8578577981377264,3000.0,0.3
17,Zprime_3000GeV_045,0.8370403508520283,3000.0,0.45
18,Zprime_3000GeV_060,0.8067890170223988,3000.0,0.6
19,Zprime_3000GeV_075,0.7747478952574789,3000.0,0.75
20,Zprime_3500GeV_015,0.8705060593366484,3500.0,0.15
21,Zprime_3500GeV_030,0.8597391210289096,3500.0,0.3
22,Zprime_3500GeV_045,0.8327899716965788,3500.0,0.45
23,Zprime_3500GeV_060,0.8090972315276614,3500.0,0.6
24,Zprime_3500GeV_075,0.7738489546401942,3500.0,0.75
25,Zprime_4000GeV_015,0.8778466970875448,4000.0,0.15
26,Zprime_4000GeV_030,0.8661507185855631,4000.0,0.3
27,Zprime_4000GeV_045,0.8359344756108321,4000.0,0.45
28,Zprime_4000GeV_060,0.8085310123030722,4000.0,0.6
29,Zprime_4000GeV_075,0.7653885062829889,4000.0,0.75
