,name,auc,mass,nu
0,Zprime_1500GeV_015,0.8744252132619953,1500.0,0.15
1,Zprime_1500GeV_030,0.8703732617698745,1500.0,0.3
2,Zprime_1500GeV_045,0.8537332704745847,1500.0,0.45
3,Zprime_1500GeV_060,0.8325836653992001,1500.0,0.6
4,Zprime_1500GeV_075,0.8011215561979438,1500.0,0.75
5,Zprime_2000GeV_015,0.8804621544907989,2000.0,0.15
6,Zprime_2000GeV_030,0.8633053173386176,2000.0,0.3
7,Zprime_2000GeV_045,0.8442196258652226,2000.0,0.45
8,Zprime_2000GeV_060,0.821536217735949,2000.0,0.6
9,Zprime_2000GeV_075,0.7969910087660247,2000.0,0.75
10,Zprime_2500GeV_015,0.8728386341955856,2500.0,0.15
11,Zprime_2500GeV_030,0.8591820545948268,2500.0,0.3
12,Zprime_2500GeV_045,0.8433138365797889,2500.0,0.45
13,Zprime_2500GeV_060,0.8190863087445079,2500.0,0.6
14,Zprime_2500GeV_075,0.7862244758745104,2500.0,0.75
15,Zprime_3000GeV_015,0.8814282336287919,3000.0,0.15
16,Zprime_3000GeV_030,0.8602571835825874,3000.0,0.3
17,Zprime_3000GeV_045,0.8390734807622883,3000.0,0.45
18,Zprime_3000GeV_060,0.8119835789561095,3000.0,0.6
19,Zprime_3000GeV_075,0.7822010677560194,3000.0,0.75
20,Zprime_3500GeV_015,0.8762880849567161,3500.0,0.15
21,Zprime_3500GeV_030,0.8663850516253722,3500.0,0.3
22,Zprime_3500GeV_045,0.8394352926043935,3500.0,0.45
23,Zprime_3500GeV_060,0.8140639274678285,3500.0,0.6
24,Zprime_3500GeV_075,0.7781011624658889,3500.0,0.75
25,Zprime_4000GeV_015,0.8834322697374717,4000.0,0.15
26,Zprime_4000GeV_030,0.871970320818311,4000.0,0.3
27,Zprime_4000GeV_045,0.8421477267839756,4000.0,0.45
28,Zprime_4000GeV_060,0.8144945383120984,4000.0,0.6
29,Zprime_4000GeV_075,0.7714428401946415,4000.0,0.75
