,name,auc,mass,nu
0,Zprime_1500GeV_015,0.8794740409399503,1500.0,0.15
1,Zprime_1500GeV_030,0.8667477329960172,1500.0,0.3
2,Zprime_1500GeV_045,0.8464603682947237,1500.0,0.45
3,Zprime_1500GeV_060,0.8273112506567477,1500.0,0.6
4,Zprime_1500GeV_075,0.7881810061272447,1500.0,0.75
5,Zprime_2000GeV_015,0.8732309646589526,2000.0,0.15
6,Zprime_2000GeV_030,0.8590515123232026,2000.0,0.3
7,Zprime_2000GeV_045,0.8371904656233701,2000.0,0.45
8,Zprime_2000GeV_060,0.8136589172442941,2000.0,0.6
9,Zprime_2000GeV_075,0.7917196030768804,2000.0,0.75
10,Zprime_2500GeV_015,0.8692796457544995,2500.0,0.15
11,Zprime_2500GeV_030,0.854340324437882,2500.0,0.3
12,Zprime_2500GeV_045,0.8356342560129524,2500.0,0.45
13,Zprime_2500GeV_060,0.8110769445214185,2500.0,0.6
14,Zprime_2500GeV_075,0.7770605526390468,2500.0,0.75
15,Zprime_3000GeV_015,0.8729699994807085,3000.0,0.15
16,Zprime_3000GeV_030,0.8521723640016465,3000.0,0.3
17,Zprime_3000GeV_045,0.831432463099248,3000.0,0.45
18,Zprime_3000GeV_060,0.8043721200942321,3000.0,0.6
19,Zprime_3000GeV_075,0.7720408015937543,3000.0,0.75
20,Zprime_3500GeV_015,0.868641662104661,3500.0,0.15
21,Zprime_3500GeV_030,0.8559760443961071,3500.0,0.3
22,Zprime_3500GeV_045,0.8306294696379029,3500.0,0.45
23,Zprime_3500GeV_060,0.8054537542153887,3500.0,0.6
24,Zprime_3500GeV_075,0.7686233266722534,3500.0,0.75
25,Zprime_4000GeV_015,0.8758521794997454,4000.0,0.15
26,Zprime_4000GeV_030,0.8625613846057933,4000.0,0.3
27,Zprime_4000GeV_045,0.8326216223143207,4000.0,0.45
28,Zprime_4000GeV_060,0.8059545521797197,4000.0,0.6
29,Zprime_4000GeV_075,0.7626677640545763,4000.0,0.75
