,name,auc,mass,nu
0,Zprime_1500GeV_015,0.8438398323238947,1500.0,0.15
1,Zprime_1500GeV_030,0.826613559436665,1500.0,0.3
2,Zprime_1500GeV_045,0.8058862759606688,1500.0,0.45
3,Zprime_1500GeV_060,0.78093850297528,1500.0,0.6
4,Zprime_1500GeV_075,0.7309927604358082,1500.0,0.75
5,Zprime_2000GeV_015,0.8431598560980691,2000.0,0.15
6,Zprime_2000GeV_030,0.8300972080075436,2000.0,0.3
7,Zprime_2000GeV_045,0.8048343885906329,2000.0,0.45
8,Zprime_2000GeV_060,0.7750519008875263,2000.0,0.6
9,Zprime_2000GeV_075,0.7485967261431206,2000.0,0.75
10,Zprime_2500GeV_015,0.8412573039968405,2500.0,0.15
11,Zprime_2500GeV_030,0.8244958503696818,2500.0,0.3
12,Zprime_2500GeV_045,0.8043887002572335,2500.0,0.45
13,Zprime_2500GeV_060,0.7730697409039268,2500.0,0.6
14,Zprime_2500GeV_075,0.7327354727530995,2500.0,0.75
15,Zprime_3000GeV_015,0.8459319564572857,3000.0,0.15
16,Zprime_3000GeV_030,0.8203683364558185,3000.0,0.3
17,Zprime_3000GeV_045,0.798160744802739,3000.0,0.45
18,Zprime_3000GeV_060,0.7672114620534529,3000.0,0.6
19,Zprime_3000GeV_075,0.7361313085768784,3000.0,0.75
20,Zprime_3500GeV_015,0.8411633562183398,3500.0,0.15
21,Zprime_3500GeV_030,0.8269176785995125,3500.0,0.3
22,Zprime_3500GeV_045,0.7960579030025596,3500.0,0.45
23,Zprime_3500GeV_060,0.7731096664456558,3500.0,0.6
24,Zprime_3500GeV_075,0.7331020327037538,3500.0,0.75
25,Zprime_4000GeV_015,0.8498098580576364,4000.0,0.15
26,Zprime_4000GeV_030,0.8393866294632791,4000.0,0.3
27,Zprime_4000GeV_045,0.8017021114584791,4000.0,0.45
28,Zprime_4000GeV_060,0.7753592300843584,4000.0,0.6
29,Zprime_4000GeV_075,0.7318639271320604,4000.0,0.75
