,name,auc,mass,nu
0,Zprime_1500GeV_015,0.881808104843343,1500.0,0.15
1,Zprime_1500GeV_030,0.8758592079831511,1500.0,0.3
2,Zprime_1500GeV_045,0.8601517483111105,1500.0,0.45
3,Zprime_1500GeV_060,0.8422173484015025,1500.0,0.6
4,Zprime_1500GeV_075,0.7988651746628928,1500.0,0.75
5,Zprime_2000GeV_015,0.8870869360825481,2000.0,0.15
6,Zprime_2000GeV_030,0.8729645318186164,2000.0,0.3
7,Zprime_2000GeV_045,0.8522832881433348,2000.0,0.45
8,Zprime_2000GeV_060,0.829963217014593,2000.0,0.6
9,Zprime_2000GeV_075,0.8025385768281273,2000.0,0.75
10,Zprime_2500GeV_015,0.8821337992521439,2500.0,0.15
11,Zprime_2500GeV_030,0.8666028640920904,2500.0,0.3
12,Zprime_2500GeV_045,0.8470999872809569,2500.0,0.45
13,Zprime_2500GeV_060,0.8253396304121698,2500.0,0.6
14,Zprime_2500GeV_075,0.7886322924809946,2500.0,0.75
15,Zprime_3000GeV_015,0.8836672225839453,3000.0,0.15
16,Zprime_3000GeV_030,0.8643617100337544,3000.0,0.3
17,Zprime_3000GeV_045,0.8445923433997526,3000.0,0.45
18,Zprime_3000GeV_060,0.8168544845782636,3000.0,0.6
19,Zprime_3000GeV_075,0.7852301803007817,3000.0,0.75
20,Zprime_3500GeV_015,0.878175450450582,3500.0,0.15
21,Zprime_3500GeV_030,0.8672956362499178,3500.0,0.3
22,Zprime_3500GeV_045,0.8456296301421189,3500.0,0.45
23,Zprime_3500GeV_060,0.8185178330260676,3500.0,0.6
24,Zprime_3500GeV_075,0.7842198586132061,3500.0,0.75
25,Zprime_4000GeV_015,0.8819763575423452,4000.0,0.15
26,Zprime_4000GeV_030,0.8710677289742451,4000.0,0.3
27,Zprime_4000GeV_045,0.8442104672566821,4000.0,0.45
28,Zprime_4000GeV_060,0.8141495544804368,4000.0,0.6
29,Zprime_4000GeV_075,0.7753086271115959,4000.0,0.75
