,name,auc,mass,nu
0,Zprime_1500GeV_015,0.8789321859085928,1500.0,0.15
1,Zprime_1500GeV_030,0.8706096446872161,1500.0,0.3
2,Zprime_1500GeV_045,0.8536716636297017,1500.0,0.45
3,Zprime_1500GeV_060,0.8292904408364374,1500.0,0.6
4,Zprime_1500GeV_075,0.7975605155067542,1500.0,0.75
5,Zprime_2000GeV_015,0.8757596252696486,2000.0,0.15
6,Zprime_2000GeV_030,0.8639997309557907,2000.0,0.3
7,Zprime_2000GeV_045,0.8423719605613865,2000.0,0.45
8,Zprime_2000GeV_060,0.8209884714995808,2000.0,0.6
9,Zprime_2000GeV_075,0.7990767781261994,2000.0,0.75
10,Zprime_2500GeV_015,0.8719983573598841,2500.0,0.15
11,Zprime_2500GeV_030,0.8563589337952349,2500.0,0.3
12,Zprime_2500GeV_045,0.8379130871702053,2500.0,0.45
13,Zprime_2500GeV_060,0.8156841652464301,2500.0,0.6
14,Zprime_2500GeV_075,0.7826611788016977,2500.0,0.75
15,Zprime_3000GeV_015,0.8739823375263688,3000.0,0.15
16,Zprime_3000GeV_030,0.852887654089853,3000.0,0.3
17,Zprime_3000GeV_045,0.8327952612464522,3000.0,0.45
18,Zprime_3000GeV_060,0.8061072300486153,3000.0,0.6
19,Zprime_3000GeV_075,0.7761836657619957,3000.0,0.75
20,Zprime_3500GeV_015,0.8699314754626419,3500.0,0.15
21,Zprime_3500GeV_030,0.856907758018546,3500.0,0.3
22,Zprime_3500GeV_045,0.8309496225435555,3500.0,0.45
23,Zprime_3500GeV_060,0.8076575765666915,3500.0,0.6
24,Zprime_3500GeV_075,0.7722054513418853,3500.0,0.75
25,Zprime_4000GeV_015,0.873587566215915,4000.0,0.15
26,Zprime_4000GeV_030,0.8624872759300167,4000.0,0.3
27,Zprime_4000GeV_045,0.8325618243684804,4000.0,0.45
28,Zprime_4000GeV_060,0.8071131626329406,4000.0,0.6
29,Zprime_4000GeV_075,0.7653875865907649,4000.0,0.75
