,name,auc,mass,nu
0,Zprime_1500GeV_015,0.8723473627074814,1500.0,0.15
1,Zprime_1500GeV_030,0.8639417838872316,1500.0,0.3
2,Zprime_1500GeV_045,0.8441854174950919,1500.0,0.45
3,Zprime_1500GeV_060,0.8205932902968208,1500.0,0.6
4,Zprime_1500GeV_075,0.7774018188348106,1500.0,0.75
5,Zprime_2000GeV_015,0.876209515334372,2000.0,0.15
6,Zprime_2000GeV_030,0.8616244310437763,2000.0,0.3
7,Zprime_2000GeV_045,0.8377580170176047,2000.0,0.45
8,Zprime_2000GeV_060,0.8119435317897417,2000.0,0.6
9,Zprime_2000GeV_075,0.7883170079302844,2000.0,0.75
10,Zprime_2500GeV_015,0.869601903458919,2500.0,0.15
11,Zprime_2500GeV_030,0.8537529994760802,2500.0,0.3
12,Zprime_2500GeV_045,0.8362570005302491,2500.0,0.45
13,Zprime_2500GeV_060,0.8104424328695189,2500.0,0.6
14,Zprime_2500GeV_075,0.7723352042505836,2500.0,0.75
15,Zprime_3000GeV_015,0.8752722054536753,3000.0,0.15
16,Zprime_3000GeV_030,0.8533405512303562,3000.0,0.3
17,Zprime_3000GeV_045,0.8322434926245552,3000.0,0.45
18,Zprime_3000GeV_060,0.8019042028247189,3000.0,0.6
19,Zprime_3000GeV_075,0.7681942880566562,3000.0,0.75
20,Zprime_3500GeV_015,0.869828051339068,3500.0,0.15
21,Zprime_3500GeV_030,0.857730088498249,3500.0,0.3
22,Zprime_3500GeV_045,0.8305582284560101,3500.0,0.45
23,Zprime_3500GeV_060,0.8051596814685722,3500.0,0.6
24,Zprime_3500GeV_075,0.7651224349470336,3500.0,0.75
25,Zprime_4000GeV_015,0.8780626220933169,4000.0,0.15
26,Zprime_4000GeV_030,0.8655022393001296,4000.0,0.3
27,Zprime_4000GeV_045,0.8344445025306942,4000.0,0.45
28,Zprime_4000GeV_060,0.8064146444019442,4000.0,0.6
29,Zprime_4000GeV_075,0.7607974445041688,4000.0,0.75
