,name,auc,mass,nu
0,Zprime_1500GeV_015,0.8843938277106532,1500.0,0.15
1,Zprime_1500GeV_030,0.8780657787809908,1500.0,0.3
2,Zprime_1500GeV_045,0.8625497480763236,1500.0,0.45
3,Zprime_1500GeV_060,0.8425905923761859,1500.0,0.6
4,Zprime_1500GeV_075,0.809408280110272,1500.0,0.75
5,Zprime_2000GeV_015,0.8847827419947243,2000.0,0.15
6,Zprime_2000GeV_030,0.869279945432018,2000.0,0.3
7,Zprime_2000GeV_045,0.8498616442542148,2000.0,0.45
8,Zprime_2000GeV_060,0.8258841156185557,2000.0,0.6
9,Zprime_2000GeV_075,0.8044707841334109,2000.0,0.75
10,Zprime_2500GeV_015,0.8778951178765813,2500.0,0.15
11,Zprime_2500GeV_030,0.8632569107393809,2500.0,0.3
12,Zprime_2500GeV_045,0.8460401563459855,2500.0,0.45
13,Zprime_2500GeV_060,0.8238874970557842,2500.0,0.6
14,Zprime_2500GeV_075,0.7895420638270898,2500.0,0.75
15,Zprime_3000GeV_015,0.8821918427636188,3000.0,0.15
16,Zprime_3000GeV_030,0.8631827102687383,3000.0,0.3
17,Zprime_3000GeV_045,0.8421716237540382,3000.0,0.45
18,Zprime_3000GeV_060,0.8146264750790098,3000.0,0.6
19,Zprime_3000GeV_075,0.7854777526218855,3000.0,0.75
20,Zprime_3500GeV_015,0.8756680636043876,3500.0,0.15
21,Zprime_3500GeV_030,0.8668156840712975,3500.0,0.3
22,Zprime_3500GeV_045,0.8425785900617799,3500.0,0.45
23,Zprime_3500GeV_060,0.8146415423564328,3500.0,0.6
24,Zprime_3500GeV_075,0.7812901330067256,3500.0,0.75
25,Zprime_4000GeV_015,0.8832804367292506,4000.0,0.15
26,Zprime_4000GeV_030,0.8708520231706317,4000.0,0.3
27,Zprime_4000GeV_045,0.8421833837399937,4000.0,0.45
28,Zprime_4000GeV_060,0.8149200015885965,4000.0,0.6
29,Zprime_4000GeV_075,0.7722680967490579,4000.0,0.75
