,name,auc,mass,nu
0,Zprime_1500GeV_015,0.853029880502281,1500.0,0.15
1,Zprime_1500GeV_030,0.8455210886057488,1500.0,0.3
2,Zprime_1500GeV_045,0.8250571510557009,1500.0,0.45
3,Zprime_1500GeV_060,0.7968306654878086,1500.0,0.6
4,Zprime_1500GeV_075,0.7586781704940667,1500.0,0.75
5,Zprime_2000GeV_015,0.8682289910351704,2000.0,0.15
6,Zprime_2000GeV_030,0.8531390934497003,2000.0,0.3
7,Zprime_2000GeV_045,0.8291414832017375,2000.0,0.45
8,Zprime_2000GeV_060,0.7971925976128171,2000.0,0.6
9,Zprime_2000GeV_075,0.7646519279732992,2000.0,0.75
10,Zprime_2500GeV_015,0.8711391087133469,2500.0,0.15
11,Zprime_2500GeV_030,0.8529564585511002,2500.0,0.3
12,Zprime_2500GeV_045,0.8328642733115865,2500.0,0.45
13,Zprime_2500GeV_060,0.8033146218929303,2500.0,0.6
14,Zprime_2500GeV_075,0.7593451228731212,2500.0,0.75
15,Zprime_3000GeV_015,0.8784553847236649,3000.0,0.15
16,Zprime_3000GeV_030,0.8549765595196719,3000.0,0.3
17,Zprime_3000GeV_045,0.8318274987606029,3000.0,0.45
18,Zprime_3000GeV_060,0.7979074699697242,3000.0,0.6
19,Zprime_3000GeV_075,0.7579948394944258,3000.0,0.75
20,Zprime_3500GeV_015,0.8759710206993335,3500.0,0.15
21,Zprime_3500GeV_030,0.8612700001915453,3500.0,0.3
22,Zprime_3500GeV_045,0.8305396672500241,3500.0,0.45
23,Zprime_3500GeV_060,0.8002860937376995,3500.0,0.6
24,Zprime_3500GeV_075,0.7550766776252176,3500.0,0.75
25,Zprime_4000GeV_015,0.8773270179542533,4000.0,0.15
26,Zprime_4000GeV_030,0.8667975901023796,4000.0,0.3
27,Zprime_4000GeV_045,0.8334512960240033,4000.0,0.45
28,Zprime_4000GeV_060,0.8017176434956352,4000.0,0.6
29,Zprime_4000GeV_075,0.7490802868737428,4000.0,0.75
