,name,auc,mass,nu
0,Zprime_1500GeV_015,0.8645295857518287,1500.0,0.15
1,Zprime_1500GeV_030,0.8596094840604338,1500.0,0.3
2,Zprime_1500GeV_045,0.8344231485358602,1500.0,0.45
3,Zprime_1500GeV_060,0.8104627750983262,1500.0,0.6
4,Zprime_1500GeV_075,0.7633444844332486,1500.0,0.75
5,Zprime_2000GeV_015,0.8658094305880628,2000.0,0.15
6,Zprime_2000GeV_030,0.8494297343106514,2000.0,0.3
7,Zprime_2000GeV_045,0.8262449782816088,2000.0,0.45
8,Zprime_2000GeV_060,0.7994603317444872,2000.0,0.6
9,Zprime_2000GeV_075,0.7746593007652127,2000.0,0.75
10,Zprime_2500GeV_015,0.8652114175304103,2500.0,0.15
11,Zprime_2500GeV_030,0.8476114478840093,2500.0,0.3
12,Zprime_2500GeV_045,0.8277431169409615,2500.0,0.45
13,Zprime_2500GeV_060,0.7995538890864418,2500.0,0.6
14,Zprime_2500GeV_075,0.76049076738768,2500.0,0.75
15,Zprime_3000GeV_015,0.8720229315423929,3000.0,0.15
16,Zprime_3000GeV_030,0.8482972336201438,3000.0,0.3
17,Zprime_3000GeV_045,0.8262728333144633,3000.0,0.45
18,Zprime_3000GeV_060,0.7937160231203937,3000.0,0.6
19,Zprime_3000GeV_075,0.7552236291762124,3000.0,0.75
20,Zprime_3500GeV_015,0.8673414661672512,3500.0,0.15
21,Zprime_3500GeV_030,0.8547578631597281,3500.0,0.3
22,Zprime_3500GeV_045,0.8239958564246452,3500.0,0.45
23,Zprime_3500GeV_060,0.7972948813101306,3500.0,0.6
24,Zprime_3500GeV_075,0.7556263026708783,3500.0,0.75
25,Zprime_4000GeV_015,0.8745040976408894,4000.0,0.15
26,Zprime_4000GeV_030,0.8603908213132768,4000.0,0.3
27,Zprime_4000GeV_045,0.827879581400402,4000.0,0.45
28,Zprime_4000GeV_060,0.7994466229618309,4000.0,0.6
29,Zprime_4000GeV_075,0.7510380189896377,4000.0,0.75
