,name,auc,mass,nu
0,Zprime_1500GeV_015,0.87973399122008,1500.0,0.15
1,Zprime_1500GeV_030,0.8669746051170197,1500.0,0.3
2,Zprime_1500GeV_045,0.8455321475168762,1500.0,0.45
3,Zprime_1500GeV_060,0.8248428818035235,1500.0,0.6
4,Zprime_1500GeV_075,0.7870829883496678,1500.0,0.75
5,Zprime_2000GeV_015,0.8728109244719028,2000.0,0.15
6,Zprime_2000GeV_030,0.8603163477927871,2000.0,0.3
7,Zprime_2000GeV_045,0.8371977104748192,2000.0,0.45
8,Zprime_2000GeV_060,0.8153037040471046,2000.0,0.6
9,Zprime_2000GeV_075,0.7922908085891032,2000.0,0.75
10,Zprime_2500GeV_015,0.8691354780319058,2500.0,0.15
11,Zprime_2500GeV_030,0.8545590028615877,2500.0,0.3
12,Zprime_2500GeV_045,0.8365272578652256,2500.0,0.45
13,Zprime_2500GeV_060,0.8109594302512835,2500.0,0.6
14,Zprime_2500GeV_075,0.7760334408270089,2500.0,0.75
15,Zprime_3000GeV_015,0.8716129897539948,3000.0,0.15
16,Zprime_3000GeV_030,0.8508046688511617,3000.0,0.3
17,Zprime_3000GeV_045,0.8304904684305687,3000.0,0.45
18,Zprime_3000GeV_060,0.8021761961144558,3000.0,0.6
19,Zprime_3000GeV_075,0.7697205558728287,3000.0,0.75
20,Zprime_3500GeV_015,0.8650308979721325,3500.0,0.15
21,Zprime_3500GeV_030,0.8533213723671298,3500.0,0.3
22,Zprime_3500GeV_045,0.8269050371876924,3500.0,0.45
23,Zprime_3500GeV_060,0.8044463483005125,3500.0,0.6
24,Zprime_3500GeV_075,0.7680098841831582,3500.0,0.75
25,Zprime_4000GeV_015,0.8675232155947302,4000.0,0.15
26,Zprime_4000GeV_030,0.8572548969983981,4000.0,0.3
27,Zprime_4000GeV_045,0.8285855344363168,4000.0,0.45
28,Zprime_4000GeV_060,0.8030616613179539,4000.0,0.6
29,Zprime_4000GeV_075,0.7605548687126809,4000.0,0.75
