,name,auc,mass,nu
0,Zprime_1500GeV_015,0.8849162974111473,1500.0,0.15
1,Zprime_1500GeV_030,0.8759911042351576,1500.0,0.3
2,Zprime_1500GeV_045,0.8588548748090709,1500.0,0.45
3,Zprime_1500GeV_060,0.8371201562094753,1500.0,0.6
4,Zprime_1500GeV_075,0.8064543269532634,1500.0,0.75
5,Zprime_2000GeV_015,0.8784588175479091,2000.0,0.15
6,Zprime_2000GeV_030,0.8662523788626485,2000.0,0.3
7,Zprime_2000GeV_045,0.8463866160782079,2000.0,0.45
8,Zprime_2000GeV_060,0.8256979120232573,2000.0,0.6
9,Zprime_2000GeV_075,0.8016378532119923,2000.0,0.75
10,Zprime_2500GeV_015,0.8754886894934533,2500.0,0.15
11,Zprime_2500GeV_030,0.8589062524449536,2500.0,0.3
12,Zprime_2500GeV_045,0.8426971127247116,2500.0,0.45
13,Zprime_2500GeV_060,0.8209295095338085,2500.0,0.6
14,Zprime_2500GeV_075,0.7865990684784653,2500.0,0.75
15,Zprime_3000GeV_015,0.8810496818478042,3000.0,0.15
16,Zprime_3000GeV_030,0.8607082819926801,3000.0,0.3
17,Zprime_3000GeV_045,0.8398377700941114,3000.0,0.45
18,Zprime_3000GeV_060,0.8118558007393688,3000.0,0.6
19,Zprime_3000GeV_075,0.783008235989356,3000.0,0.75
20,Zprime_3500GeV_015,0.8747845584338872,3500.0,0.15
21,Zprime_3500GeV_030,0.8650686525198364,3500.0,0.3
22,Zprime_3500GeV_045,0.8407443039880668,3500.0,0.45
23,Zprime_3500GeV_060,0.8128914849619994,3500.0,0.6
24,Zprime_3500GeV_075,0.7802167536904532,3500.0,0.75
25,Zprime_4000GeV_015,0.8821947849027096,4000.0,0.15
26,Zprime_4000GeV_030,0.8711632493450141,4000.0,0.3
27,Zprime_4000GeV_045,0.8407378944976152,4000.0,0.45
28,Zprime_4000GeV_060,0.8136211089178308,4000.0,0.6
29,Zprime_4000GeV_075,0.7738584396908619,4000.0,0.75
