,name,auc,mass,nu
0,Zprime_1500GeV_015,0.8739986192039026,1500.0,0.15
1,Zprime_1500GeV_030,0.8597925008427623,1500.0,0.3
2,Zprime_1500GeV_045,0.8430610651219492,1500.0,0.45
3,Zprime_1500GeV_060,0.8220620659725029,1500.0,0.6
4,Zprime_1500GeV_075,0.7846046173255611,1500.0,0.75
5,Zprime_2000GeV_015,0.8617848353825958,2000.0,0.15
6,Zprime_2000GeV_030,0.8524147443121701,2000.0,0.3
7,Zprime_2000GeV_045,0.8301601929830666,2000.0,0.45
8,Zprime_2000GeV_060,0.8088931177416198,2000.0,0.6
9,Zprime_2000GeV_075,0.7845175540354838,2000.0,0.75
10,Zprime_2500GeV_015,0.8565380603388971,2500.0,0.15
11,Zprime_2500GeV_030,0.8429296135859854,2500.0,0.3
12,Zprime_2500GeV_045,0.8256271010915944,2500.0,0.45
13,Zprime_2500GeV_060,0.8021686579049131,2500.0,0.6
14,Zprime_2500GeV_075,0.7719665321850903,2500.0,0.75
15,Zprime_3000GeV_015,0.8588612919025473,3000.0,0.15
16,Zprime_3000GeV_030,0.8388732164214997,3000.0,0.3
17,Zprime_3000GeV_045,0.8205952344978138,3000.0,0.45
18,Zprime_3000GeV_060,0.795241789005139,3000.0,0.6
19,Zprime_3000GeV_075,0.7635324567787904,3000.0,0.75
20,Zprime_3500GeV_015,0.8526486799980447,3500.0,0.15
21,Zprime_3500GeV_030,0.8432244376963752,3500.0,0.3
22,Zprime_3500GeV_045,0.8199868405141209,3500.0,0.45
23,Zprime_3500GeV_060,0.7973633697820111,3500.0,0.6
24,Zprime_3500GeV_075,0.7635041148284235,3500.0,0.75
25,Zprime_4000GeV_015,0.8580729853657723,4000.0,0.15
26,Zprime_4000GeV_030,0.8487405043293994,4000.0,0.3
27,Zprime_4000GeV_045,0.8213791982970226,4000.0,0.45
28,Zprime_4000GeV_060,0.7958473459814491,4000.0,0.6
29,Zprime_4000GeV_075,0.7563560417327347,4000.0,0.75
