,name,auc,mass,nu
0,Zprime_1500GeV_015,0.8554737167611642,1500.0,0.15
1,Zprime_1500GeV_030,0.8456834326154796,1500.0,0.3
2,Zprime_1500GeV_045,0.8221827689498427,1500.0,0.45
3,Zprime_1500GeV_060,0.7990409165944973,1500.0,0.6
4,Zprime_1500GeV_075,0.7555680851948497,1500.0,0.75
5,Zprime_2000GeV_015,0.866333478230564,2000.0,0.15
6,Zprime_2000GeV_030,0.8492470149942651,2000.0,0.3
7,Zprime_2000GeV_045,0.8259289335217374,2000.0,0.45
8,Zprime_2000GeV_060,0.7948388257327093,2000.0,0.6
9,Zprime_2000GeV_075,0.7676788117365926,2000.0,0.75
10,Zprime_2500GeV_015,0.8660722521722274,2500.0,0.15
11,Zprime_2500GeV_030,0.8486042223370126,2500.0,0.3
12,Zprime_2500GeV_045,0.8289747784162518,2500.0,0.45
13,Zprime_2500GeV_060,0.7997437723795826,2500.0,0.6
14,Zprime_2500GeV_075,0.7573513375146695,2500.0,0.75
15,Zprime_3000GeV_015,0.8743547795107998,3000.0,0.15
16,Zprime_3000GeV_030,0.8499034041461754,3000.0,0.3
17,Zprime_3000GeV_045,0.8287755668102427,3000.0,0.45
18,Zprime_3000GeV_060,0.7943621898320963,3000.0,0.6
19,Zprime_3000GeV_075,0.755360314226009,3000.0,0.75
20,Zprime_3500GeV_015,0.871583571463209,3500.0,0.15
21,Zprime_3500GeV_030,0.8559715825026376,3500.0,0.3
22,Zprime_3500GeV_045,0.8276300122277059,3500.0,0.45
23,Zprime_3500GeV_060,0.7986780413543846,3500.0,0.6
24,Zprime_3500GeV_075,0.7527421517436989,3500.0,0.75
25,Zprime_4000GeV_015,0.8779513025583897,4000.0,0.15
26,Zprime_4000GeV_030,0.8652177115422502,4000.0,0.3
27,Zprime_4000GeV_045,0.830842299189086,4000.0,0.45
28,Zprime_4000GeV_060,0.8014793198888713,4000.0,0.6
29,Zprime_4000GeV_075,0.7510455576789299,4000.0,0.75
