,name,auc,mass,nu
0,Zprime_1500GeV_015,0.8680308567755703,1500.0,0.15
1,Zprime_1500GeV_030,0.8594139183107135,1500.0,0.3
2,Zprime_1500GeV_045,0.8399687529204227,1500.0,0.45
3,Zprime_1500GeV_060,0.8199087312033256,1500.0,0.6
4,Zprime_1500GeV_075,0.7811050388404865,1500.0,0.75
5,Zprime_2000GeV_015,0.8701522004247478,2000.0,0.15
6,Zprime_2000GeV_030,0.8579830583045801,2000.0,0.3
7,Zprime_2000GeV_045,0.8348128042576147,2000.0,0.45
8,Zprime_2000GeV_060,0.8110136992904124,2000.0,0.6
9,Zprime_2000GeV_075,0.7834947740849446,2000.0,0.75
10,Zprime_2500GeV_015,0.8611156711607308,2500.0,0.15
11,Zprime_2500GeV_030,0.8493955793913133,2500.0,0.3
12,Zprime_2500GeV_045,0.8309496817113351,2500.0,0.45
13,Zprime_2500GeV_060,0.8086571607287805,2500.0,0.6
14,Zprime_2500GeV_075,0.7717435297524129,2500.0,0.75
15,Zprime_3000GeV_015,0.86202896168897,3000.0,0.15
16,Zprime_3000GeV_030,0.8435761205226363,3000.0,0.3
17,Zprime_3000GeV_045,0.8250358977725777,3000.0,0.45
18,Zprime_3000GeV_060,0.7987157497993018,3000.0,0.6
19,Zprime_3000GeV_075,0.7673945569234782,3000.0,0.75
20,Zprime_3500GeV_015,0.8570997757849718,3500.0,0.15
21,Zprime_3500GeV_030,0.8448680727716134,3500.0,0.3
22,Zprime_3500GeV_045,0.8202831316689921,3500.0,0.45
23,Zprime_3500GeV_060,0.7974688932978603,3500.0,0.6
24,Zprime_3500GeV_075,0.7635938460216163,3500.0,0.75
25,Zprime_4000GeV_015,0.8609458117932589,4000.0,0.15
26,Zprime_4000GeV_030,0.8502474753114835,4000.0,0.3
27,Zprime_4000GeV_045,0.8236753953588438,4000.0,0.45
28,Zprime_4000GeV_060,0.7977747053761959,4000.0,0.6
29,Zprime_4000GeV_075,0.7560191835535397,4000.0,0.75
