,name,auc,mass,nu
0,Zprime_1500GeV_015,0.877319933632101,1500.0,0.15
1,Zprime_1500GeV_030,0.8656046541610263,1500.0,0.3
2,Zprime_1500GeV_045,0.8447018278124926,1500.0,0.45
3,Zprime_1500GeV_060,0.8250595519520041,1500.0,0.6
4,Zprime_1500GeV_075,0.7786900834183759,1500.0,0.75
5,Zprime_2000GeV_015,0.8757463295416924,2000.0,0.15
6,Zprime_2000GeV_030,0.8615962704915591,2000.0,0.3
7,Zprime_2000GeV_045,0.8397467097250436,2000.0,0.45
8,Zprime_2000GeV_060,0.8153609835142525,2000.0,0.6
9,Zprime_2000GeV_075,0.7890296718608947,2000.0,0.75
10,Zprime_2500GeV_015,0.8746041100218305,2500.0,0.15
11,Zprime_2500GeV_030,0.857146260073993,2500.0,0.3
12,Zprime_2500GeV_045,0.8374459814995453,2500.0,0.45
13,Zprime_2500GeV_060,0.8110278312599731,2500.0,0.6
14,Zprime_2500GeV_075,0.7761293752271178,2500.0,0.75
15,Zprime_3000GeV_015,0.878035944304183,3000.0,0.15
16,Zprime_3000GeV_030,0.8534856135475981,3000.0,0.3
17,Zprime_3000GeV_045,0.8328329538840359,3000.0,0.45
18,Zprime_3000GeV_060,0.8032933445416808,3000.0,0.6
19,Zprime_3000GeV_075,0.7691497341490353,3000.0,0.75
20,Zprime_3500GeV_015,0.8706285567333352,3500.0,0.15
21,Zprime_3500GeV_030,0.8573183857232001,3500.0,0.3
22,Zprime_3500GeV_045,0.8296433823218983,3500.0,0.45
23,Zprime_3500GeV_060,0.8047218705760174,3500.0,0.6
24,Zprime_3500GeV_075,0.7636377339435743,3500.0,0.75
25,Zprime_4000GeV_015,0.8719919450967895,4000.0,0.15
26,Zprime_4000GeV_030,0.8591695318994912,4000.0,0.3
27,Zprime_4000GeV_045,0.8298528148614426,4000.0,0.45
28,Zprime_4000GeV_060,0.8034564125255337,4000.0,0.6
29,Zprime_4000GeV_075,0.7591610890816953,4000.0,0.75
