,name,auc,mass,nu
0,Zprime_1500GeV_015,0.8720530793714855,1500.0,0.15
1,Zprime_1500GeV_030,0.8619813049446631,1500.0,0.3
2,Zprime_1500GeV_045,0.84097384498422,1500.0,0.45
3,Zprime_1500GeV_060,0.8200909066017993,1500.0,0.6
4,Zprime_1500GeV_075,0.7809334888236454,1500.0,0.75
5,Zprime_2000GeV_015,0.8670944108564962,2000.0,0.15
6,Zprime_2000GeV_030,0.8530860662765253,2000.0,0.3
7,Zprime_2000GeV_045,0.8309510417278724,2000.0,0.45
8,Zprime_2000GeV_060,0.8073874083301891,2000.0,0.6
9,Zprime_2000GeV_075,0.7873241017492429,2000.0,0.75
10,Zprime_2500GeV_015,0.863188431693303,2500.0,0.15
11,Zprime_2500GeV_030,0.8476224730918929,2500.0,0.3
12,Zprime_2500GeV_045,0.828528634737088,2500.0,0.45
13,Zprime_2500GeV_060,0.8039849401502075,2500.0,0.6
14,Zprime_2500GeV_075,0.7718113924003644,2500.0,0.75
15,Zprime_3000GeV_015,0.8682783353523696,3000.0,0.15
16,Zprime_3000GeV_030,0.8460448906075145,3000.0,0.3
17,Zprime_3000GeV_045,0.8248521827797921,3000.0,0.45
18,Zprime_3000GeV_060,0.7967336686524766,3000.0,0.6
19,Zprime_3000GeV_075,0.7645917416281027,3000.0,0.75
20,Zprime_3500GeV_015,0.8642587042774572,3500.0,0.15
21,Zprime_3500GeV_030,0.8511403074934613,3500.0,0.3
22,Zprime_3500GeV_045,0.8248411259339142,3500.0,0.45
23,Zprime_3500GeV_060,0.7998135081250339,3500.0,0.6
24,Zprime_3500GeV_075,0.7623263929177679,3500.0,0.75
25,Zprime_4000GeV_015,0.870307226056405,4000.0,0.15
26,Zprime_4000GeV_030,0.8599372887013739,4000.0,0.3
27,Zprime_4000GeV_045,0.8281863117427654,4000.0,0.45
28,Zprime_4000GeV_060,0.8012169147432113,4000.0,0.6
29,Zprime_4000GeV_075,0.7580147763326626,4000.0,0.75
