,name,auc,mass,nu
0,Zprime_1500GeV_015,0.8775350407372219,1500.0,0.15
1,Zprime_1500GeV_030,0.8743598045214326,1500.0,0.3
2,Zprime_1500GeV_045,0.8562388351320664,1500.0,0.45
3,Zprime_1500GeV_060,0.840436610830446,1500.0,0.6
4,Zprime_1500GeV_075,0.7978836629967939,1500.0,0.75
5,Zprime_2000GeV_015,0.88092316420461,2000.0,0.15
6,Zprime_2000GeV_030,0.8658841071076533,2000.0,0.3
7,Zprime_2000GeV_045,0.846391151241123,2000.0,0.45
8,Zprime_2000GeV_060,0.8232021339258376,2000.0,0.6
9,Zprime_2000GeV_075,0.7974929016931764,2000.0,0.75
10,Zprime_2500GeV_015,0.8762866255167789,2500.0,0.15
11,Zprime_2500GeV_030,0.8596855475172349,2500.0,0.3
12,Zprime_2500GeV_045,0.8429071109011761,2500.0,0.45
13,Zprime_2500GeV_060,0.8220047614718311,2500.0,0.6
14,Zprime_2500GeV_075,0.7850882879637187,2500.0,0.75
15,Zprime_3000GeV_015,0.8779269738975805,3000.0,0.15
16,Zprime_3000GeV_030,0.8598474610104021,3000.0,0.3
17,Zprime_3000GeV_045,0.8403976224591652,3000.0,0.45
18,Zprime_3000GeV_060,0.8128222284695616,3000.0,0.6
19,Zprime_3000GeV_075,0.7828928691874744,3000.0,0.75
20,Zprime_3500GeV_015,0.8730256180227363,3500.0,0.15
21,Zprime_3500GeV_030,0.8638252738819125,3500.0,0.3
22,Zprime_3500GeV_045,0.8393511720285676,3500.0,0.45
23,Zprime_3500GeV_060,0.8132538748441942,3500.0,0.6
24,Zprime_3500GeV_075,0.7786264208513289,3500.0,0.75
25,Zprime_4000GeV_015,0.8768928418102709,4000.0,0.15
26,Zprime_4000GeV_030,0.8663338434310281,4000.0,0.3
27,Zprime_4000GeV_045,0.8400537351998375,4000.0,0.45
28,Zprime_4000GeV_060,0.8112870258140615,4000.0,0.6
29,Zprime_4000GeV_075,0.771150043633822,4000.0,0.75
