,name,auc,mass,nu
0,Zprime_1500GeV_015,0.878789481846455,1500.0,0.15
1,Zprime_1500GeV_030,0.8766361211590913,1500.0,0.3
2,Zprime_1500GeV_045,0.8522378494225484,1500.0,0.45
3,Zprime_1500GeV_060,0.8358254173271872,1500.0,0.6
4,Zprime_1500GeV_075,0.7998396401509917,1500.0,0.75
5,Zprime_2000GeV_015,0.8830317048766748,2000.0,0.15
6,Zprime_2000GeV_030,0.8675670841101593,2000.0,0.3
7,Zprime_2000GeV_045,0.8476753534527232,2000.0,0.45
8,Zprime_2000GeV_060,0.8217967158823788,2000.0,0.6
9,Zprime_2000GeV_075,0.8000394478819679,2000.0,0.75
10,Zprime_2500GeV_015,0.8777698092163434,2500.0,0.15
11,Zprime_2500GeV_030,0.8618382345288088,2500.0,0.3
12,Zprime_2500GeV_045,0.8438719509167878,2500.0,0.45
13,Zprime_2500GeV_060,0.8207911522873749,2500.0,0.6
14,Zprime_2500GeV_075,0.7848944682309189,2500.0,0.75
15,Zprime_3000GeV_015,0.8853266713628823,3000.0,0.15
16,Zprime_3000GeV_030,0.8645251627319464,3000.0,0.3
17,Zprime_3000GeV_045,0.8410942984372078,3000.0,0.45
18,Zprime_3000GeV_060,0.8140960817978484,3000.0,0.6
19,Zprime_3000GeV_075,0.7828069377587901,3000.0,0.75
20,Zprime_3500GeV_015,0.8816820236336234,3500.0,0.15
21,Zprime_3500GeV_030,0.8687438544444063,3500.0,0.3
22,Zprime_3500GeV_045,0.8427974002706216,3500.0,0.45
23,Zprime_3500GeV_060,0.8169466509400845,3500.0,0.6
24,Zprime_3500GeV_075,0.780161584907282,3500.0,0.75
25,Zprime_4000GeV_015,0.8863082681637373,4000.0,0.15
26,Zprime_4000GeV_030,0.875645102971338,4000.0,0.3
27,Zprime_4000GeV_045,0.8439353906287899,4000.0,0.45
28,Zprime_4000GeV_060,0.8161523585546236,4000.0,0.6
29,Zprime_4000GeV_075,0.7732578249295621,4000.0,0.75
