,name,auc,mass,nu
0,Zprime_1500GeV_015,0.8838754452787142,1500.0,0.15
1,Zprime_1500GeV_030,0.8808004629644307,1500.0,0.3
2,Zprime_1500GeV_045,0.8611760032883339,1500.0,0.45
3,Zprime_1500GeV_060,0.8448406741395231,1500.0,0.6
4,Zprime_1500GeV_075,0.8094100242137374,1500.0,0.75
5,Zprime_2000GeV_015,0.8846348483832431,2000.0,0.15
6,Zprime_2000GeV_030,0.8695149495070206,2000.0,0.3
7,Zprime_2000GeV_045,0.8514118237877187,2000.0,0.45
8,Zprime_2000GeV_060,0.8270843903256919,2000.0,0.6
9,Zprime_2000GeV_075,0.8045480978115266,2000.0,0.75
10,Zprime_2500GeV_015,0.8788659424185397,2500.0,0.15
11,Zprime_2500GeV_030,0.8649681747259572,2500.0,0.3
12,Zprime_2500GeV_045,0.8487077667750963,2500.0,0.45
13,Zprime_2500GeV_060,0.8267044238490451,2500.0,0.6
14,Zprime_2500GeV_075,0.7914451037241758,2500.0,0.75
15,Zprime_3000GeV_015,0.8856617784501358,3000.0,0.15
16,Zprime_3000GeV_030,0.8669711690521309,3000.0,0.3
17,Zprime_3000GeV_045,0.846069315560475,3000.0,0.45
18,Zprime_3000GeV_060,0.8183049477132143,3000.0,0.6
19,Zprime_3000GeV_075,0.7888151540166235,3000.0,0.75
20,Zprime_3500GeV_015,0.8801513660796724,3500.0,0.15
21,Zprime_3500GeV_030,0.8711286556978288,3500.0,0.3
22,Zprime_3500GeV_045,0.8466538162862419,3500.0,0.45
23,Zprime_3500GeV_060,0.8196341825969746,3500.0,0.6
24,Zprime_3500GeV_075,0.7864832506070177,3500.0,0.75
25,Zprime_4000GeV_015,0.8875677455233669,4000.0,0.15
26,Zprime_4000GeV_030,0.8763384862884952,4000.0,0.3
27,Zprime_4000GeV_045,0.8468160457639029,4000.0,0.45
28,Zprime_4000GeV_060,0.8206661537350083,4000.0,0.6
29,Zprime_4000GeV_075,0.7798923313526228,4000.0,0.75
