,name,auc,mass,nu
0,Zprime_1500GeV_015,0.8879690199056987,1500.0,0.15
1,Zprime_1500GeV_030,0.8817651483208688,1500.0,0.3
2,Zprime_1500GeV_045,0.8599583072108231,1500.0,0.45
3,Zprime_1500GeV_060,0.841295260615382,1500.0,0.6
4,Zprime_1500GeV_075,0.8110404121330441,1500.0,0.75
5,Zprime_2000GeV_015,0.8828529815823748,2000.0,0.15
6,Zprime_2000GeV_030,0.8678704073915408,2000.0,0.3
7,Zprime_2000GeV_045,0.8480426350950873,2000.0,0.45
8,Zprime_2000GeV_060,0.8258285655533864,2000.0,0.6
9,Zprime_2000GeV_075,0.8066433415538331,2000.0,0.75
10,Zprime_2500GeV_015,0.8776715376415158,2500.0,0.15
11,Zprime_2500GeV_030,0.862887116163583,2500.0,0.3
12,Zprime_2500GeV_045,0.8456780445099258,2500.0,0.45
13,Zprime_2500GeV_060,0.8224279145882738,2500.0,0.6
14,Zprime_2500GeV_075,0.7878989450521734,2500.0,0.75
15,Zprime_3000GeV_015,0.8827952531976375,3000.0,0.15
16,Zprime_3000GeV_030,0.8621062532525152,3000.0,0.3
17,Zprime_3000GeV_045,0.8401852671092684,3000.0,0.45
18,Zprime_3000GeV_060,0.8138483224123731,3000.0,0.6
19,Zprime_3000GeV_075,0.7839617391528113,3000.0,0.75
20,Zprime_3500GeV_015,0.874807307602648,3500.0,0.15
21,Zprime_3500GeV_030,0.8643995722709468,3500.0,0.3
22,Zprime_3500GeV_045,0.8412218365781409,3500.0,0.45
23,Zprime_3500GeV_060,0.8165770517450602,3500.0,0.6
24,Zprime_3500GeV_075,0.7801479404370527,3500.0,0.75
25,Zprime_4000GeV_015,0.8806965265238836,4000.0,0.15
26,Zprime_4000GeV_030,0.8702274712652027,4000.0,0.3
27,Zprime_4000GeV_045,0.8410992421202876,4000.0,0.45
28,Zprime_4000GeV_060,0.8156849957898268,4000.0,0.6
29,Zprime_4000GeV_075,0.7737579563480069,4000.0,0.75
