,name,auc,mass,nu
0,Zprime_1500GeV_015,0.8798851033775319,1500.0,0.15
1,Zprime_1500GeV_030,0.8687158073662175,1500.0,0.3
2,Zprime_1500GeV_045,0.8526073806757227,1500.0,0.45
3,Zprime_1500GeV_060,0.8297016290361283,1500.0,0.6
4,Zprime_1500GeV_075,0.790492222275243,1500.0,0.75
5,Zprime_2000GeV_015,0.8776211069350903,2000.0,0.15
6,Zprime_2000GeV_030,0.8624271177174743,2000.0,0.3
7,Zprime_2000GeV_045,0.8412368387575593,2000.0,0.45
8,Zprime_2000GeV_060,0.8180168986561794,2000.0,0.6
9,Zprime_2000GeV_075,0.794368758184121,2000.0,0.75
10,Zprime_2500GeV_015,0.8711928747049899,2500.0,0.15
11,Zprime_2500GeV_030,0.8561596101745432,2500.0,0.3
12,Zprime_2500GeV_045,0.8375630954630633,2500.0,0.45
13,Zprime_2500GeV_060,0.8140256951455996,2500.0,0.6
14,Zprime_2500GeV_075,0.7793617860050772,2500.0,0.75
15,Zprime_3000GeV_015,0.8727159523259088,3000.0,0.15
16,Zprime_3000GeV_030,0.8521934046128374,3000.0,0.3
17,Zprime_3000GeV_045,0.8319478430655081,3000.0,0.45
18,Zprime_3000GeV_060,0.8035109100709581,3000.0,0.6
19,Zprime_3000GeV_075,0.7717864398154667,3000.0,0.75
20,Zprime_3500GeV_015,0.8638725526568399,3500.0,0.15
21,Zprime_3500GeV_030,0.8532321485509505,3500.0,0.3
22,Zprime_3500GeV_045,0.8275897559848637,3500.0,0.45
23,Zprime_3500GeV_060,0.803471450192024,3500.0,0.6
24,Zprime_3500GeV_075,0.768492081909796,3500.0,0.75
25,Zprime_4000GeV_015,0.8657398650145346,4000.0,0.15
26,Zprime_4000GeV_030,0.8554439442581703,4000.0,0.3
27,Zprime_4000GeV_045,0.8287595728937796,4000.0,0.45
28,Zprime_4000GeV_060,0.8041750015501103,4000.0,0.6
29,Zprime_4000GeV_075,0.761548303531543,4000.0,0.75
