,name,auc,mass,nu
0,Zprime_1500GeV_015,0.8702739497588278,1500.0,0.15
1,Zprime_1500GeV_030,0.8644699633200288,1500.0,0.3
2,Zprime_1500GeV_045,0.8413064231120769,1500.0,0.45
3,Zprime_1500GeV_060,0.821234407564526,1500.0,0.6
4,Zprime_1500GeV_075,0.7766039961456708,1500.0,0.75
5,Zprime_2000GeV_015,0.874762627962267,2000.0,0.15
6,Zprime_2000GeV_030,0.8590583049897376,2000.0,0.3
7,Zprime_2000GeV_045,0.8359473746160562,2000.0,0.45
8,Zprime_2000GeV_060,0.8086457295779313,2000.0,0.6
9,Zprime_2000GeV_075,0.7843408953408979,2000.0,0.75
10,Zprime_2500GeV_015,0.8713483247921098,2500.0,0.15
11,Zprime_2500GeV_030,0.8540789511495191,2500.0,0.3
12,Zprime_2500GeV_045,0.8346869000844835,2500.0,0.45
13,Zprime_2500GeV_060,0.8072170549615768,2500.0,0.6
14,Zprime_2500GeV_075,0.7708756221679809,2500.0,0.75
15,Zprime_3000GeV_015,0.8780868098034514,3000.0,0.15
16,Zprime_3000GeV_030,0.8541987320593143,3000.0,0.3
17,Zprime_3000GeV_045,0.8318691883863285,3000.0,0.45
18,Zprime_3000GeV_060,0.8005648991595535,3000.0,0.6
19,Zprime_3000GeV_075,0.7663138998560031,3000.0,0.75
20,Zprime_3500GeV_015,0.8728161650018511,3500.0,0.15
21,Zprime_3500GeV_030,0.8598807562834948,3500.0,0.3
22,Zprime_3500GeV_045,0.8309487577178257,3500.0,0.45
23,Zprime_3500GeV_060,0.803962731253042,3500.0,0.6
24,Zprime_3500GeV_075,0.7639373751047509,3500.0,0.75
25,Zprime_4000GeV_015,0.8781853960682792,4000.0,0.15
26,Zprime_4000GeV_030,0.8667883123317138,4000.0,0.3
27,Zprime_4000GeV_045,0.8335364655576365,4000.0,0.45
28,Zprime_4000GeV_060,0.8050547884023788,4000.0,0.6
29,Zprime_4000GeV_075,0.7575901711544443,4000.0,0.75
