,name,auc,mass,nu
0,Zprime_1500GeV_015,0.8767911578601212,1500.0,0.15
1,Zprime_1500GeV_030,0.8676130833684703,1500.0,0.3
2,Zprime_1500GeV_045,0.8460033135916889,1500.0,0.45
3,Zprime_1500GeV_060,0.8255974005618764,1500.0,0.6
4,Zprime_1500GeV_075,0.7798483076475727,1500.0,0.75
5,Zprime_2000GeV_015,0.8771794882486843,2000.0,0.15
6,Zprime_2000GeV_030,0.8616898659269283,2000.0,0.3
7,Zprime_2000GeV_045,0.8429007396403854,2000.0,0.45
8,Zprime_2000GeV_060,0.8153706067994564,2000.0,0.6
9,Zprime_2000GeV_075,0.7917979820563363,2000.0,0.75
10,Zprime_2500GeV_015,0.8716274900276224,2500.0,0.15
11,Zprime_2500GeV_030,0.8575938683417619,2500.0,0.3
12,Zprime_2500GeV_045,0.8379982275296514,2500.0,0.45
13,Zprime_2500GeV_060,0.8137928904375289,2500.0,0.6
14,Zprime_2500GeV_075,0.778887980350424,2500.0,0.75
15,Zprime_3000GeV_015,0.8750420780287147,3000.0,0.15
16,Zprime_3000GeV_030,0.8549281751831614,3000.0,0.3
17,Zprime_3000GeV_045,0.8337318132078744,3000.0,0.45
18,Zprime_3000GeV_060,0.804266738685683,3000.0,0.6
19,Zprime_3000GeV_075,0.7724204714935843,3000.0,0.75
20,Zprime_3500GeV_015,0.8682965052408047,3500.0,0.15
21,Zprime_3500GeV_030,0.8561560940941522,3500.0,0.3
22,Zprime_3500GeV_045,0.8300981318685529,3500.0,0.45
23,Zprime_3500GeV_060,0.8040462512080705,3500.0,0.6
24,Zprime_3500GeV_075,0.7679527170760008,3500.0,0.75
25,Zprime_4000GeV_015,0.8693924568529747,4000.0,0.15
26,Zprime_4000GeV_030,0.8617295534957959,4000.0,0.3
27,Zprime_4000GeV_045,0.8317349916689276,4000.0,0.45
28,Zprime_4000GeV_060,0.8035610929782755,4000.0,0.6
29,Zprime_4000GeV_075,0.760804802041962,4000.0,0.75
