,name,auc,mass,nu
0,Zprime_1500GeV_015,0.8715411197901339,1500.0,0.15
1,Zprime_1500GeV_030,0.8616319152735991,1500.0,0.3
2,Zprime_1500GeV_045,0.8398706871227748,1500.0,0.45
3,Zprime_1500GeV_060,0.8237630883322155,1500.0,0.6
4,Zprime_1500GeV_075,0.7778194269685277,1500.0,0.75
5,Zprime_2000GeV_015,0.8721833706696059,2000.0,0.15
6,Zprime_2000GeV_030,0.8574615334110188,2000.0,0.3
7,Zprime_2000GeV_045,0.8360795218474104,2000.0,0.45
8,Zprime_2000GeV_060,0.8102601542185847,2000.0,0.6
9,Zprime_2000GeV_075,0.7833520010393715,2000.0,0.75
10,Zprime_2500GeV_015,0.8666274181692581,2500.0,0.15
11,Zprime_2500GeV_030,0.8511422757661612,2500.0,0.3
12,Zprime_2500GeV_045,0.8308733044099881,2500.0,0.45
13,Zprime_2500GeV_060,0.8059700010850267,2500.0,0.6
14,Zprime_2500GeV_075,0.769571044388675,2500.0,0.75
15,Zprime_3000GeV_015,0.8663980846274271,3000.0,0.15
16,Zprime_3000GeV_030,0.8468258267980217,3000.0,0.3
17,Zprime_3000GeV_045,0.8265568745994389,3000.0,0.45
18,Zprime_3000GeV_060,0.7961198784853714,3000.0,0.6
19,Zprime_3000GeV_075,0.7654734535678198,3000.0,0.75
20,Zprime_3500GeV_015,0.8589480331572604,3500.0,0.15
21,Zprime_3500GeV_030,0.8491230116766277,3500.0,0.3
22,Zprime_3500GeV_045,0.8224571919633028,3500.0,0.45
23,Zprime_3500GeV_060,0.796755448102088,3500.0,0.6
24,Zprime_3500GeV_075,0.7609744837663035,3500.0,0.75
25,Zprime_4000GeV_015,0.862436933174832,4000.0,0.15
26,Zprime_4000GeV_030,0.8517187632877348,4000.0,0.3
27,Zprime_4000GeV_045,0.8234433744673618,4000.0,0.45
28,Zprime_4000GeV_060,0.7960028178301899,4000.0,0.6
29,Zprime_4000GeV_075,0.7522109331395179,4000.0,0.75
