,name,auc,mass,nu
0,Zprime_1500GeV_015,0.8842974849518451,1500.0,0.15
1,Zprime_1500GeV_030,0.8809964249973317,1500.0,0.3
2,Zprime_1500GeV_045,0.85688268705996,1500.0,0.45
3,Zprime_1500GeV_060,0.8405361605230439,1500.0,0.6
4,Zprime_1500GeV_075,0.7997023443262081,1500.0,0.75
5,Zprime_2000GeV_015,0.8857445118892177,2000.0,0.15
6,Zprime_2000GeV_030,0.8709170890024153,2000.0,0.3
7,Zprime_2000GeV_045,0.8506026157146342,2000.0,0.45
8,Zprime_2000GeV_060,0.8261181427572798,2000.0,0.6
9,Zprime_2000GeV_075,0.8003290965165734,2000.0,0.75
10,Zprime_2500GeV_015,0.8812769032905479,2500.0,0.15
11,Zprime_2500GeV_030,0.8657020590910884,2500.0,0.3
12,Zprime_2500GeV_045,0.8464430626341679,2500.0,0.45
13,Zprime_2500GeV_060,0.8232846423093088,2500.0,0.6
14,Zprime_2500GeV_075,0.7873081511832936,2500.0,0.75
15,Zprime_3000GeV_015,0.8862137214751038,3000.0,0.15
16,Zprime_3000GeV_030,0.8666145014693712,3000.0,0.3
17,Zprime_3000GeV_045,0.8438627938478434,3000.0,0.45
18,Zprime_3000GeV_060,0.8151940165041316,3000.0,0.6
19,Zprime_3000GeV_075,0.7871039625430937,3000.0,0.75
20,Zprime_3500GeV_015,0.8817442339073185,3500.0,0.15
21,Zprime_3500GeV_030,0.8717204081709229,3500.0,0.3
22,Zprime_3500GeV_045,0.8467366256746711,3500.0,0.45
23,Zprime_3500GeV_060,0.8182937512404599,3500.0,0.6
24,Zprime_3500GeV_075,0.7834148241260018,3500.0,0.75
25,Zprime_4000GeV_015,0.8867230598707369,4000.0,0.15
26,Zprime_4000GeV_030,0.876753631060304,4000.0,0.3
27,Zprime_4000GeV_045,0.8476472615191908,4000.0,0.45
28,Zprime_4000GeV_060,0.8174443390898452,4000.0,0.6
29,Zprime_4000GeV_075,0.7738925937157319,4000.0,0.75
