,name,auc,mass,nu
0,Zprime_1500GeV_015,0.8825825838450593,1500.0,0.15
1,Zprime_1500GeV_030,0.8777763599646198,1500.0,0.3
2,Zprime_1500GeV_045,0.8563374500103283,1500.0,0.45
3,Zprime_1500GeV_060,0.8366508120171948,1500.0,0.6
4,Zprime_1500GeV_075,0.8047744762596821,1500.0,0.75
5,Zprime_2000GeV_015,0.8825849934821312,2000.0,0.15
6,Zprime_2000GeV_030,0.8697638802551195,2000.0,0.3
7,Zprime_2000GeV_045,0.8525468980531506,2000.0,0.45
8,Zprime_2000GeV_060,0.8269531510303764,2000.0,0.6
9,Zprime_2000GeV_075,0.8062055027030094,2000.0,0.75
10,Zprime_2500GeV_015,0.8737807153918091,2500.0,0.15
11,Zprime_2500GeV_030,0.8605807387655989,2500.0,0.3
12,Zprime_2500GeV_045,0.8451966174385592,2500.0,0.45
13,Zprime_2500GeV_060,0.8244023723493065,2500.0,0.6
14,Zprime_2500GeV_075,0.7888651715098702,2500.0,0.75
15,Zprime_3000GeV_015,0.87691511408161,3000.0,0.15
16,Zprime_3000GeV_030,0.8596674620078159,3000.0,0.3
17,Zprime_3000GeV_045,0.8390206931162962,3000.0,0.45
18,Zprime_3000GeV_060,0.8153241107957854,3000.0,0.6
19,Zprime_3000GeV_075,0.7857148763029983,3000.0,0.75
20,Zprime_3500GeV_015,0.8712293709223119,3500.0,0.15
21,Zprime_3500GeV_030,0.8608153929731516,3500.0,0.3
22,Zprime_3500GeV_045,0.8383410834737606,3500.0,0.45
23,Zprime_3500GeV_060,0.8157551241838402,3500.0,0.6
24,Zprime_3500GeV_075,0.7820531274844754,3500.0,0.75
25,Zprime_4000GeV_015,0.8746717553985746,4000.0,0.15
26,Zprime_4000GeV_030,0.8657963947547853,4000.0,0.3
27,Zprime_4000GeV_045,0.8384785849897828,4000.0,0.45
28,Zprime_4000GeV_060,0.8140397624607925,4000.0,0.6
29,Zprime_4000GeV_075,0.7739154327392986,4000.0,0.75
