,name,auc,mass,nu
0,Zprime_1500GeV_015,0.8790486146728737,1500.0,0.15
1,Zprime_1500GeV_030,0.8746328436329972,1500.0,0.3
2,Zprime_1500GeV_045,0.8536859946337253,1500.0,0.45
3,Zprime_1500GeV_060,0.8394375566333727,1500.0,0.6
4,Zprime_1500GeV_075,0.8013642656361665,1500.0,0.75
5,Zprime_2000GeV_015,0.8797675182153183,2000.0,0.15
6,Zprime_2000GeV_030,0.8655085562765852,2000.0,0.3
7,Zprime_2000GeV_045,0.8454679936344186,2000.0,0.45
8,Zprime_2000GeV_060,0.8209525306213632,2000.0,0.6
9,Zprime_2000GeV_075,0.7990671450821656,2000.0,0.75
10,Zprime_2500GeV_015,0.8776415089631133,2500.0,0.15
11,Zprime_2500GeV_030,0.8604597800972725,2500.0,0.3
12,Zprime_2500GeV_045,0.8434655036806682,2500.0,0.45
13,Zprime_2500GeV_060,0.8200978471632805,2500.0,0.6
14,Zprime_2500GeV_075,0.7858090356196122,2500.0,0.75
15,Zprime_3000GeV_015,0.883110423054022,3000.0,0.15
16,Zprime_3000GeV_030,0.8624999232894384,3000.0,0.3
17,Zprime_3000GeV_045,0.8412292889161552,3000.0,0.45
18,Zprime_3000GeV_060,0.8119308185270666,3000.0,0.6
19,Zprime_3000GeV_075,0.7816606744579844,3000.0,0.75
20,Zprime_3500GeV_015,0.8788881603636985,3500.0,0.15
21,Zprime_3500GeV_030,0.8683291442828929,3500.0,0.3
22,Zprime_3500GeV_045,0.8417969642868635,3500.0,0.45
23,Zprime_3500GeV_060,0.8141917247289829,3500.0,0.6
24,Zprime_3500GeV_075,0.7797607275618298,3500.0,0.75
25,Zprime_4000GeV_015,0.884900869927714,4000.0,0.15
26,Zprime_4000GeV_030,0.8741179119345309,4000.0,0.3
27,Zprime_4000GeV_045,0.8429413713197353,4000.0,0.45
28,Zprime_4000GeV_060,0.8144524766872869,4000.0,0.6
29,Zprime_4000GeV_075,0.7711565093488526,4000.0,0.75
