,name,auc,mass,nu
0,Zprime_1500GeV_015,0.8611065567261491,1500.0,0.15
1,Zprime_1500GeV_030,0.8529871958262398,1500.0,0.3
2,Zprime_1500GeV_045,0.8269658101777803,1500.0,0.45
3,Zprime_1500GeV_060,0.7985513606346344,1500.0,0.6
4,Zprime_1500GeV_075,0.7633970168296218,1500.0,0.75
5,Zprime_2000GeV_015,0.8724973070739174,2000.0,0.15
6,Zprime_2000GeV_030,0.8558362940740589,2000.0,0.3
7,Zprime_2000GeV_045,0.8350586633306123,2000.0,0.45
8,Zprime_2000GeV_060,0.8041821012306564,2000.0,0.6
9,Zprime_2000GeV_075,0.7743940407315022,2000.0,0.75
10,Zprime_2500GeV_015,0.8711647853004366,2500.0,0.15
11,Zprime_2500GeV_030,0.8548119100040805,2500.0,0.3
12,Zprime_2500GeV_045,0.8351656635644495,2500.0,0.45
13,Zprime_2500GeV_060,0.808336550985968,2500.0,0.6
14,Zprime_2500GeV_075,0.7672912441847645,2500.0,0.75
15,Zprime_3000GeV_015,0.8806174611521242,3000.0,0.15
16,Zprime_3000GeV_030,0.8577447703525616,3000.0,0.3
17,Zprime_3000GeV_045,0.8340514730432065,3000.0,0.45
18,Zprime_3000GeV_060,0.8035001482045424,3000.0,0.6
19,Zprime_3000GeV_075,0.7685922322824205,3000.0,0.75
20,Zprime_3500GeV_015,0.8768484886372467,3500.0,0.15
21,Zprime_3500GeV_030,0.8639622715779312,3500.0,0.3
22,Zprime_3500GeV_045,0.8386780028395298,3500.0,0.45
23,Zprime_3500GeV_060,0.8061225992016274,3500.0,0.6
24,Zprime_3500GeV_075,0.7648722469326801,3500.0,0.75
25,Zprime_4000GeV_015,0.8807516840582073,4000.0,0.15
26,Zprime_4000GeV_030,0.8689385420799578,4000.0,0.3
27,Zprime_4000GeV_045,0.8372056149481131,4000.0,0.45
28,Zprime_4000GeV_060,0.8047894733329896,4000.0,0.6
29,Zprime_4000GeV_075,0.7569754683804379,4000.0,0.75
