,name,auc,mass,nu
0,Zprime_1500GeV_015,0.88745507507962,1500.0,0.15
1,Zprime_1500GeV_030,0.8808710674178082,1500.0,0.3
2,Zprime_1500GeV_045,0.8609107424437448,1500.0,0.45
3,Zprime_1500GeV_060,0.8403760833237933,1500.0,0.6
4,Zprime_1500GeV_075,0.8059973718453703,1500.0,0.75
5,Zprime_2000GeV_015,0.8868881153896924,2000.0,0.15
6,Zprime_2000GeV_030,0.8717649520286701,2000.0,0.3
7,Zprime_2000GeV_045,0.8546246111596953,2000.0,0.45
8,Zprime_2000GeV_060,0.8296733608748966,2000.0,0.6
9,Zprime_2000GeV_075,0.8060452995142317,2000.0,0.75
10,Zprime_2500GeV_015,0.8790447840568958,2500.0,0.15
11,Zprime_2500GeV_030,0.8652550627729314,2500.0,0.3
12,Zprime_2500GeV_045,0.850214261498795,2500.0,0.45
13,Zprime_2500GeV_060,0.8288982270461454,2500.0,0.6
14,Zprime_2500GeV_075,0.794838168381035,2500.0,0.75
15,Zprime_3000GeV_015,0.8847217190503804,3000.0,0.15
16,Zprime_3000GeV_030,0.8658281438953292,3000.0,0.3
17,Zprime_3000GeV_045,0.8446294927115252,3000.0,0.45
18,Zprime_3000GeV_060,0.8192406904823193,3000.0,0.6
19,Zprime_3000GeV_075,0.7917589503935274,3000.0,0.75
20,Zprime_3500GeV_015,0.8775496231306245,3500.0,0.15
21,Zprime_3500GeV_030,0.8683157656290887,3500.0,0.3
22,Zprime_3500GeV_045,0.846086481308289,3500.0,0.45
23,Zprime_3500GeV_060,0.8195213311507171,3500.0,0.6
24,Zprime_3500GeV_075,0.7885621199424138,3500.0,0.75
25,Zprime_4000GeV_015,0.8838510793095913,4000.0,0.15
26,Zprime_4000GeV_030,0.8725252090553159,4000.0,0.3
27,Zprime_4000GeV_045,0.8456753042338236,4000.0,0.45
28,Zprime_4000GeV_060,0.819557506928221,4000.0,0.6
29,Zprime_4000GeV_075,0.781384211487519,4000.0,0.75
