,name,auc,mass,nu
0,Zprime_1500GeV_015,0.8633253596562771,1500.0,0.15
1,Zprime_1500GeV_030,0.8577498591873765,1500.0,0.3
2,Zprime_1500GeV_045,0.8333919751429011,1500.0,0.45
3,Zprime_1500GeV_060,0.8154558362637702,1500.0,0.6
4,Zprime_1500GeV_075,0.7709211489428082,1500.0,0.75
5,Zprime_2000GeV_015,0.8680482283789988,2000.0,0.15
6,Zprime_2000GeV_030,0.854546924790043,2000.0,0.3
7,Zprime_2000GeV_045,0.8328316036012807,2000.0,0.45
8,Zprime_2000GeV_060,0.8052575800595266,2000.0,0.6
9,Zprime_2000GeV_075,0.7788948935618899,2000.0,0.75
10,Zprime_2500GeV_015,0.8657878103078689,2500.0,0.15
11,Zprime_2500GeV_030,0.8488340068875586,2500.0,0.3
12,Zprime_2500GeV_045,0.8286177783640831,2500.0,0.45
13,Zprime_2500GeV_060,0.8019465726494366,2500.0,0.6
14,Zprime_2500GeV_075,0.7628037876380619,2500.0,0.75
15,Zprime_3000GeV_015,0.8673699463015669,3000.0,0.15
16,Zprime_3000GeV_030,0.8464671942156538,3000.0,0.3
17,Zprime_3000GeV_045,0.8234856522204932,3000.0,0.45
18,Zprime_3000GeV_060,0.7930327992100801,3000.0,0.6
19,Zprime_3000GeV_075,0.7612189573388506,3000.0,0.75
20,Zprime_3500GeV_015,0.8599093285565191,3500.0,0.15
21,Zprime_3500GeV_030,0.8463354384616988,3500.0,0.3
22,Zprime_3500GeV_045,0.8210033269194882,3500.0,0.45
23,Zprime_3500GeV_060,0.7969274435909821,3500.0,0.6
24,Zprime_3500GeV_075,0.7556898944970883,3500.0,0.75
25,Zprime_4000GeV_015,0.8648651334845813,4000.0,0.15
26,Zprime_4000GeV_030,0.8531770756255015,4000.0,0.3
27,Zprime_4000GeV_045,0.8225227732409479,4000.0,0.45
28,Zprime_4000GeV_060,0.794653765242475,4000.0,0.6
29,Zprime_4000GeV_075,0.7508813647474558,4000.0,0.75
