,name,auc,mass,nu
0,Zprime_1500GeV_015,0.8465992057152627,1500.0,0.15
1,Zprime_1500GeV_030,0.8318201260074839,1500.0,0.3
2,Zprime_1500GeV_045,0.8138939029100284,1500.0,0.45
3,Zprime_1500GeV_060,0.7847926984100291,1500.0,0.6
4,Zprime_1500GeV_075,0.7540223211756764,1500.0,0.75
5,Zprime_2000GeV_015,0.8431973507344905,2000.0,0.15
6,Zprime_2000GeV_030,0.8290618213040244,2000.0,0.3
7,Zprime_2000GeV_045,0.8071735533638452,2000.0,0.45
8,Zprime_2000GeV_060,0.7785335636338897,2000.0,0.6
9,Zprime_2000GeV_075,0.7541429569120514,2000.0,0.75
10,Zprime_2500GeV_015,0.8431393918172625,2500.0,0.15
11,Zprime_2500GeV_030,0.8267920724385692,2500.0,0.3
12,Zprime_2500GeV_045,0.8058647239155992,2500.0,0.45
13,Zprime_2500GeV_060,0.7799884971189381,2500.0,0.6
14,Zprime_2500GeV_075,0.7403541625463376,2500.0,0.75
15,Zprime_3000GeV_015,0.8520542776845972,3000.0,0.15
16,Zprime_3000GeV_030,0.826665671469942,3000.0,0.3
17,Zprime_3000GeV_045,0.8030424468990676,3000.0,0.45
18,Zprime_3000GeV_060,0.7731664665626445,3000.0,0.6
19,Zprime_3000GeV_075,0.7404072094061593,3000.0,0.75
20,Zprime_3500GeV_015,0.8450455523804906,3500.0,0.15
21,Zprime_3500GeV_030,0.834214862950799,3500.0,0.3
22,Zprime_3500GeV_045,0.8015232947412756,3500.0,0.45
23,Zprime_3500GeV_060,0.7807016132241098,3500.0,0.6
24,Zprime_3500GeV_075,0.7363458604611186,3500.0,0.75
25,Zprime_4000GeV_015,0.8525673118406449,4000.0,0.15
26,Zprime_4000GeV_030,0.8392610059895245,4000.0,0.3
27,Zprime_4000GeV_045,0.8054261364029126,4000.0,0.45
28,Zprime_4000GeV_060,0.7805632489330863,4000.0,0.6
29,Zprime_4000GeV_075,0.7323958994100843,4000.0,0.75
