,name,auc,mass,nu
0,Zprime_1500GeV_015,0.8825853865434975,1500.0,0.15
1,Zprime_1500GeV_030,0.8817796787041645,1500.0,0.3
2,Zprime_1500GeV_045,0.8617010890794345,1500.0,0.45
3,Zprime_1500GeV_060,0.8414710760443231,1500.0,0.6
4,Zprime_1500GeV_075,0.8046648070337878,1500.0,0.75
5,Zprime_2000GeV_015,0.888209610489402,2000.0,0.15
6,Zprime_2000GeV_030,0.8728393709642621,2000.0,0.3
7,Zprime_2000GeV_045,0.8559418240330168,2000.0,0.45
8,Zprime_2000GeV_060,0.832388940385087,2000.0,0.6
9,Zprime_2000GeV_075,0.8075261817070443,2000.0,0.75
10,Zprime_2500GeV_015,0.8833904336733467,2500.0,0.15
11,Zprime_2500GeV_030,0.8682037647362649,2500.0,0.3
12,Zprime_2500GeV_045,0.8513271908919253,2500.0,0.45
13,Zprime_2500GeV_060,0.8305005780873604,2500.0,0.6
14,Zprime_2500GeV_075,0.7966176085701433,2500.0,0.75
15,Zprime_3000GeV_015,0.8890789274732848,3000.0,0.15
16,Zprime_3000GeV_030,0.8696550461325981,3000.0,0.3
17,Zprime_3000GeV_045,0.8478423199705989,3000.0,0.45
18,Zprime_3000GeV_060,0.8211033725106498,3000.0,0.6
19,Zprime_3000GeV_075,0.7916845793919401,3000.0,0.75
20,Zprime_3500GeV_015,0.8860546110532381,3500.0,0.15
21,Zprime_3500GeV_030,0.8745807067361002,3500.0,0.3
22,Zprime_3500GeV_045,0.8507265875215355,3500.0,0.45
23,Zprime_3500GeV_060,0.8229982627928433,3500.0,0.6
24,Zprime_3500GeV_075,0.7888866434603236,3500.0,0.75
25,Zprime_4000GeV_015,0.8898366762499799,4000.0,0.15
26,Zprime_4000GeV_030,0.879253068152139,4000.0,0.3
27,Zprime_4000GeV_045,0.8510585778459336,4000.0,0.45
28,Zprime_4000GeV_060,0.8218955751768043,4000.0,0.6
29,Zprime_4000GeV_075,0.7802834374383126,4000.0,0.75
