,name,auc,mass,nu
0,Zprime_1500GeV_015,0.8775122688124126,1500.0,0.15
1,Zprime_1500GeV_030,0.8661763586965137,1500.0,0.3
2,Zprime_1500GeV_045,0.8468516431402097,1500.0,0.45
3,Zprime_1500GeV_060,0.8261258709115906,1500.0,0.6
4,Zprime_1500GeV_075,0.7900349881107955,1500.0,0.75
5,Zprime_2000GeV_015,0.8739030882022641,2000.0,0.15
6,Zprime_2000GeV_030,0.8610272993342624,2000.0,0.3
7,Zprime_2000GeV_045,0.8386268857768353,2000.0,0.45
8,Zprime_2000GeV_060,0.8148676576530515,2000.0,0.6
9,Zprime_2000GeV_075,0.7930139895371995,2000.0,0.75
10,Zprime_2500GeV_015,0.869872424644328,2500.0,0.15
11,Zprime_2500GeV_030,0.8537498132921506,2500.0,0.3
12,Zprime_2500GeV_045,0.8350566454477725,2500.0,0.45
13,Zprime_2500GeV_060,0.8114923287600151,2500.0,0.6
14,Zprime_2500GeV_075,0.7764390044857089,2500.0,0.75
15,Zprime_3000GeV_015,0.869709586115785,3000.0,0.15
16,Zprime_3000GeV_030,0.8492134323221536,3000.0,0.3
17,Zprime_3000GeV_045,0.8292883955074761,3000.0,0.45
18,Zprime_3000GeV_060,0.801402390635549,3000.0,0.6
19,Zprime_3000GeV_075,0.7695584940124759,3000.0,0.75
20,Zprime_3500GeV_015,0.8635186685837801,3500.0,0.15
21,Zprime_3500GeV_030,0.8508706967022505,3500.0,0.3
22,Zprime_3500GeV_045,0.8259383015097924,3500.0,0.45
23,Zprime_3500GeV_060,0.8018483795052916,3500.0,0.6
24,Zprime_3500GeV_075,0.7650139023184854,3500.0,0.75
25,Zprime_4000GeV_015,0.8656898003004729,4000.0,0.15
26,Zprime_4000GeV_030,0.8541913506436672,4000.0,0.3
27,Zprime_4000GeV_045,0.8264542906765688,4000.0,0.45
28,Zprime_4000GeV_060,0.8010285206488785,4000.0,0.6
29,Zprime_4000GeV_075,0.7588970956091692,4000.0,0.75
