,name,auc,mass,nu
0,Zprime_1500GeV_015,0.8528826220551814,1500.0,0.15
1,Zprime_1500GeV_030,0.8418417974136975,1500.0,0.3
2,Zprime_1500GeV_045,0.8215115178993143,1500.0,0.45
3,Zprime_1500GeV_060,0.795998210153659,1500.0,0.6
4,Zprime_1500GeV_075,0.7595854531166849,1500.0,0.75
5,Zprime_2000GeV_015,0.8605464870032151,2000.0,0.15
6,Zprime_2000GeV_030,0.8477423369547974,2000.0,0.3
7,Zprime_2000GeV_045,0.8235886848731114,2000.0,0.45
8,Zprime_2000GeV_060,0.796421758521203,2000.0,0.6
9,Zprime_2000GeV_075,0.7677459937189832,2000.0,0.75
10,Zprime_2500GeV_015,0.8630554937192784,2500.0,0.15
11,Zprime_2500GeV_030,0.8460124791799317,2500.0,0.3
12,Zprime_2500GeV_045,0.8253463575072377,2500.0,0.45
13,Zprime_2500GeV_060,0.7973266411972474,2500.0,0.6
14,Zprime_2500GeV_075,0.7551521487612106,2500.0,0.75
15,Zprime_3000GeV_015,0.8715958806745684,3000.0,0.15
16,Zprime_3000GeV_030,0.8458093879236828,3000.0,0.3
17,Zprime_3000GeV_045,0.826093644461914,3000.0,0.45
18,Zprime_3000GeV_060,0.7927731502358493,3000.0,0.6
19,Zprime_3000GeV_075,0.7526996997397641,3000.0,0.75
20,Zprime_3500GeV_015,0.8710872768633968,3500.0,0.15
21,Zprime_3500GeV_030,0.8554634606690273,3500.0,0.3
22,Zprime_3500GeV_045,0.8233554762197288,3500.0,0.45
23,Zprime_3500GeV_060,0.7976941283099264,3500.0,0.6
24,Zprime_3500GeV_075,0.752377554309289,3500.0,0.75
25,Zprime_4000GeV_015,0.8779645015977534,4000.0,0.15
26,Zprime_4000GeV_030,0.8631283783947372,4000.0,0.3
27,Zprime_4000GeV_045,0.8308269167144512,4000.0,0.45
28,Zprime_4000GeV_060,0.7987122469610113,4000.0,0.6
29,Zprime_4000GeV_075,0.7484851763310573,4000.0,0.75
