,name,auc,mass,nu
0,Zprime_1500GeV_015,0.8835560544358774,1500.0,0.15
1,Zprime_1500GeV_030,0.8827549976592874,1500.0,0.3
2,Zprime_1500GeV_045,0.8635222796597148,1500.0,0.45
3,Zprime_1500GeV_060,0.8434608302412024,1500.0,0.6
4,Zprime_1500GeV_075,0.8113190501026509,1500.0,0.75
5,Zprime_2000GeV_015,0.8862760789665527,2000.0,0.15
6,Zprime_2000GeV_030,0.8713664034132911,2000.0,0.3
7,Zprime_2000GeV_045,0.8545070962464253,2000.0,0.45
8,Zprime_2000GeV_060,0.8301529212542192,2000.0,0.6
9,Zprime_2000GeV_075,0.809014135687477,2000.0,0.75
10,Zprime_2500GeV_015,0.8804885959873808,2500.0,0.15
11,Zprime_2500GeV_030,0.866330192494364,2500.0,0.3
12,Zprime_2500GeV_045,0.8484853647735887,2500.0,0.45
13,Zprime_2500GeV_060,0.8266635954526556,2500.0,0.6
14,Zprime_2500GeV_075,0.7932972974408343,2500.0,0.75
15,Zprime_3000GeV_015,0.8863006191079114,3000.0,0.15
16,Zprime_3000GeV_030,0.8670837584912293,3000.0,0.3
17,Zprime_3000GeV_045,0.8442802050834773,3000.0,0.45
18,Zprime_3000GeV_060,0.8179583671104362,3000.0,0.6
19,Zprime_3000GeV_075,0.7892690114191978,3000.0,0.75
20,Zprime_3500GeV_015,0.882838080643016,3500.0,0.15
21,Zprime_3500GeV_030,0.8727086437950429,3500.0,0.3
22,Zprime_3500GeV_045,0.8472468542568528,3500.0,0.45
23,Zprime_3500GeV_060,0.8198822514929109,3500.0,0.6
24,Zprime_3500GeV_075,0.7861485420829841,3500.0,0.75
25,Zprime_4000GeV_015,0.8876061090863773,4000.0,0.15
26,Zprime_4000GeV_030,0.8770622564325121,4000.0,0.3
27,Zprime_4000GeV_045,0.8474038082206344,4000.0,0.45
28,Zprime_4000GeV_060,0.820243455312728,4000.0,0.6
29,Zprime_4000GeV_075,0.7781271911493056,4000.0,0.75
