,name,auc,mass,nu
0,Zprime_1500GeV_015,0.882137889026221,1500.0,0.15
1,Zprime_1500GeV_030,0.8725024252530663,1500.0,0.3
2,Zprime_1500GeV_045,0.8543003609326507,1500.0,0.45
3,Zprime_1500GeV_060,0.8374921066310336,1500.0,0.6
4,Zprime_1500GeV_075,0.8003205941225666,1500.0,0.75
5,Zprime_2000GeV_015,0.8868205885862681,2000.0,0.15
6,Zprime_2000GeV_030,0.8713048171389421,2000.0,0.3
7,Zprime_2000GeV_045,0.8500777728147694,2000.0,0.45
8,Zprime_2000GeV_060,0.8239818989631482,2000.0,0.6
9,Zprime_2000GeV_075,0.7962064936599156,2000.0,0.75
10,Zprime_2500GeV_015,0.8843505696594383,2500.0,0.15
11,Zprime_2500GeV_030,0.8680511364111647,2500.0,0.3
12,Zprime_2500GeV_045,0.8487549233755153,2500.0,0.45
13,Zprime_2500GeV_060,0.8230016996327988,2500.0,0.6
14,Zprime_2500GeV_075,0.7837207113197742,2500.0,0.75
15,Zprime_3000GeV_015,0.8875896460105906,3000.0,0.15
16,Zprime_3000GeV_030,0.8675867328909829,3000.0,0.3
17,Zprime_3000GeV_045,0.8432027096820451,3000.0,0.45
18,Zprime_3000GeV_060,0.8151159914568606,3000.0,0.6
19,Zprime_3000GeV_075,0.7784168250909324,3000.0,0.75
20,Zprime_3500GeV_015,0.884775788866681,3500.0,0.15
21,Zprime_3500GeV_030,0.8704693635081562,3500.0,0.3
22,Zprime_3500GeV_045,0.8435358405542561,3500.0,0.45
23,Zprime_3500GeV_060,0.8146287448376806,3500.0,0.6
24,Zprime_3500GeV_075,0.777064977760588,3500.0,0.75
25,Zprime_4000GeV_015,0.8872216628343634,4000.0,0.15
26,Zprime_4000GeV_030,0.8760529276672087,4000.0,0.3
27,Zprime_4000GeV_045,0.84373724156664,4000.0,0.45
28,Zprime_4000GeV_060,0.8138854341011419,4000.0,0.6
29,Zprime_4000GeV_075,0.7692454446459684,4000.0,0.75
