,name,auc,mass,nu
0,Zprime_1500GeV_015,0.8863874805329237,1500.0,0.15
1,Zprime_1500GeV_030,0.8820776176089224,1500.0,0.3
2,Zprime_1500GeV_045,0.8586569312477494,1500.0,0.45
3,Zprime_1500GeV_060,0.8425088829371072,1500.0,0.6
4,Zprime_1500GeV_075,0.8095047639139691,1500.0,0.75
5,Zprime_2000GeV_015,0.8866296632999878,2000.0,0.15
6,Zprime_2000GeV_030,0.8738652257475308,2000.0,0.3
7,Zprime_2000GeV_045,0.8539333648607972,2000.0,0.45
8,Zprime_2000GeV_060,0.8291332853731113,2000.0,0.6
9,Zprime_2000GeV_075,0.8068928713932862,2000.0,0.75
10,Zprime_2500GeV_015,0.882079304153666,2500.0,0.15
11,Zprime_2500GeV_030,0.8666775725190887,2500.0,0.3
12,Zprime_2500GeV_045,0.8494908416323643,2500.0,0.45
13,Zprime_2500GeV_060,0.8270755058618691,2500.0,0.6
14,Zprime_2500GeV_075,0.7931043989817541,2500.0,0.75
15,Zprime_3000GeV_015,0.8859381952109519,3000.0,0.15
16,Zprime_3000GeV_030,0.8665614515184061,3000.0,0.3
17,Zprime_3000GeV_045,0.8450053182620234,3000.0,0.45
18,Zprime_3000GeV_060,0.8191611921203785,3000.0,0.6
19,Zprime_3000GeV_075,0.7892268714496482,3000.0,0.75
20,Zprime_3500GeV_015,0.8812936567381455,3500.0,0.15
21,Zprime_3500GeV_030,0.8689768847357726,3500.0,0.3
22,Zprime_3500GeV_045,0.8462593255646317,3500.0,0.45
23,Zprime_3500GeV_060,0.8206213114957844,3500.0,0.6
24,Zprime_3500GeV_075,0.786941543651561,3500.0,0.75
25,Zprime_4000GeV_015,0.8883085834604159,4000.0,0.15
26,Zprime_4000GeV_030,0.8760928476162202,4000.0,0.3
27,Zprime_4000GeV_045,0.8460544043716673,4000.0,0.45
28,Zprime_4000GeV_060,0.8203454903802615,4000.0,0.6
29,Zprime_4000GeV_075,0.7787270813046108,4000.0,0.75
