,name,auc,mass,nu
0,Zprime_1500GeV_015,0.8837141733394246,1500.0,0.15
1,Zprime_1500GeV_030,0.8814232219830435,1500.0,0.3
2,Zprime_1500GeV_045,0.8613313381940146,1500.0,0.45
3,Zprime_1500GeV_060,0.8474531124720727,1500.0,0.6
4,Zprime_1500GeV_075,0.8090014854180394,1500.0,0.75
5,Zprime_2000GeV_015,0.8886992054486647,2000.0,0.15
6,Zprime_2000GeV_030,0.8757302564533704,2000.0,0.3
7,Zprime_2000GeV_045,0.8559736367271754,2000.0,0.45
8,Zprime_2000GeV_060,0.8340433365263115,2000.0,0.6
9,Zprime_2000GeV_075,0.8084105631473009,2000.0,0.75
10,Zprime_2500GeV_015,0.8847209634480854,2500.0,0.15
11,Zprime_2500GeV_030,0.8690757878757691,2500.0,0.3
12,Zprime_2500GeV_045,0.8514052283409698,2500.0,0.45
13,Zprime_2500GeV_060,0.8301800119491011,2500.0,0.6
14,Zprime_2500GeV_075,0.7939339382253998,2500.0,0.75
15,Zprime_3000GeV_015,0.8869362111019308,3000.0,0.15
16,Zprime_3000GeV_030,0.8676351676120985,3000.0,0.3
17,Zprime_3000GeV_045,0.8481442484861952,3000.0,0.45
18,Zprime_3000GeV_060,0.8201003059304566,3000.0,0.6
19,Zprime_3000GeV_075,0.7889076590215004,3000.0,0.75
20,Zprime_3500GeV_015,0.8812158056501875,3500.0,0.15
21,Zprime_3500GeV_030,0.8713975568020469,3500.0,0.3
22,Zprime_3500GeV_045,0.8488335211957998,3500.0,0.45
23,Zprime_3500GeV_060,0.8213384140668956,3500.0,0.6
24,Zprime_3500GeV_075,0.7880410515911386,3500.0,0.75
25,Zprime_4000GeV_015,0.8866646069821262,4000.0,0.15
26,Zprime_4000GeV_030,0.8752140885775341,4000.0,0.3
27,Zprime_4000GeV_045,0.8496603830663094,4000.0,0.45
28,Zprime_4000GeV_060,0.8192570509030654,4000.0,0.6
29,Zprime_4000GeV_075,0.7793576975410412,4000.0,0.75
