,name,auc,mass,nu
0,Zprime_1500GeV_015,0.8846763163573887,1500.0,0.15
1,Zprime_1500GeV_030,0.8775778220910436,1500.0,0.3
2,Zprime_1500GeV_045,0.8586810358867009,1500.0,0.45
3,Zprime_1500GeV_060,0.8368905505297424,1500.0,0.6
4,Zprime_1500GeV_075,0.8042106424914393,1500.0,0.75
5,Zprime_2000GeV_015,0.8827412154373451,2000.0,0.15
6,Zprime_2000GeV_030,0.8677314478666001,2000.0,0.3
7,Zprime_2000GeV_045,0.8498474492893674,2000.0,0.45
8,Zprime_2000GeV_060,0.8279777240751974,2000.0,0.6
9,Zprime_2000GeV_075,0.8058941853858245,2000.0,0.75
10,Zprime_2500GeV_015,0.8787263673173485,2500.0,0.15
11,Zprime_2500GeV_030,0.8627455686781491,2500.0,0.3
12,Zprime_2500GeV_045,0.8472208628449542,2500.0,0.45
13,Zprime_2500GeV_060,0.8253917015157887,2500.0,0.6
14,Zprime_2500GeV_075,0.7911437388327738,2500.0,0.75
15,Zprime_3000GeV_015,0.8832051290233196,3000.0,0.15
16,Zprime_3000GeV_030,0.8648251375567746,3000.0,0.3
17,Zprime_3000GeV_045,0.8442022023952712,3000.0,0.45
18,Zprime_3000GeV_060,0.8167154837053336,3000.0,0.6
19,Zprime_3000GeV_075,0.7868798241036221,3000.0,0.75
20,Zprime_3500GeV_015,0.8786470240435709,3500.0,0.15
21,Zprime_3500GeV_030,0.8680500264966207,3500.0,0.3
22,Zprime_3500GeV_045,0.8445209514541143,3500.0,0.45
23,Zprime_3500GeV_060,0.8185956329778642,3500.0,0.6
24,Zprime_3500GeV_075,0.784597627796042,3500.0,0.75
25,Zprime_4000GeV_015,0.8845170404532405,4000.0,0.15
26,Zprime_4000GeV_030,0.8744218180329749,4000.0,0.3
27,Zprime_4000GeV_045,0.8449229303077881,4000.0,0.45
28,Zprime_4000GeV_060,0.8186102542196411,4000.0,0.6
29,Zprime_4000GeV_075,0.7781188024414429,4000.0,0.75
