,name,auc,mass,nu
0,Zprime_1500GeV_015,0.8697923527438884,1500.0,0.15
1,Zprime_1500GeV_030,0.8637413306449483,1500.0,0.3
2,Zprime_1500GeV_045,0.8418848795388513,1500.0,0.45
3,Zprime_1500GeV_060,0.8201154302131322,1500.0,0.6
4,Zprime_1500GeV_075,0.7790084171828515,1500.0,0.75
5,Zprime_2000GeV_015,0.8698374551115374,2000.0,0.15
6,Zprime_2000GeV_030,0.8541148139165218,2000.0,0.3
7,Zprime_2000GeV_045,0.8288223959845649,2000.0,0.45
8,Zprime_2000GeV_060,0.804526586947372,2000.0,0.6
9,Zprime_2000GeV_075,0.7798353959833878,2000.0,0.75
10,Zprime_2500GeV_015,0.8670080119370273,2500.0,0.15
11,Zprime_2500GeV_030,0.848997700880021,2500.0,0.3
12,Zprime_2500GeV_045,0.82847201634552,2500.0,0.45
13,Zprime_2500GeV_060,0.8011994595070316,2500.0,0.6
14,Zprime_2500GeV_075,0.7658643402229163,2500.0,0.75
15,Zprime_3000GeV_015,0.8714865227370101,3000.0,0.15
16,Zprime_3000GeV_030,0.8488484966256573,3000.0,0.3
17,Zprime_3000GeV_045,0.8267777105565635,3000.0,0.45
18,Zprime_3000GeV_060,0.7935950658049026,3000.0,0.6
19,Zprime_3000GeV_075,0.7616816658620782,3000.0,0.75
20,Zprime_3500GeV_015,0.8658442568293272,3500.0,0.15
21,Zprime_3500GeV_030,0.8525636234037681,3500.0,0.3
22,Zprime_3500GeV_045,0.8245395342342474,3500.0,0.45
23,Zprime_3500GeV_060,0.7977853847670225,3500.0,0.6
24,Zprime_3500GeV_075,0.7576919680268163,3500.0,0.75
25,Zprime_4000GeV_015,0.872054292495012,4000.0,0.15
26,Zprime_4000GeV_030,0.85857073266432,4000.0,0.3
27,Zprime_4000GeV_045,0.826378540534811,4000.0,0.45
28,Zprime_4000GeV_060,0.7983125292560405,4000.0,0.6
29,Zprime_4000GeV_075,0.7517300316493964,4000.0,0.75
