,name,auc,mass,nu
0,Zprime_1500GeV_015,0.8682426940658465,1500.0,0.15
1,Zprime_1500GeV_030,0.8596479895761673,1500.0,0.3
2,Zprime_1500GeV_045,0.8440533636074419,1500.0,0.45
3,Zprime_1500GeV_060,0.8229090737793116,1500.0,0.6
4,Zprime_1500GeV_075,0.7775418354610001,1500.0,0.75
5,Zprime_2000GeV_015,0.8705034719623176,2000.0,0.15
6,Zprime_2000GeV_030,0.8572850606171247,2000.0,0.3
7,Zprime_2000GeV_045,0.836613938980096,2000.0,0.45
8,Zprime_2000GeV_060,0.8112984369581236,2000.0,0.6
9,Zprime_2000GeV_075,0.7856363017705852,2000.0,0.75
10,Zprime_2500GeV_015,0.8686444734363379,2500.0,0.15
11,Zprime_2500GeV_030,0.8527510912958118,2500.0,0.3
12,Zprime_2500GeV_045,0.8334989383197866,2500.0,0.45
13,Zprime_2500GeV_060,0.8091119998203492,2500.0,0.6
14,Zprime_2500GeV_075,0.7737519200089462,2500.0,0.75
15,Zprime_3000GeV_015,0.8718826783177931,3000.0,0.15
16,Zprime_3000GeV_030,0.8499218197194282,3000.0,0.3
17,Zprime_3000GeV_045,0.8293311434373905,3000.0,0.45
18,Zprime_3000GeV_060,0.8018490899426229,3000.0,0.6
19,Zprime_3000GeV_075,0.7702590494181382,3000.0,0.75
20,Zprime_3500GeV_015,0.8644633250779046,3500.0,0.15
21,Zprime_3500GeV_030,0.8528323628960969,3500.0,0.3
22,Zprime_3500GeV_045,0.8268257707949951,3500.0,0.45
23,Zprime_3500GeV_060,0.8023538024176187,3500.0,0.6
24,Zprime_3500GeV_075,0.7657355336384538,3500.0,0.75
25,Zprime_4000GeV_015,0.8695059439204009,4000.0,0.15
26,Zprime_4000GeV_030,0.8589530694988816,4000.0,0.3
27,Zprime_4000GeV_045,0.8289541289137061,4000.0,0.45
28,Zprime_4000GeV_060,0.8020353969266529,4000.0,0.6
29,Zprime_4000GeV_075,0.7584287075071885,4000.0,0.75
