,name,auc,mass,nu
0,Zprime_1500GeV_015,0.8788698258683462,1500.0,0.15
1,Zprime_1500GeV_030,0.873677735120095,1500.0,0.3
2,Zprime_1500GeV_045,0.8567576064961068,1500.0,0.45
3,Zprime_1500GeV_060,0.8365955126210901,1500.0,0.6
4,Zprime_1500GeV_075,0.8053656575702602,1500.0,0.75
5,Zprime_2000GeV_015,0.8789139598239332,2000.0,0.15
6,Zprime_2000GeV_030,0.8646377466670236,2000.0,0.3
7,Zprime_2000GeV_045,0.844773562263033,2000.0,0.45
8,Zprime_2000GeV_060,0.8218288353400951,2000.0,0.6
9,Zprime_2000GeV_075,0.8008289041730166,2000.0,0.75
10,Zprime_2500GeV_015,0.8750481436007933,2500.0,0.15
11,Zprime_2500GeV_030,0.8596551422191633,2500.0,0.3
12,Zprime_2500GeV_045,0.8424444760713088,2500.0,0.45
13,Zprime_2500GeV_060,0.820019002864165,2500.0,0.6
14,Zprime_2500GeV_075,0.7867503876868841,2500.0,0.75
15,Zprime_3000GeV_015,0.8802228721858429,3000.0,0.15
16,Zprime_3000GeV_030,0.8610950291848292,3000.0,0.3
17,Zprime_3000GeV_045,0.8395795769440344,3000.0,0.45
18,Zprime_3000GeV_060,0.8130176942787906,3000.0,0.6
19,Zprime_3000GeV_075,0.7815142639695185,3000.0,0.75
20,Zprime_3500GeV_015,0.8763084727885373,3500.0,0.15
21,Zprime_3500GeV_030,0.866004884248576,3500.0,0.3
22,Zprime_3500GeV_045,0.8411355771859939,3500.0,0.45
23,Zprime_3500GeV_060,0.8151305235544,3500.0,0.6
24,Zprime_3500GeV_075,0.7797270353896731,3500.0,0.75
25,Zprime_4000GeV_015,0.8805300846990638,4000.0,0.15
26,Zprime_4000GeV_030,0.8700368939393252,4000.0,0.3
27,Zprime_4000GeV_045,0.8424760001871117,4000.0,0.45
28,Zprime_4000GeV_060,0.8145331524026387,4000.0,0.6
29,Zprime_4000GeV_075,0.7733852441068004,4000.0,0.75
