,name,auc,mass,nu
0,Zprime_1500GeV_015,0.8875371707880346,1500.0,0.15
1,Zprime_1500GeV_030,0.880997349658087,1500.0,0.3
2,Zprime_1500GeV_045,0.8611735873336327,1500.0,0.45
3,Zprime_1500GeV_060,0.844303634000354,1500.0,0.6
4,Zprime_1500GeV_075,0.8072093842254353,1500.0,0.75
5,Zprime_2000GeV_015,0.8870944213381325,2000.0,0.15
6,Zprime_2000GeV_030,0.8712130990737209,2000.0,0.3
7,Zprime_2000GeV_045,0.85327553805382,2000.0,0.45
8,Zprime_2000GeV_060,0.8300876781698955,2000.0,0.6
9,Zprime_2000GeV_075,0.8062873495783175,2000.0,0.75
10,Zprime_2500GeV_015,0.8805912046203908,2500.0,0.15
11,Zprime_2500GeV_030,0.8652913144656422,2500.0,0.3
12,Zprime_2500GeV_045,0.8495043697346458,2500.0,0.45
13,Zprime_2500GeV_060,0.8262842358422012,2500.0,0.6
14,Zprime_2500GeV_075,0.7936939735177702,2500.0,0.75
15,Zprime_3000GeV_015,0.8860215803291398,3000.0,0.15
16,Zprime_3000GeV_030,0.8666972178759622,3000.0,0.3
17,Zprime_3000GeV_045,0.8449026580311312,3000.0,0.45
18,Zprime_3000GeV_060,0.8187410852336425,3000.0,0.6
19,Zprime_3000GeV_075,0.7905241003278412,3000.0,0.75
20,Zprime_3500GeV_015,0.881952603634453,3500.0,0.15
21,Zprime_3500GeV_030,0.8698759246501289,3500.0,0.3
22,Zprime_3500GeV_045,0.8469692265991828,3500.0,0.45
23,Zprime_3500GeV_060,0.8198322146443602,3500.0,0.6
24,Zprime_3500GeV_075,0.7868054857216529,3500.0,0.75
25,Zprime_4000GeV_015,0.88815715576315,4000.0,0.15
26,Zprime_4000GeV_030,0.8758755435014521,4000.0,0.3
27,Zprime_4000GeV_045,0.8464366417747083,4000.0,0.45
28,Zprime_4000GeV_060,0.8202745513891764,4000.0,0.6
29,Zprime_4000GeV_075,0.7786486287709438,4000.0,0.75
