,name,auc,mass,nu
0,Zprime_1500GeV_015,0.8795053377391753,1500.0,0.15
1,Zprime_1500GeV_030,0.86549461953116,1500.0,0.3
2,Zprime_1500GeV_045,0.8528041162596937,1500.0,0.45
3,Zprime_1500GeV_060,0.8289532546551204,1500.0,0.6
4,Zprime_1500GeV_075,0.7967816686633162,1500.0,0.75
5,Zprime_2000GeV_015,0.8735628223829512,2000.0,0.15
6,Zprime_2000GeV_030,0.8611262026070493,2000.0,0.3
7,Zprime_2000GeV_045,0.8394491859239952,2000.0,0.45
8,Zprime_2000GeV_060,0.8176054404531613,2000.0,0.6
9,Zprime_2000GeV_075,0.7960054690304208,2000.0,0.75
10,Zprime_2500GeV_015,0.8684169094216598,2500.0,0.15
11,Zprime_2500GeV_030,0.8545450797435585,2500.0,0.3
12,Zprime_2500GeV_045,0.8363443264005881,2500.0,0.45
13,Zprime_2500GeV_060,0.8119898203717709,2500.0,0.6
14,Zprime_2500GeV_075,0.7785084562224412,2500.0,0.75
15,Zprime_3000GeV_015,0.8734265027011651,3000.0,0.15
16,Zprime_3000GeV_030,0.8522520674088379,3000.0,0.3
17,Zprime_3000GeV_045,0.8315584863400236,3000.0,0.45
18,Zprime_3000GeV_060,0.8043723262370253,3000.0,0.6
19,Zprime_3000GeV_075,0.7749171783369988,3000.0,0.75
20,Zprime_3500GeV_015,0.8668336813505796,3500.0,0.15
21,Zprime_3500GeV_030,0.8550686849827465,3500.0,0.3
22,Zprime_3500GeV_045,0.8291769343798878,3500.0,0.45
23,Zprime_3500GeV_060,0.806152945532139,3500.0,0.6
24,Zprime_3500GeV_075,0.7681132598465803,3500.0,0.75
25,Zprime_4000GeV_015,0.8717995809930591,4000.0,0.15
26,Zprime_4000GeV_030,0.8608466048012434,4000.0,0.3
27,Zprime_4000GeV_045,0.8317652096857662,4000.0,0.45
28,Zprime_4000GeV_060,0.8048419031611174,4000.0,0.6
29,Zprime_4000GeV_075,0.7627700728471488,4000.0,0.75
