,name,auc,mass,nu
0,Zprime_1500GeV_015,0.8709492833032978,1500.0,0.15
1,Zprime_1500GeV_030,0.8625078331975403,1500.0,0.3
2,Zprime_1500GeV_045,0.847756253451658,1500.0,0.45
3,Zprime_1500GeV_060,0.8278435477677908,1500.0,0.6
4,Zprime_1500GeV_075,0.7951265144748031,1500.0,0.75
5,Zprime_2000GeV_015,0.871840746482095,2000.0,0.15
6,Zprime_2000GeV_030,0.8547955227316159,2000.0,0.3
7,Zprime_2000GeV_045,0.8361919976907749,2000.0,0.45
8,Zprime_2000GeV_060,0.817062673220877,2000.0,0.6
9,Zprime_2000GeV_075,0.7925494954868848,2000.0,0.75
10,Zprime_2500GeV_015,0.8688054481989587,2500.0,0.15
11,Zprime_2500GeV_030,0.8530265242529438,2500.0,0.3
12,Zprime_2500GeV_045,0.8370923963081467,2500.0,0.45
13,Zprime_2500GeV_060,0.8136894459031379,2500.0,0.6
14,Zprime_2500GeV_075,0.7808952867555224,2500.0,0.75
15,Zprime_3000GeV_015,0.875137715721374,3000.0,0.15
16,Zprime_3000GeV_030,0.8567478051281874,3000.0,0.3
17,Zprime_3000GeV_045,0.8355660622483563,3000.0,0.45
18,Zprime_3000GeV_060,0.806722305576667,3000.0,0.6
19,Zprime_3000GeV_075,0.7772896348757297,3000.0,0.75
20,Zprime_3500GeV_015,0.8734624531846694,3500.0,0.15
21,Zprime_3500GeV_030,0.8628340449245357,3500.0,0.3
22,Zprime_3500GeV_045,0.8343168354713499,3500.0,0.45
23,Zprime_3500GeV_060,0.8075956516008239,3500.0,0.6
24,Zprime_3500GeV_075,0.7751042136702551,3500.0,0.75
25,Zprime_4000GeV_015,0.8764165485713898,4000.0,0.15
26,Zprime_4000GeV_030,0.8658309239501989,4000.0,0.3
27,Zprime_4000GeV_045,0.8369851556005294,4000.0,0.45
28,Zprime_4000GeV_060,0.8096068136657733,4000.0,0.6
29,Zprime_4000GeV_075,0.7677538153362246,4000.0,0.75
