,name,auc,mass,nu
0,Zprime_1500GeV_015,0.8646534883786111,1500.0,0.15
1,Zprime_1500GeV_030,0.8547032340934573,1500.0,0.3
2,Zprime_1500GeV_045,0.8334097104467308,1500.0,0.45
3,Zprime_1500GeV_060,0.8130880950640815,1500.0,0.6
4,Zprime_1500GeV_075,0.7732807116388628,1500.0,0.75
5,Zprime_2000GeV_015,0.8680566934397284,2000.0,0.15
6,Zprime_2000GeV_030,0.8550259699172597,2000.0,0.3
7,Zprime_2000GeV_045,0.831602555435949,2000.0,0.45
8,Zprime_2000GeV_060,0.8074579233011896,2000.0,0.6
9,Zprime_2000GeV_075,0.779911803022065,2000.0,0.75
10,Zprime_2500GeV_015,0.8680854739910003,2500.0,0.15
11,Zprime_2500GeV_030,0.8499023647037821,2500.0,0.3
12,Zprime_2500GeV_045,0.8323807552947022,2500.0,0.45
13,Zprime_2500GeV_060,0.8049828957507437,2500.0,0.6
14,Zprime_2500GeV_075,0.7673116883324504,2500.0,0.75
15,Zprime_3000GeV_015,0.8699889382174568,3000.0,0.15
16,Zprime_3000GeV_030,0.8492373045481649,3000.0,0.3
17,Zprime_3000GeV_045,0.8274543496236019,3000.0,0.45
18,Zprime_3000GeV_060,0.7983251395210804,3000.0,0.6
19,Zprime_3000GeV_075,0.7656448198989082,3000.0,0.75
20,Zprime_3500GeV_015,0.8641101347997187,3500.0,0.15
21,Zprime_3500GeV_030,0.8514081967667195,3500.0,0.3
22,Zprime_3500GeV_045,0.8248955541596834,3500.0,0.45
23,Zprime_3500GeV_060,0.8010346760961842,3500.0,0.6
24,Zprime_3500GeV_075,0.7606707814950902,3500.0,0.75
25,Zprime_4000GeV_015,0.8707851229168913,4000.0,0.15
26,Zprime_4000GeV_030,0.8577002110754299,4000.0,0.3
27,Zprime_4000GeV_045,0.8281533742563372,4000.0,0.45
28,Zprime_4000GeV_060,0.7979789120472738,4000.0,0.6
29,Zprime_4000GeV_075,0.7543330393383857,4000.0,0.75
