,name,auc,mass,nu
0,Zprime_1500GeV_015,0.8878012083367199,1500.0,0.15
1,Zprime_1500GeV_030,0.8810717188016819,1500.0,0.3
2,Zprime_1500GeV_045,0.8564719198526793,1500.0,0.45
3,Zprime_1500GeV_060,0.8425767944761832,1500.0,0.6
4,Zprime_1500GeV_075,0.8108296546703045,1500.0,0.75
5,Zprime_2000GeV_015,0.883686146355044,2000.0,0.15
6,Zprime_2000GeV_030,0.8693974773367716,2000.0,0.3
7,Zprime_2000GeV_045,0.850029740020122,2000.0,0.45
8,Zprime_2000GeV_060,0.8260492316671466,2000.0,0.6
9,Zprime_2000GeV_075,0.8021117309804953,2000.0,0.75
10,Zprime_2500GeV_015,0.8796314895619562,2500.0,0.15
11,Zprime_2500GeV_030,0.8637151952520317,2500.0,0.3
12,Zprime_2500GeV_045,0.8478176334058702,2500.0,0.45
13,Zprime_2500GeV_060,0.8243476413679592,2500.0,0.6
14,Zprime_2500GeV_075,0.7871470231193911,2500.0,0.75
15,Zprime_3000GeV_015,0.8819871851923202,3000.0,0.15
16,Zprime_3000GeV_030,0.8628243598401603,3000.0,0.3
17,Zprime_3000GeV_045,0.8421271182832386,3000.0,0.45
18,Zprime_3000GeV_060,0.8142623541497296,3000.0,0.6
19,Zprime_3000GeV_075,0.78452680764818,3000.0,0.75
20,Zprime_3500GeV_015,0.875421084801111,3500.0,0.15
21,Zprime_3500GeV_030,0.8637674379053042,3500.0,0.3
22,Zprime_3500GeV_045,0.838443848948385,3500.0,0.45
23,Zprime_3500GeV_060,0.8150517021734549,3500.0,0.6
24,Zprime_3500GeV_075,0.7800559315842627,3500.0,0.75
25,Zprime_4000GeV_015,0.8776741755983986,4000.0,0.15
26,Zprime_4000GeV_030,0.8679515045536547,4000.0,0.3
27,Zprime_4000GeV_045,0.8383321970052442,4000.0,0.45
28,Zprime_4000GeV_060,0.8121409646927946,4000.0,0.6
29,Zprime_4000GeV_075,0.7716864332214681,4000.0,0.75
