,name,auc,mass,nu
0,Zprime_1500GeV_015,0.8772955267998696,1500.0,0.15
1,Zprime_1500GeV_030,0.8735562082779859,1500.0,0.3
2,Zprime_1500GeV_045,0.8548224267803747,1500.0,0.45
3,Zprime_1500GeV_060,0.8362900184913419,1500.0,0.6
4,Zprime_1500GeV_075,0.7957194398888462,1500.0,0.75
5,Zprime_2000GeV_015,0.8832375892810412,2000.0,0.15
6,Zprime_2000GeV_030,0.8685285962983619,2000.0,0.3
7,Zprime_2000GeV_045,0.8506943933406694,2000.0,0.45
8,Zprime_2000GeV_060,0.8272711099522259,2000.0,0.6
9,Zprime_2000GeV_075,0.8007317124252125,2000.0,0.75
10,Zprime_2500GeV_015,0.8762826718034271,2500.0,0.15
11,Zprime_2500GeV_030,0.8622482660559471,2500.0,0.3
12,Zprime_2500GeV_045,0.8451363109973595,2500.0,0.45
13,Zprime_2500GeV_060,0.8238742485391203,2500.0,0.6
14,Zprime_2500GeV_075,0.7874145041053177,2500.0,0.75
15,Zprime_3000GeV_015,0.8812573489680141,3000.0,0.15
16,Zprime_3000GeV_030,0.8621526373201935,3000.0,0.3
17,Zprime_3000GeV_045,0.8421597461793471,3000.0,0.45
18,Zprime_3000GeV_060,0.8146559838135708,3000.0,0.6
19,Zprime_3000GeV_075,0.7840831830046049,3000.0,0.75
20,Zprime_3500GeV_015,0.8797947068271168,3500.0,0.15
21,Zprime_3500GeV_030,0.8687809268065233,3500.0,0.3
22,Zprime_3500GeV_045,0.8442220565228523,3500.0,0.45
23,Zprime_3500GeV_060,0.8179814311561433,3500.0,0.6
24,Zprime_3500GeV_075,0.782299437031307,3500.0,0.75
25,Zprime_4000GeV_015,0.8827278040530883,4000.0,0.15
26,Zprime_4000GeV_030,0.8749025597643534,4000.0,0.3
27,Zprime_4000GeV_045,0.8461690019086271,4000.0,0.45
28,Zprime_4000GeV_060,0.8162127501388785,4000.0,0.6
29,Zprime_4000GeV_075,0.7740370411338479,4000.0,0.75
