,name,auc,mass,nu
0,Zprime_1500GeV_015,0.8807069946944919,1500.0,0.15
1,Zprime_1500GeV_030,0.877503320853055,1500.0,0.3
2,Zprime_1500GeV_045,0.85828443495926,1500.0,0.45
3,Zprime_1500GeV_060,0.8393161243337394,1500.0,0.6
4,Zprime_1500GeV_075,0.8069859994536073,1500.0,0.75
5,Zprime_2000GeV_015,0.8822966573355038,2000.0,0.15
6,Zprime_2000GeV_030,0.8675433865787935,2000.0,0.3
7,Zprime_2000GeV_045,0.8490608980155001,2000.0,0.45
8,Zprime_2000GeV_060,0.8248393755151769,2000.0,0.6
9,Zprime_2000GeV_075,0.8032890476233218,2000.0,0.75
10,Zprime_2500GeV_015,0.882813033676137,2500.0,0.15
11,Zprime_2500GeV_030,0.8663246798904224,2500.0,0.3
12,Zprime_2500GeV_045,0.846737003341993,2500.0,0.45
13,Zprime_2500GeV_060,0.8230559291617875,2500.0,0.6
14,Zprime_2500GeV_075,0.7878468388944532,2500.0,0.75
15,Zprime_3000GeV_015,0.8889164448134398,3000.0,0.15
16,Zprime_3000GeV_030,0.8676789619110623,3000.0,0.3
17,Zprime_3000GeV_045,0.8439472692000618,3000.0,0.45
18,Zprime_3000GeV_060,0.8140809727437028,3000.0,0.6
19,Zprime_3000GeV_075,0.7812678034355215,3000.0,0.75
20,Zprime_3500GeV_015,0.8832866251149265,3500.0,0.15
21,Zprime_3500GeV_030,0.8721998755138749,3500.0,0.3
22,Zprime_3500GeV_045,0.8458488123190165,3500.0,0.45
23,Zprime_3500GeV_060,0.8161526314591505,3500.0,0.6
24,Zprime_3500GeV_075,0.7821327596209631,3500.0,0.75
25,Zprime_4000GeV_015,0.887522333074181,4000.0,0.15
26,Zprime_4000GeV_030,0.8765168824027342,4000.0,0.3
27,Zprime_4000GeV_045,0.8448310304667344,4000.0,0.45
28,Zprime_4000GeV_060,0.817467200338145,4000.0,0.6
29,Zprime_4000GeV_075,0.7755760624625976,4000.0,0.75
