,name,auc,mass,nu
0,Zprime_1500GeV_015,0.8704355720354225,1500.0,0.15
1,Zprime_1500GeV_030,0.8604808447277956,1500.0,0.3
2,Zprime_1500GeV_045,0.8413819216964921,1500.0,0.45
3,Zprime_1500GeV_060,0.819130066119968,1500.0,0.6
4,Zprime_1500GeV_075,0.778860377680722,1500.0,0.75
5,Zprime_2000GeV_015,0.8688871694447902,2000.0,0.15
6,Zprime_2000GeV_030,0.8541583689039509,2000.0,0.3
7,Zprime_2000GeV_045,0.829916435107143,2000.0,0.45
8,Zprime_2000GeV_060,0.8070054057479685,2000.0,0.6
9,Zprime_2000GeV_075,0.7851613813667281,2000.0,0.75
10,Zprime_2500GeV_015,0.8654752038733041,2500.0,0.15
11,Zprime_2500GeV_030,0.8496640887201917,2500.0,0.3
12,Zprime_2500GeV_045,0.830504940751903,2500.0,0.45
13,Zprime_2500GeV_060,0.8048205487327753,2500.0,0.6
14,Zprime_2500GeV_075,0.7703862496970973,2500.0,0.75
15,Zprime_3000GeV_015,0.871112266777893,3000.0,0.15
16,Zprime_3000GeV_030,0.8481168265022541,3000.0,0.3
17,Zprime_3000GeV_045,0.8275870345112808,3000.0,0.45
18,Zprime_3000GeV_060,0.798038473714878,3000.0,0.6
19,Zprime_3000GeV_075,0.7633830995147903,3000.0,0.75
20,Zprime_3500GeV_015,0.8662673621558608,3500.0,0.15
21,Zprime_3500GeV_030,0.8527510018496691,3500.0,0.3
22,Zprime_3500GeV_045,0.8238680296022594,3500.0,0.45
23,Zprime_3500GeV_060,0.8006261637455309,3500.0,0.6
24,Zprime_3500GeV_075,0.7599113109435098,3500.0,0.75
25,Zprime_4000GeV_015,0.8699725096963598,4000.0,0.15
26,Zprime_4000GeV_030,0.8573432675275531,4000.0,0.3
27,Zprime_4000GeV_045,0.8275093613182858,4000.0,0.45
28,Zprime_4000GeV_060,0.800253832390885,4000.0,0.6
29,Zprime_4000GeV_075,0.7551188745397394,4000.0,0.75
