,name,auc,mass,nu
0,Zprime_1500GeV_015,0.8846964023628617,1500.0,0.15
1,Zprime_1500GeV_030,0.8803119118497127,1500.0,0.3
2,Zprime_1500GeV_045,0.8593743599779093,1500.0,0.45
3,Zprime_1500GeV_060,0.8410714759247125,1500.0,0.6
4,Zprime_1500GeV_075,0.8052158739646653,1500.0,0.75
5,Zprime_2000GeV_015,0.8841413683826496,2000.0,0.15
6,Zprime_2000GeV_030,0.87040542030213,2000.0,0.3
7,Zprime_2000GeV_045,0.8505450181948455,2000.0,0.45
8,Zprime_2000GeV_060,0.8260926061845145,2000.0,0.6
9,Zprime_2000GeV_075,0.8037479431751039,2000.0,0.75
10,Zprime_2500GeV_015,0.8786918662825882,2500.0,0.15
11,Zprime_2500GeV_030,0.8622464858388943,2500.0,0.3
12,Zprime_2500GeV_045,0.846349563746283,2500.0,0.45
13,Zprime_2500GeV_060,0.8245795521826949,2500.0,0.6
14,Zprime_2500GeV_075,0.7895489191874139,2500.0,0.75
15,Zprime_3000GeV_015,0.8815685445707679,3000.0,0.15
16,Zprime_3000GeV_030,0.8634632467128253,3000.0,0.3
17,Zprime_3000GeV_045,0.8418842469210388,3000.0,0.45
18,Zprime_3000GeV_060,0.8152035960809976,3000.0,0.6
19,Zprime_3000GeV_075,0.7864909468795028,3000.0,0.75
20,Zprime_3500GeV_015,0.8785809066092702,3500.0,0.15
21,Zprime_3500GeV_030,0.866412160263175,3500.0,0.3
22,Zprime_3500GeV_045,0.8446755227797142,3500.0,0.45
23,Zprime_3500GeV_060,0.8183418045395026,3500.0,0.6
24,Zprime_3500GeV_075,0.7848658651883367,3500.0,0.75
25,Zprime_4000GeV_015,0.887043273147476,4000.0,0.15
26,Zprime_4000GeV_030,0.8734804127630045,4000.0,0.3
27,Zprime_4000GeV_045,0.8442812646214221,4000.0,0.45
28,Zprime_4000GeV_060,0.8176604329273589,4000.0,0.6
29,Zprime_4000GeV_075,0.7771300078878937,4000.0,0.75
