,name,auc,mass,nu
0,Zprime_1500GeV_015,0.876863327344901,1500.0,0.15
1,Zprime_1500GeV_030,0.870660567075948,1500.0,0.3
2,Zprime_1500GeV_045,0.8478106124324369,1500.0,0.45
3,Zprime_1500GeV_060,0.828208437545207,1500.0,0.6
4,Zprime_1500GeV_075,0.7854927845742001,1500.0,0.75
5,Zprime_2000GeV_015,0.8777808607460597,2000.0,0.15
6,Zprime_2000GeV_030,0.8636699538223265,2000.0,0.3
7,Zprime_2000GeV_045,0.8424295485734964,2000.0,0.45
8,Zprime_2000GeV_060,0.8182541335566382,2000.0,0.6
9,Zprime_2000GeV_075,0.793985635023409,2000.0,0.75
10,Zprime_2500GeV_015,0.8727332820162387,2500.0,0.15
11,Zprime_2500GeV_030,0.8582160187996585,2500.0,0.3
12,Zprime_2500GeV_045,0.8390008411590121,2500.0,0.45
13,Zprime_2500GeV_060,0.8155602483744404,2500.0,0.6
14,Zprime_2500GeV_075,0.7807716599512586,2500.0,0.75
15,Zprime_3000GeV_015,0.8765844347416588,3000.0,0.15
16,Zprime_3000GeV_030,0.857437001029287,3000.0,0.3
17,Zprime_3000GeV_045,0.8341738111176102,3000.0,0.45
18,Zprime_3000GeV_060,0.805160573837511,3000.0,0.6
19,Zprime_3000GeV_075,0.7736392600134995,3000.0,0.75
20,Zprime_3500GeV_015,0.8699553809561924,3500.0,0.15
21,Zprime_3500GeV_030,0.8586131077557392,3500.0,0.3
22,Zprime_3500GeV_045,0.8321601646836492,3500.0,0.45
23,Zprime_3500GeV_060,0.8082151253149248,3500.0,0.6
24,Zprime_3500GeV_075,0.7707633167880703,3500.0,0.75
25,Zprime_4000GeV_015,0.8718886260476715,4000.0,0.15
26,Zprime_4000GeV_030,0.8634023137946698,4000.0,0.3
27,Zprime_4000GeV_045,0.8345248256352821,4000.0,0.45
28,Zprime_4000GeV_060,0.8046241538244735,4000.0,0.6
29,Zprime_4000GeV_075,0.7634843114023248,4000.0,0.75
