,name,auc,mass,nu
0,Zprime_1500GeV_015,0.8742312431742615,1500.0,0.15
1,Zprime_1500GeV_030,0.8614306034177573,1500.0,0.3
2,Zprime_1500GeV_045,0.8445534662306088,1500.0,0.45
3,Zprime_1500GeV_060,0.8199365964935657,1500.0,0.6
4,Zprime_1500GeV_075,0.788122194958397,1500.0,0.75
5,Zprime_2000GeV_015,0.8658330598423739,2000.0,0.15
6,Zprime_2000GeV_030,0.8516317870920255,2000.0,0.3
7,Zprime_2000GeV_045,0.8309611008523253,2000.0,0.45
8,Zprime_2000GeV_060,0.8114806238778589,2000.0,0.6
9,Zprime_2000GeV_075,0.7871777474778877,2000.0,0.75
10,Zprime_2500GeV_015,0.8600966203357607,2500.0,0.15
11,Zprime_2500GeV_030,0.8465374813725826,2500.0,0.3
12,Zprime_2500GeV_045,0.8289654111904778,2500.0,0.45
13,Zprime_2500GeV_060,0.8054883815305357,2500.0,0.6
14,Zprime_2500GeV_075,0.7727551831333641,2500.0,0.75
15,Zprime_3000GeV_015,0.8675035455372042,3000.0,0.15
16,Zprime_3000GeV_030,0.8439195470311119,3000.0,0.3
17,Zprime_3000GeV_045,0.8245868744238738,3000.0,0.45
18,Zprime_3000GeV_060,0.8000122485197372,3000.0,0.6
19,Zprime_3000GeV_075,0.7676283992135197,3000.0,0.75
20,Zprime_3500GeV_015,0.8595205113029651,3500.0,0.15
21,Zprime_3500GeV_030,0.8484812157306381,3500.0,0.3
22,Zprime_3500GeV_045,0.8239634580069825,3500.0,0.45
23,Zprime_3500GeV_060,0.798423059689565,3500.0,0.6
24,Zprime_3500GeV_075,0.7623341605964888,3500.0,0.75
25,Zprime_4000GeV_015,0.8628769951387709,4000.0,0.15
26,Zprime_4000GeV_030,0.8529825639952437,4000.0,0.3
27,Zprime_4000GeV_045,0.8250093255777707,4000.0,0.45
28,Zprime_4000GeV_060,0.7994122329541233,4000.0,0.6
29,Zprime_4000GeV_075,0.7564630186600816,4000.0,0.75
