,name,auc,mass,nu
0,Zprime_1500GeV_015,0.8792076678092334,1500.0,0.15
1,Zprime_1500GeV_030,0.866814638806374,1500.0,0.3
2,Zprime_1500GeV_045,0.8486348922500677,1500.0,0.45
3,Zprime_1500GeV_060,0.8276543117251751,1500.0,0.6
4,Zprime_1500GeV_075,0.7893723683222814,1500.0,0.75
5,Zprime_2000GeV_015,0.8765755864868647,2000.0,0.15
6,Zprime_2000GeV_030,0.8652181015142167,2000.0,0.3
7,Zprime_2000GeV_045,0.8427657210899527,2000.0,0.45
8,Zprime_2000GeV_060,0.8188070679989422,2000.0,0.6
9,Zprime_2000GeV_075,0.796283943333947,2000.0,0.75
10,Zprime_2500GeV_015,0.8712962425110956,2500.0,0.15
11,Zprime_2500GeV_030,0.8563008491564538,2500.0,0.3
12,Zprime_2500GeV_045,0.8378220522357067,2500.0,0.45
13,Zprime_2500GeV_060,0.813920288406327,2500.0,0.6
14,Zprime_2500GeV_075,0.7793934615632545,2500.0,0.75
15,Zprime_3000GeV_015,0.8718331650541997,3000.0,0.15
16,Zprime_3000GeV_030,0.8531540425367595,3000.0,0.3
17,Zprime_3000GeV_045,0.8326189638321331,3000.0,0.45
18,Zprime_3000GeV_060,0.8056601002668846,3000.0,0.6
19,Zprime_3000GeV_075,0.7744084223982747,3000.0,0.75
20,Zprime_3500GeV_015,0.86492731561464,3500.0,0.15
21,Zprime_3500GeV_030,0.8541542778856854,3500.0,0.3
22,Zprime_3500GeV_045,0.828721264212295,3500.0,0.45
23,Zprime_3500GeV_060,0.8053694171170411,3500.0,0.6
24,Zprime_3500GeV_075,0.7705337136595114,3500.0,0.75
25,Zprime_4000GeV_015,0.8675780383069603,4000.0,0.15
26,Zprime_4000GeV_030,0.8576002362398462,4000.0,0.3
27,Zprime_4000GeV_045,0.8286245489497613,4000.0,0.45
28,Zprime_4000GeV_060,0.8038906482407224,4000.0,0.6
29,Zprime_4000GeV_075,0.7623113972524446,4000.0,0.75
