,name,auc,mass,nu
0,Zprime_1500GeV_015,0.8888460309586069,1500.0,0.15
1,Zprime_1500GeV_030,0.8844951431533362,1500.0,0.3
2,Zprime_1500GeV_045,0.863898180248011,1500.0,0.45
3,Zprime_1500GeV_060,0.8442093124183041,1500.0,0.6
4,Zprime_1500GeV_075,0.8101648024293548,1500.0,0.75
5,Zprime_2000GeV_015,0.8860078857908134,2000.0,0.15
6,Zprime_2000GeV_030,0.8706390078160209,2000.0,0.3
7,Zprime_2000GeV_045,0.8514764855130543,2000.0,0.45
8,Zprime_2000GeV_060,0.8283999492002116,2000.0,0.6
9,Zprime_2000GeV_075,0.8071351027852598,2000.0,0.75
10,Zprime_2500GeV_015,0.8820829045884482,2500.0,0.15
11,Zprime_2500GeV_030,0.8658594110603004,2500.0,0.3
12,Zprime_2500GeV_045,0.8476299053752588,2500.0,0.45
13,Zprime_2500GeV_060,0.8247392683926366,2500.0,0.6
14,Zprime_2500GeV_075,0.7921870135793309,2500.0,0.75
15,Zprime_3000GeV_015,0.8861226517005181,3000.0,0.15
16,Zprime_3000GeV_030,0.8660238276255586,3000.0,0.3
17,Zprime_3000GeV_045,0.8430218625046284,3000.0,0.45
18,Zprime_3000GeV_060,0.8153253961567319,3000.0,0.6
19,Zprime_3000GeV_075,0.7862559388321071,3000.0,0.75
20,Zprime_3500GeV_015,0.881351935507555,3500.0,0.15
21,Zprime_3500GeV_030,0.8696322279740596,3500.0,0.3
22,Zprime_3500GeV_045,0.8422949551200083,3500.0,0.45
23,Zprime_3500GeV_060,0.8183842959920847,3500.0,0.6
24,Zprime_3500GeV_075,0.7829607533466555,3500.0,0.75
25,Zprime_4000GeV_015,0.8866245516864336,4000.0,0.15
26,Zprime_4000GeV_030,0.8736518481848785,4000.0,0.3
27,Zprime_4000GeV_045,0.8443398699507103,4000.0,0.45
28,Zprime_4000GeV_060,0.8176029512668332,4000.0,0.6
29,Zprime_4000GeV_075,0.7736019012992437,4000.0,0.75
