,name,auc,mass,nu
0,Zprime_1500GeV_015,0.890112383536202,1500.0,0.15
1,Zprime_1500GeV_030,0.8835010667943228,1500.0,0.3
2,Zprime_1500GeV_045,0.8618799246353912,1500.0,0.45
3,Zprime_1500GeV_060,0.847271422156021,1500.0,0.6
4,Zprime_1500GeV_075,0.8118025853473543,1500.0,0.75
5,Zprime_2000GeV_015,0.8887325757890104,2000.0,0.15
6,Zprime_2000GeV_030,0.8735293812950888,2000.0,0.3
7,Zprime_2000GeV_045,0.8550146922164624,2000.0,0.45
8,Zprime_2000GeV_060,0.8305545609169713,2000.0,0.6
9,Zprime_2000GeV_075,0.8091828839529623,2000.0,0.75
10,Zprime_2500GeV_015,0.8817705161342773,2500.0,0.15
11,Zprime_2500GeV_030,0.8672513334407329,2500.0,0.3
12,Zprime_2500GeV_045,0.8514884406174886,2500.0,0.45
13,Zprime_2500GeV_060,0.8284047470532588,2500.0,0.6
14,Zprime_2500GeV_075,0.7936909793781819,2500.0,0.75
15,Zprime_3000GeV_015,0.8867230031135885,3000.0,0.15
16,Zprime_3000GeV_030,0.8678060218088152,3000.0,0.3
17,Zprime_3000GeV_045,0.8457528306377098,3000.0,0.45
18,Zprime_3000GeV_060,0.8194735893976056,3000.0,0.6
19,Zprime_3000GeV_075,0.7891203773565191,3000.0,0.75
20,Zprime_3500GeV_015,0.8810504877207557,3500.0,0.15
21,Zprime_3500GeV_030,0.8707934023730892,3500.0,0.3
22,Zprime_3500GeV_045,0.8471057574740749,3500.0,0.45
23,Zprime_3500GeV_060,0.8212323370023463,3500.0,0.6
24,Zprime_3500GeV_075,0.7874070134725715,3500.0,0.75
25,Zprime_4000GeV_015,0.8861291030993705,4000.0,0.15
26,Zprime_4000GeV_030,0.8766891595387664,4000.0,0.3
27,Zprime_4000GeV_045,0.8471295064136866,4000.0,0.45
28,Zprime_4000GeV_060,0.8201119967348778,4000.0,0.6
29,Zprime_4000GeV_075,0.7790273608157994,4000.0,0.75
