,name,auc,mass,nu
0,Zprime_1500GeV_015,0.8869844553002298,1500.0,0.15
1,Zprime_1500GeV_030,0.8817405787636599,1500.0,0.3
2,Zprime_1500GeV_045,0.862049974901525,1500.0,0.45
3,Zprime_1500GeV_060,0.8455301379552849,1500.0,0.6
4,Zprime_1500GeV_075,0.8106230830558813,1500.0,0.75
5,Zprime_2000GeV_015,0.8875986450160719,2000.0,0.15
6,Zprime_2000GeV_030,0.8728800672289663,2000.0,0.3
7,Zprime_2000GeV_045,0.8543832682342548,2000.0,0.45
8,Zprime_2000GeV_060,0.8300456564911722,2000.0,0.6
9,Zprime_2000GeV_075,0.808532120830014,2000.0,0.75
10,Zprime_2500GeV_015,0.8812466190489247,2500.0,0.15
11,Zprime_2500GeV_030,0.8659747408036843,2500.0,0.3
12,Zprime_2500GeV_045,0.8495477227055301,2500.0,0.45
13,Zprime_2500GeV_060,0.8279186725669441,2500.0,0.6
14,Zprime_2500GeV_075,0.7921632230403404,2500.0,0.75
15,Zprime_3000GeV_015,0.8863664251623222,3000.0,0.15
16,Zprime_3000GeV_030,0.8675629614341822,3000.0,0.3
17,Zprime_3000GeV_045,0.846054863093896,3000.0,0.45
18,Zprime_3000GeV_060,0.8188040618570012,3000.0,0.6
19,Zprime_3000GeV_075,0.7895025406818014,3000.0,0.75
20,Zprime_3500GeV_015,0.8806682189170647,3500.0,0.15
21,Zprime_3500GeV_030,0.8716001197389516,3500.0,0.3
22,Zprime_3500GeV_045,0.8464860400946599,3500.0,0.45
23,Zprime_3500GeV_060,0.8194026081343218,3500.0,0.6
24,Zprime_3500GeV_075,0.7879689615161476,3500.0,0.75
25,Zprime_4000GeV_015,0.8893479945936454,4000.0,0.15
26,Zprime_4000GeV_030,0.8768419164722969,4000.0,0.3
27,Zprime_4000GeV_045,0.8472336058864758,4000.0,0.45
28,Zprime_4000GeV_060,0.8204331977001669,4000.0,0.6
29,Zprime_4000GeV_075,0.7778368192316228,4000.0,0.75
