,name,auc,mass,nu
0,Zprime_1500GeV_015,0.8766339731893867,1500.0,0.15
1,Zprime_1500GeV_030,0.8754219094931486,1500.0,0.3
2,Zprime_1500GeV_045,0.8535461438013575,1500.0,0.45
3,Zprime_1500GeV_060,0.8365383267933442,1500.0,0.6
4,Zprime_1500GeV_075,0.7985167027905377,1500.0,0.75
5,Zprime_2000GeV_015,0.883599501958209,2000.0,0.15
6,Zprime_2000GeV_030,0.8673427042434931,2000.0,0.3
7,Zprime_2000GeV_045,0.8481002611379133,2000.0,0.45
8,Zprime_2000GeV_060,0.822924509121103,2000.0,0.6
9,Zprime_2000GeV_075,0.8005095630968011,2000.0,0.75
10,Zprime_2500GeV_015,0.8771167700224463,2500.0,0.15
11,Zprime_2500GeV_030,0.8609266319044897,2500.0,0.3
12,Zprime_2500GeV_045,0.843886188259383,2500.0,0.45
13,Zprime_2500GeV_060,0.821087554235888,2500.0,0.6
14,Zprime_2500GeV_075,0.7868704377814135,2500.0,0.75
15,Zprime_3000GeV_015,0.8828459208087583,3000.0,0.15
16,Zprime_3000GeV_030,0.8625133608636832,3000.0,0.3
17,Zprime_3000GeV_045,0.8408826328748628,3000.0,0.45
18,Zprime_3000GeV_060,0.813198087412014,3000.0,0.6
19,Zprime_3000GeV_075,0.7838669673975232,3000.0,0.75
20,Zprime_3500GeV_015,0.8768206516394106,3500.0,0.15
21,Zprime_3500GeV_030,0.8661685197999368,3500.0,0.3
22,Zprime_3500GeV_045,0.842464721340689,3500.0,0.45
23,Zprime_3500GeV_060,0.8151101542802172,3500.0,0.6
24,Zprime_3500GeV_075,0.7795252046670534,3500.0,0.75
25,Zprime_4000GeV_015,0.8844758044691137,4000.0,0.15
26,Zprime_4000GeV_030,0.8714726502291429,4000.0,0.3
27,Zprime_4000GeV_045,0.8422245783868803,4000.0,0.45
28,Zprime_4000GeV_060,0.8144068053916911,4000.0,0.6
29,Zprime_4000GeV_075,0.772195956648384,4000.0,0.75
