,name,auc,mass,nu
0,Zprime_1500GeV_015,0.8307209848308617,1500.0,0.15
1,Zprime_1500GeV_030,0.8154888998439174,1500.0,0.3
2,Zprime_1500GeV_045,0.7947602005725592,1500.0,0.45
3,Zprime_1500GeV_060,0.7731192438233379,1500.0,0.6
4,Zprime_1500GeV_075,0.7217273154229256,1500.0,0.75
5,Zprime_2000GeV_015,0.8230691338889375,2000.0,0.15
6,Zprime_2000GeV_030,0.8084232512565879,2000.0,0.3
7,Zprime_2000GeV_045,0.7845350183983097,2000.0,0.45
8,Zprime_2000GeV_060,0.7585995698865705,2000.0,0.6
9,Zprime_2000GeV_075,0.7327795398315265,2000.0,0.75
10,Zprime_2500GeV_015,0.8236141212449645,2500.0,0.15
11,Zprime_2500GeV_030,0.805410406333632,2500.0,0.3
12,Zprime_2500GeV_045,0.7877528172470013,2500.0,0.45
13,Zprime_2500GeV_060,0.7553900132928479,2500.0,0.6
14,Zprime_2500GeV_075,0.7183984891978082,2500.0,0.75
15,Zprime_3000GeV_015,0.8360492492148417,3000.0,0.15
16,Zprime_3000GeV_030,0.8096281977887184,3000.0,0.3
17,Zprime_3000GeV_045,0.7839488912402139,3000.0,0.45
18,Zprime_3000GeV_060,0.753413985367354,3000.0,0.6
19,Zprime_3000GeV_075,0.7201179474432544,3000.0,0.75
20,Zprime_3500GeV_015,0.8376203770621774,3500.0,0.15
21,Zprime_3500GeV_030,0.8204292704090274,3500.0,0.3
22,Zprime_3500GeV_045,0.7896920881910966,3500.0,0.45
23,Zprime_3500GeV_060,0.7614626723066953,3500.0,0.6
24,Zprime_3500GeV_075,0.720833569694235,3500.0,0.75
25,Zprime_4000GeV_015,0.8482810956238859,4000.0,0.15
26,Zprime_4000GeV_030,0.8314255550925181,4000.0,0.3
27,Zprime_4000GeV_045,0.7957774203169202,4000.0,0.45
28,Zprime_4000GeV_060,0.765269773567485,4000.0,0.6
29,Zprime_4000GeV_075,0.7194132034750209,4000.0,0.75
