,name,auc,mass,nu
0,Zprime_1500GeV_015,0.883524874415754,1500.0,0.15
1,Zprime_1500GeV_030,0.8809223860897206,1500.0,0.3
2,Zprime_1500GeV_045,0.8638542537988966,1500.0,0.45
3,Zprime_1500GeV_060,0.8422531367046348,1500.0,0.6
4,Zprime_1500GeV_075,0.8131017331365425,1500.0,0.75
5,Zprime_2000GeV_015,0.8846985471107517,2000.0,0.15
6,Zprime_2000GeV_030,0.8707151863765187,2000.0,0.3
7,Zprime_2000GeV_045,0.8519518219280167,2000.0,0.45
8,Zprime_2000GeV_060,0.8301721399310465,2000.0,0.6
9,Zprime_2000GeV_075,0.8108626601725897,2000.0,0.75
10,Zprime_2500GeV_015,0.8800295292778034,2500.0,0.15
11,Zprime_2500GeV_030,0.8647222367286311,2500.0,0.3
12,Zprime_2500GeV_045,0.8476085073323101,2500.0,0.45
13,Zprime_2500GeV_060,0.8271104476436136,2500.0,0.6
14,Zprime_2500GeV_075,0.7942751888495966,2500.0,0.75
15,Zprime_3000GeV_015,0.8839508127901111,3000.0,0.15
16,Zprime_3000GeV_030,0.8652645820076514,3000.0,0.3
17,Zprime_3000GeV_045,0.8437243780539989,3000.0,0.45
18,Zprime_3000GeV_060,0.8183935891143412,3000.0,0.6
19,Zprime_3000GeV_075,0.7881696590578549,3000.0,0.75
20,Zprime_3500GeV_015,0.8795430540373215,3500.0,0.15
21,Zprime_3500GeV_030,0.8703736119769644,3500.0,0.3
22,Zprime_3500GeV_045,0.84503240753088,3500.0,0.45
23,Zprime_3500GeV_060,0.8198330251978135,3500.0,0.6
24,Zprime_3500GeV_075,0.7862547218461934,3500.0,0.75
25,Zprime_4000GeV_015,0.8827383950045672,4000.0,0.15
26,Zprime_4000GeV_030,0.8742566150788571,4000.0,0.3
27,Zprime_4000GeV_045,0.8458412298602197,4000.0,0.45
28,Zprime_4000GeV_060,0.8176220407078362,4000.0,0.6
29,Zprime_4000GeV_075,0.7768738317992727,4000.0,0.75
