,name,auc,mass,nu
0,Zprime_1500GeV_015,0.8335652566290825,1500.0,0.15
1,Zprime_1500GeV_030,0.8159551270061176,1500.0,0.3
2,Zprime_1500GeV_045,0.7925432326857588,1500.0,0.45
3,Zprime_1500GeV_060,0.7677388712929732,1500.0,0.6
4,Zprime_1500GeV_075,0.7062122593451156,1500.0,0.75
5,Zprime_2000GeV_015,0.8313609513971759,2000.0,0.15
6,Zprime_2000GeV_030,0.815832318145426,2000.0,0.3
7,Zprime_2000GeV_045,0.7911264165728735,2000.0,0.45
8,Zprime_2000GeV_060,0.7581897852983706,2000.0,0.6
9,Zprime_2000GeV_075,0.7309600504744308,2000.0,0.75
10,Zprime_2500GeV_015,0.8355163092630062,2500.0,0.15
11,Zprime_2500GeV_030,0.815339809702282,2500.0,0.3
12,Zprime_2500GeV_045,0.7942452451084616,2500.0,0.45
13,Zprime_2500GeV_060,0.7622127304800403,2500.0,0.6
14,Zprime_2500GeV_075,0.7185936366486154,2500.0,0.75
15,Zprime_3000GeV_015,0.8438751647686802,3000.0,0.15
16,Zprime_3000GeV_030,0.8165442658333698,3000.0,0.3
17,Zprime_3000GeV_045,0.7923265594872879,3000.0,0.45
18,Zprime_3000GeV_060,0.75802983172394,3000.0,0.6
19,Zprime_3000GeV_075,0.7253040349150371,3000.0,0.75
20,Zprime_3500GeV_015,0.8420778265495288,3500.0,0.15
21,Zprime_3500GeV_030,0.826037392690935,3500.0,0.3
22,Zprime_3500GeV_045,0.7915781894149869,3500.0,0.45
23,Zprime_3500GeV_060,0.7675185873416092,3500.0,0.6
24,Zprime_3500GeV_075,0.7218348696791937,3500.0,0.75
25,Zprime_4000GeV_015,0.8551954009401169,4000.0,0.15
26,Zprime_4000GeV_030,0.8375805851460643,4000.0,0.3
27,Zprime_4000GeV_045,0.7988901039397989,4000.0,0.45
28,Zprime_4000GeV_060,0.7661855205915846,4000.0,0.6
29,Zprime_4000GeV_075,0.7229018329716852,4000.0,0.75
