,name,auc,mass,nu
0,Zprime_1500GeV_015,0.862409110825236,1500.0,0.15
1,Zprime_1500GeV_030,0.8596022188687859,1500.0,0.3
2,Zprime_1500GeV_045,0.8446337967244266,1500.0,0.45
3,Zprime_1500GeV_060,0.8226131735019092,1500.0,0.6
4,Zprime_1500GeV_075,0.7873290464665441,1500.0,0.75
5,Zprime_2000GeV_015,0.8680690207556225,2000.0,0.15
6,Zprime_2000GeV_030,0.8543185853790651,2000.0,0.3
7,Zprime_2000GeV_045,0.8335904685137043,2000.0,0.45
8,Zprime_2000GeV_060,0.8118777866209725,2000.0,0.6
9,Zprime_2000GeV_075,0.7824535666878186,2000.0,0.75
10,Zprime_2500GeV_015,0.8661404048698685,2500.0,0.15
11,Zprime_2500GeV_030,0.8501026795816964,2500.0,0.3
12,Zprime_2500GeV_045,0.8317709819947001,2500.0,0.45
13,Zprime_2500GeV_060,0.809361468735063,2500.0,0.6
14,Zprime_2500GeV_075,0.7712824999965452,2500.0,0.75
15,Zprime_3000GeV_015,0.8702130218085766,3000.0,0.15
16,Zprime_3000GeV_030,0.8520275485689709,3000.0,0.3
17,Zprime_3000GeV_045,0.8304134768008289,3000.0,0.45
18,Zprime_3000GeV_060,0.8021973985070507,3000.0,0.6
19,Zprime_3000GeV_075,0.7712605321319643,3000.0,0.75
20,Zprime_3500GeV_015,0.8681695651225568,3500.0,0.15
21,Zprime_3500GeV_030,0.857147175492847,3500.0,0.3
22,Zprime_3500GeV_045,0.8317789532216321,3500.0,0.45
23,Zprime_3500GeV_060,0.8066213070410353,3500.0,0.6
24,Zprime_3500GeV_075,0.7696151614774706,3500.0,0.75
25,Zprime_4000GeV_015,0.8749054788419397,4000.0,0.15
26,Zprime_4000GeV_030,0.8638136661240352,4000.0,0.3
27,Zprime_4000GeV_045,0.8343797290189845,4000.0,0.45
28,Zprime_4000GeV_060,0.8062076984771507,4000.0,0.6
29,Zprime_4000GeV_075,0.7632856300124445,4000.0,0.75
