,name,auc,mass,nu
0,Zprime_1500GeV_015,0.8777954581337579,1500.0,0.15
1,Zprime_1500GeV_030,0.8676148005955873,1500.0,0.3
2,Zprime_1500GeV_045,0.8428761347711778,1500.0,0.45
3,Zprime_1500GeV_060,0.8258756761779473,1500.0,0.6
4,Zprime_1500GeV_075,0.7804104670764891,1500.0,0.75
5,Zprime_2000GeV_015,0.8799771509440183,2000.0,0.15
6,Zprime_2000GeV_030,0.8648326603558698,2000.0,0.3
7,Zprime_2000GeV_045,0.8436913221701773,2000.0,0.45
8,Zprime_2000GeV_060,0.8169828139004756,2000.0,0.6
9,Zprime_2000GeV_075,0.7889195151691204,2000.0,0.75
10,Zprime_2500GeV_015,0.8739433137325363,2500.0,0.15
11,Zprime_2500GeV_030,0.8583134907407322,2500.0,0.3
12,Zprime_2500GeV_045,0.8398432505355684,2500.0,0.45
13,Zprime_2500GeV_060,0.8152447767014479,2500.0,0.6
14,Zprime_2500GeV_075,0.7784394148860546,2500.0,0.75
15,Zprime_3000GeV_015,0.8739619138204703,3000.0,0.15
16,Zprime_3000GeV_030,0.8551768786335928,3000.0,0.3
17,Zprime_3000GeV_045,0.8337939507823919,3000.0,0.45
18,Zprime_3000GeV_060,0.8044651208091351,3000.0,0.6
19,Zprime_3000GeV_075,0.7732405278221162,3000.0,0.75
20,Zprime_3500GeV_015,0.8656614236222889,3500.0,0.15
21,Zprime_3500GeV_030,0.8560424528294597,3500.0,0.3
22,Zprime_3500GeV_045,0.8299387342574285,3500.0,0.45
23,Zprime_3500GeV_060,0.8061744284935871,3500.0,0.6
24,Zprime_3500GeV_075,0.7669675218633834,3500.0,0.75
25,Zprime_4000GeV_015,0.8696054741931994,4000.0,0.15
26,Zprime_4000GeV_030,0.8573515049773489,4000.0,0.3
27,Zprime_4000GeV_045,0.8325138386439029,4000.0,0.45
28,Zprime_4000GeV_060,0.8038273040652351,4000.0,0.6
29,Zprime_4000GeV_075,0.7616650905092807,4000.0,0.75
