,name,auc,mass,nu
0,Zprime_1500GeV_015,0.8587325543700141,1500.0,0.15
1,Zprime_1500GeV_030,0.849618986931109,1500.0,0.3
2,Zprime_1500GeV_045,0.8311955428710613,1500.0,0.45
3,Zprime_1500GeV_060,0.8045323191014464,1500.0,0.6
4,Zprime_1500GeV_075,0.7647561617780143,1500.0,0.75
5,Zprime_2000GeV_015,0.8650586605922395,2000.0,0.15
6,Zprime_2000GeV_030,0.8520945588334609,2000.0,0.3
7,Zprime_2000GeV_045,0.8276838324009151,2000.0,0.45
8,Zprime_2000GeV_060,0.7996479300188006,2000.0,0.6
9,Zprime_2000GeV_075,0.7714327069996101,2000.0,0.75
10,Zprime_2500GeV_015,0.862803831596225,2500.0,0.15
11,Zprime_2500GeV_030,0.846067352347609,2500.0,0.3
12,Zprime_2500GeV_045,0.8273333704239749,2500.0,0.45
13,Zprime_2500GeV_060,0.8006531889354028,2500.0,0.6
14,Zprime_2500GeV_075,0.7595664588842177,2500.0,0.75
15,Zprime_3000GeV_015,0.8656133509328454,3000.0,0.15
16,Zprime_3000GeV_030,0.8439286565677577,3000.0,0.3
17,Zprime_3000GeV_045,0.8222105988295193,3000.0,0.45
18,Zprime_3000GeV_060,0.7931009172772252,3000.0,0.6
19,Zprime_3000GeV_075,0.7565298063215049,3000.0,0.75
20,Zprime_3500GeV_015,0.8587763736992441,3500.0,0.15
21,Zprime_3500GeV_030,0.8455691381214046,3500.0,0.3
22,Zprime_3500GeV_045,0.8196742943552099,3500.0,0.45
23,Zprime_3500GeV_060,0.7946861446747239,3500.0,0.6
24,Zprime_3500GeV_075,0.7565690818453341,3500.0,0.75
25,Zprime_4000GeV_015,0.8616676882264956,4000.0,0.15
26,Zprime_4000GeV_030,0.8536340223813498,4000.0,0.3
27,Zprime_4000GeV_045,0.8231670748377825,4000.0,0.45
28,Zprime_4000GeV_060,0.7952589867106258,4000.0,0.6
29,Zprime_4000GeV_075,0.7473651862882584,4000.0,0.75
