,name,auc,mass,nu
0,Zprime_1500GeV_015,0.8831336644254422,1500.0,0.15
1,Zprime_1500GeV_030,0.8746293431315673,1500.0,0.3
2,Zprime_1500GeV_045,0.8626554460945048,1500.0,0.45
3,Zprime_1500GeV_060,0.8444127775452975,1500.0,0.6
4,Zprime_1500GeV_075,0.8104223018649629,1500.0,0.75
5,Zprime_2000GeV_015,0.8823967911427073,2000.0,0.15
6,Zprime_2000GeV_030,0.8680104762715688,2000.0,0.3
7,Zprime_2000GeV_045,0.8485920173146244,2000.0,0.45
8,Zprime_2000GeV_060,0.8275206738151776,2000.0,0.6
9,Zprime_2000GeV_075,0.8041105082865484,2000.0,0.75
10,Zprime_2500GeV_015,0.8768789834789503,2500.0,0.15
11,Zprime_2500GeV_030,0.8609066853816031,2500.0,0.3
12,Zprime_2500GeV_045,0.8455294297692117,2500.0,0.45
13,Zprime_2500GeV_060,0.8256942880433916,2500.0,0.6
14,Zprime_2500GeV_075,0.7891536114729142,2500.0,0.75
15,Zprime_3000GeV_015,0.8797384997179353,3000.0,0.15
16,Zprime_3000GeV_030,0.861701916794641,3000.0,0.3
17,Zprime_3000GeV_045,0.8424184165112234,3000.0,0.45
18,Zprime_3000GeV_060,0.816042069766773,3000.0,0.6
19,Zprime_3000GeV_075,0.7874641383893871,3000.0,0.75
20,Zprime_3500GeV_015,0.8745147696026508,3500.0,0.15
21,Zprime_3500GeV_030,0.8656792011583329,3500.0,0.3
22,Zprime_3500GeV_045,0.8413395272710054,3500.0,0.45
23,Zprime_3500GeV_060,0.8166411711361309,3500.0,0.6
24,Zprime_3500GeV_075,0.784904392015299,3500.0,0.75
25,Zprime_4000GeV_015,0.8813939609443068,4000.0,0.15
26,Zprime_4000GeV_030,0.8686869924936498,4000.0,0.3
27,Zprime_4000GeV_045,0.8430696193786303,4000.0,0.45
28,Zprime_4000GeV_060,0.8142958698829568,4000.0,0.6
29,Zprime_4000GeV_075,0.7758565546562359,4000.0,0.75
