,name,auc,mass,nu
0,Zprime_1500GeV_015,0.8822130947676422,1500.0,0.15
1,Zprime_1500GeV_030,0.8808977504853148,1500.0,0.3
2,Zprime_1500GeV_045,0.8570495526585329,1500.0,0.45
3,Zprime_1500GeV_060,0.8400442869471649,1500.0,0.6
4,Zprime_1500GeV_075,0.8097063125104123,1500.0,0.75
5,Zprime_2000GeV_015,0.8821994971229844,2000.0,0.15
6,Zprime_2000GeV_030,0.8660670738955588,2000.0,0.3
7,Zprime_2000GeV_045,0.8498488088874742,2000.0,0.45
8,Zprime_2000GeV_060,0.826476770519208,2000.0,0.6
9,Zprime_2000GeV_075,0.8050697328124508,2000.0,0.75
10,Zprime_2500GeV_015,0.8755266556648205,2500.0,0.15
11,Zprime_2500GeV_030,0.8620843849383967,2500.0,0.3
12,Zprime_2500GeV_045,0.8456963849390771,2500.0,0.45
13,Zprime_2500GeV_060,0.8218540277997919,2500.0,0.6
14,Zprime_2500GeV_075,0.7936701287862081,2500.0,0.75
15,Zprime_3000GeV_015,0.8826006219591498,3000.0,0.15
16,Zprime_3000GeV_030,0.8618666895694927,3000.0,0.3
17,Zprime_3000GeV_045,0.8399120970650902,3000.0,0.45
18,Zprime_3000GeV_060,0.8142243329304091,3000.0,0.6
19,Zprime_3000GeV_075,0.786571729546539,3000.0,0.75
20,Zprime_3500GeV_015,0.877049591775965,3500.0,0.15
21,Zprime_3500GeV_030,0.8665124790868945,3500.0,0.3
22,Zprime_3500GeV_045,0.8411481869030867,3500.0,0.45
23,Zprime_3500GeV_060,0.8158591913394195,3500.0,0.6
24,Zprime_3500GeV_075,0.781633038956574,3500.0,0.75
25,Zprime_4000GeV_015,0.8836393836355244,4000.0,0.15
26,Zprime_4000GeV_030,0.8717658599375535,4000.0,0.3
27,Zprime_4000GeV_045,0.841879334885801,4000.0,0.45
28,Zprime_4000GeV_060,0.8148035705054295,4000.0,0.6
29,Zprime_4000GeV_075,0.7739833645513106,4000.0,0.75
