,name,auc,mass,nu
0,Zprime_1500GeV_015,0.8737010660530624,1500.0,0.15
1,Zprime_1500GeV_030,0.8700399876148297,1500.0,0.3
2,Zprime_1500GeV_045,0.8542389188119521,1500.0,0.45
3,Zprime_1500GeV_060,0.836394203415972,1500.0,0.6
4,Zprime_1500GeV_075,0.8003981020805618,1500.0,0.75
5,Zprime_2000GeV_015,0.8814352946822079,2000.0,0.15
6,Zprime_2000GeV_030,0.8645705026817292,2000.0,0.3
7,Zprime_2000GeV_045,0.8473456841887487,2000.0,0.45
8,Zprime_2000GeV_060,0.8233941254390487,2000.0,0.6
9,Zprime_2000GeV_075,0.7999895600468659,2000.0,0.75
10,Zprime_2500GeV_015,0.8754899748261207,2500.0,0.15
11,Zprime_2500GeV_030,0.8598230895143,2500.0,0.3
12,Zprime_2500GeV_045,0.8444356130891298,2500.0,0.45
13,Zprime_2500GeV_060,0.820619510232208,2500.0,0.6
14,Zprime_2500GeV_075,0.786792454670691,2500.0,0.75
15,Zprime_3000GeV_015,0.881370920274048,3000.0,0.15
16,Zprime_3000GeV_030,0.8621580335114258,3000.0,0.3
17,Zprime_3000GeV_045,0.8401429302171415,3000.0,0.45
18,Zprime_3000GeV_060,0.8118170822723649,3000.0,0.6
19,Zprime_3000GeV_075,0.7828015515280511,3000.0,0.75
20,Zprime_3500GeV_015,0.8772461304747232,3500.0,0.15
21,Zprime_3500GeV_030,0.8675119502506325,3500.0,0.3
22,Zprime_3500GeV_045,0.8421794125426663,3500.0,0.45
23,Zprime_3500GeV_060,0.8140053831029497,3500.0,0.6
24,Zprime_3500GeV_075,0.7807686563957111,3500.0,0.75
25,Zprime_4000GeV_015,0.88539522593742,4000.0,0.15
26,Zprime_4000GeV_030,0.8733581372309579,4000.0,0.3
27,Zprime_4000GeV_045,0.8428045926341662,4000.0,0.45
28,Zprime_4000GeV_060,0.815408228762536,4000.0,0.6
29,Zprime_4000GeV_075,0.7720897600659546,4000.0,0.75
