,name,auc,mass,nu
0,Zprime_1500GeV_015,0.8746594721397762,1500.0,0.15
1,Zprime_1500GeV_030,0.8769429103882201,1500.0,0.3
2,Zprime_1500GeV_045,0.8565012956655247,1500.0,0.45
3,Zprime_1500GeV_060,0.8385205352636595,1500.0,0.6
4,Zprime_1500GeV_075,0.8013891714336503,1500.0,0.75
5,Zprime_2000GeV_015,0.8829807094368018,2000.0,0.15
6,Zprime_2000GeV_030,0.8703187796698085,2000.0,0.3
7,Zprime_2000GeV_045,0.84856179240287,2000.0,0.45
8,Zprime_2000GeV_060,0.8265709671398841,2000.0,0.6
9,Zprime_2000GeV_075,0.7980728109440084,2000.0,0.75
10,Zprime_2500GeV_015,0.8783385651634499,2500.0,0.15
11,Zprime_2500GeV_030,0.8637793639848881,2500.0,0.3
12,Zprime_2500GeV_045,0.8451469285875384,2500.0,0.45
13,Zprime_2500GeV_060,0.8242651342863981,2500.0,0.6
14,Zprime_2500GeV_075,0.7877133083977054,2500.0,0.75
15,Zprime_3000GeV_015,0.8824030471344665,3000.0,0.15
16,Zprime_3000GeV_030,0.8639887682234694,3000.0,0.3
17,Zprime_3000GeV_045,0.8429328326647403,3000.0,0.45
18,Zprime_3000GeV_060,0.8150002786565523,3000.0,0.6
19,Zprime_3000GeV_075,0.7852101789269151,3000.0,0.75
20,Zprime_3500GeV_015,0.8778742947879402,3500.0,0.15
21,Zprime_3500GeV_030,0.8696836486613173,3500.0,0.3
22,Zprime_3500GeV_045,0.8452411095078048,3500.0,0.45
23,Zprime_3500GeV_060,0.8170844516170298,3500.0,0.6
24,Zprime_3500GeV_075,0.7825694901050733,3500.0,0.75
25,Zprime_4000GeV_015,0.8829805242446969,4000.0,0.15
26,Zprime_4000GeV_030,0.8717250036997594,4000.0,0.3
27,Zprime_4000GeV_045,0.8458004150275216,4000.0,0.45
28,Zprime_4000GeV_060,0.8163317071382443,4000.0,0.6
29,Zprime_4000GeV_075,0.7745690412813331,4000.0,0.75
