,name,auc,mass,nu
0,Zprime_1500GeV_015,0.880739108947428,1500.0,0.15
1,Zprime_1500GeV_030,0.8784316142040574,1500.0,0.3
2,Zprime_1500GeV_045,0.8554147200386202,1500.0,0.45
3,Zprime_1500GeV_060,0.8371983622755065,1500.0,0.6
4,Zprime_1500GeV_075,0.8052013630238345,1500.0,0.75
5,Zprime_2000GeV_015,0.8828268572428689,2000.0,0.15
6,Zprime_2000GeV_030,0.8672696489442413,2000.0,0.3
7,Zprime_2000GeV_045,0.8489387338471663,2000.0,0.45
8,Zprime_2000GeV_060,0.8238188749330798,2000.0,0.6
9,Zprime_2000GeV_075,0.8028243722451196,2000.0,0.75
10,Zprime_2500GeV_015,0.8768103797873907,2500.0,0.15
11,Zprime_2500GeV_030,0.8627743404247773,2500.0,0.3
12,Zprime_2500GeV_045,0.8458323594413097,2500.0,0.45
13,Zprime_2500GeV_060,0.8229288872968382,2500.0,0.6
14,Zprime_2500GeV_075,0.7885247744186783,2500.0,0.75
15,Zprime_3000GeV_015,0.8826614560738526,3000.0,0.15
16,Zprime_3000GeV_030,0.8623683438925862,3000.0,0.3
17,Zprime_3000GeV_045,0.8398880678905161,3000.0,0.45
18,Zprime_3000GeV_060,0.8135975193891848,3000.0,0.6
19,Zprime_3000GeV_075,0.7821851033566947,3000.0,0.75
20,Zprime_3500GeV_015,0.8784942065937097,3500.0,0.15
21,Zprime_3500GeV_030,0.866871236401642,3500.0,0.3
22,Zprime_3500GeV_045,0.8422766356932587,3500.0,0.45
23,Zprime_3500GeV_060,0.8152275395539211,3500.0,0.6
24,Zprime_3500GeV_075,0.7799463353316574,3500.0,0.75
25,Zprime_4000GeV_015,0.8827113977705149,4000.0,0.15
26,Zprime_4000GeV_030,0.8730126655850355,4000.0,0.3
27,Zprime_4000GeV_045,0.8420032606592307,4000.0,0.45
28,Zprime_4000GeV_060,0.8154000280683904,4000.0,0.6
29,Zprime_4000GeV_075,0.7729624086393769,4000.0,0.75
