,name,auc,mass,nu
0,Zprime_1500GeV_015,0.8454856002025416,1500.0,0.15
1,Zprime_1500GeV_030,0.8217072434224919,1500.0,0.3
2,Zprime_1500GeV_045,0.7980900450476717,1500.0,0.45
3,Zprime_1500GeV_060,0.7737194524734569,1500.0,0.6
4,Zprime_1500GeV_075,0.718438982749561,1500.0,0.75
5,Zprime_2000GeV_015,0.836025985981905,2000.0,0.15
6,Zprime_2000GeV_030,0.8214009052098574,2000.0,0.3
7,Zprime_2000GeV_045,0.7955632320556344,2000.0,0.45
8,Zprime_2000GeV_060,0.7680221328865228,2000.0,0.6
9,Zprime_2000GeV_075,0.7364655278006024,2000.0,0.75
10,Zprime_2500GeV_015,0.8318657014073896,2500.0,0.15
11,Zprime_2500GeV_030,0.8153475627498442,2500.0,0.3
12,Zprime_2500GeV_045,0.7938383197918343,2500.0,0.45
13,Zprime_2500GeV_060,0.7658172863127998,2500.0,0.6
14,Zprime_2500GeV_075,0.7249547742666681,2500.0,0.75
15,Zprime_3000GeV_015,0.8331080046959517,3000.0,0.15
16,Zprime_3000GeV_030,0.8119935182019073,3000.0,0.3
17,Zprime_3000GeV_045,0.7887547025321421,3000.0,0.45
18,Zprime_3000GeV_060,0.7602533303338345,3000.0,0.6
19,Zprime_3000GeV_075,0.7277908004387911,3000.0,0.75
20,Zprime_3500GeV_015,0.829377473196148,3500.0,0.15
21,Zprime_3500GeV_030,0.81444840084403,3500.0,0.3
22,Zprime_3500GeV_045,0.7878253944005194,3500.0,0.45
23,Zprime_3500GeV_060,0.7647117527601619,3500.0,0.6
24,Zprime_3500GeV_075,0.7233232557639828,3500.0,0.75
25,Zprime_4000GeV_015,0.8401277194735031,4000.0,0.15
26,Zprime_4000GeV_030,0.8277881866609529,4000.0,0.3
27,Zprime_4000GeV_045,0.7931074784973134,4000.0,0.45
28,Zprime_4000GeV_060,0.765060369994498,4000.0,0.6
29,Zprime_4000GeV_075,0.7193422060222616,4000.0,0.75
