,name,auc,mass,nu
0,Zprime_1500GeV_015,0.8779800858933648,1500.0,0.15
1,Zprime_1500GeV_030,0.8727505645714383,1500.0,0.3
2,Zprime_1500GeV_045,0.8573626933326568,1500.0,0.45
3,Zprime_1500GeV_060,0.8387139753539322,1500.0,0.6
4,Zprime_1500GeV_075,0.8036606917867796,1500.0,0.75
5,Zprime_2000GeV_015,0.8810636864913377,2000.0,0.15
6,Zprime_2000GeV_030,0.8654623644374482,2000.0,0.3
7,Zprime_2000GeV_045,0.846910489194808,2000.0,0.45
8,Zprime_2000GeV_060,0.8239490124319735,2000.0,0.6
9,Zprime_2000GeV_075,0.8003837668747132,2000.0,0.75
10,Zprime_2500GeV_015,0.8722830623040282,2500.0,0.15
11,Zprime_2500GeV_030,0.8582032841788094,2500.0,0.3
12,Zprime_2500GeV_045,0.842197439789569,2500.0,0.45
13,Zprime_2500GeV_060,0.8207667482725876,2500.0,0.6
14,Zprime_2500GeV_075,0.7870680645423775,2500.0,0.75
15,Zprime_3000GeV_015,0.8772451667757609,3000.0,0.15
16,Zprime_3000GeV_030,0.8577603089648491,3000.0,0.3
17,Zprime_3000GeV_045,0.8367210406350445,3000.0,0.45
18,Zprime_3000GeV_060,0.8117626181337654,3000.0,0.6
19,Zprime_3000GeV_075,0.7832321477537865,3000.0,0.75
20,Zprime_3500GeV_015,0.8726749351435685,3500.0,0.15
21,Zprime_3500GeV_030,0.8622009338609528,3500.0,0.3
22,Zprime_3500GeV_045,0.836840815414981,3500.0,0.45
23,Zprime_3500GeV_060,0.8124236704119376,3500.0,0.6
24,Zprime_3500GeV_075,0.7809844324115258,3500.0,0.75
25,Zprime_4000GeV_015,0.8816181507691198,4000.0,0.15
26,Zprime_4000GeV_030,0.8681828057128522,4000.0,0.3
27,Zprime_4000GeV_045,0.8395117479491059,4000.0,0.45
28,Zprime_4000GeV_060,0.812878702892879,4000.0,0.6
29,Zprime_4000GeV_075,0.7719723878295288,4000.0,0.75
