,name,auc,mass,nu
0,Zprime_1500GeV_015,0.8744200749815255,1500.0,0.15
1,Zprime_1500GeV_030,0.8737635964759329,1500.0,0.3
2,Zprime_1500GeV_045,0.8535351621890789,1500.0,0.45
3,Zprime_1500GeV_060,0.8359282548006451,1500.0,0.6
4,Zprime_1500GeV_075,0.7980725842841488,1500.0,0.75
5,Zprime_2000GeV_015,0.8787320464663704,2000.0,0.15
6,Zprime_2000GeV_030,0.8659132831464504,2000.0,0.3
7,Zprime_2000GeV_045,0.8453249506028534,2000.0,0.45
8,Zprime_2000GeV_060,0.8217691012378808,2000.0,0.6
9,Zprime_2000GeV_075,0.7965856729390701,2000.0,0.75
10,Zprime_2500GeV_015,0.8761202538602675,2500.0,0.15
11,Zprime_2500GeV_030,0.8606629827704625,2500.0,0.3
12,Zprime_2500GeV_045,0.84200213602168,2500.0,0.45
13,Zprime_2500GeV_060,0.8217330833048269,2500.0,0.6
14,Zprime_2500GeV_075,0.7846197389885233,2500.0,0.75
15,Zprime_3000GeV_015,0.880946029685168,3000.0,0.15
16,Zprime_3000GeV_030,0.8611649428632026,3000.0,0.3
17,Zprime_3000GeV_045,0.8396232792375478,3000.0,0.45
18,Zprime_3000GeV_060,0.812710971991403,3000.0,0.6
19,Zprime_3000GeV_075,0.7807553343437428,3000.0,0.75
20,Zprime_3500GeV_015,0.8772859323911745,3500.0,0.15
21,Zprime_3500GeV_030,0.8668037107382711,3500.0,0.3
22,Zprime_3500GeV_045,0.8412210368468208,3500.0,0.45
23,Zprime_3500GeV_060,0.8146395126778665,3500.0,0.6
24,Zprime_3500GeV_075,0.7802309890629365,3500.0,0.75
25,Zprime_4000GeV_015,0.8849215407864239,4000.0,0.15
26,Zprime_4000GeV_030,0.8711643464106585,4000.0,0.3
27,Zprime_4000GeV_045,0.8433457974676694,4000.0,0.45
28,Zprime_4000GeV_060,0.8140549264914866,4000.0,0.6
29,Zprime_4000GeV_075,0.7725192005957153,4000.0,0.75
