,name,auc,mass,nu
0,Zprime_1500GeV_015,0.8816225428509235,1500.0,0.15
1,Zprime_1500GeV_030,0.8673679822211514,1500.0,0.3
2,Zprime_1500GeV_045,0.848283919921644,1500.0,0.45
3,Zprime_1500GeV_060,0.8297682470220791,1500.0,0.6
4,Zprime_1500GeV_075,0.7882091210751044,1500.0,0.75
5,Zprime_2000GeV_015,0.8758811552868794,2000.0,0.15
6,Zprime_2000GeV_030,0.8618378368285785,2000.0,0.3
7,Zprime_2000GeV_045,0.8389780233801435,2000.0,0.45
8,Zprime_2000GeV_060,0.8152200930401527,2000.0,0.6
9,Zprime_2000GeV_075,0.7902322610780685,2000.0,0.75
10,Zprime_2500GeV_015,0.8728513447075203,2500.0,0.15
11,Zprime_2500GeV_030,0.8567436427462847,2500.0,0.3
12,Zprime_2500GeV_045,0.8385688980470201,2500.0,0.45
13,Zprime_2500GeV_060,0.8125873989673424,2500.0,0.6
14,Zprime_2500GeV_075,0.7783308942611611,2500.0,0.75
15,Zprime_3000GeV_015,0.8765976355301704,3000.0,0.15
16,Zprime_3000GeV_030,0.8556550486921359,3000.0,0.3
17,Zprime_3000GeV_045,0.8344390627786612,3000.0,0.45
18,Zprime_3000GeV_060,0.8043638622564526,3000.0,0.6
19,Zprime_3000GeV_075,0.7707077796471632,3000.0,0.75
20,Zprime_3500GeV_015,0.8713424107994016,3500.0,0.15
21,Zprime_3500GeV_030,0.8590643281510584,3500.0,0.3
22,Zprime_3500GeV_045,0.8321910659298872,3500.0,0.45
23,Zprime_3500GeV_060,0.8064360527428056,3500.0,0.6
24,Zprime_3500GeV_075,0.7676146565246351,3500.0,0.75
25,Zprime_4000GeV_015,0.8764549473788311,4000.0,0.15
26,Zprime_4000GeV_030,0.8647488767560995,4000.0,0.3
27,Zprime_4000GeV_045,0.8343152441660578,4000.0,0.45
28,Zprime_4000GeV_060,0.8072550662156132,4000.0,0.6
29,Zprime_4000GeV_075,0.7621157536338503,4000.0,0.75
