,name,auc,mass,nu
0,Zprime_1500GeV_015,0.8394084157560233,1500.0,0.15
1,Zprime_1500GeV_030,0.8219517501450395,1500.0,0.3
2,Zprime_1500GeV_045,0.7976313980108567,1500.0,0.45
3,Zprime_1500GeV_060,0.7756751431047043,1500.0,0.6
4,Zprime_1500GeV_075,0.7202326187532143,1500.0,0.75
5,Zprime_2000GeV_015,0.8376221455285441,2000.0,0.15
6,Zprime_2000GeV_030,0.8248378408734578,2000.0,0.3
7,Zprime_2000GeV_045,0.7973415293329963,2000.0,0.45
8,Zprime_2000GeV_060,0.7700745285782701,2000.0,0.6
9,Zprime_2000GeV_075,0.7399413114158689,2000.0,0.75
10,Zprime_2500GeV_015,0.8315971495620909,2500.0,0.15
11,Zprime_2500GeV_030,0.8153105372696077,2500.0,0.3
12,Zprime_2500GeV_045,0.7965462518461919,2500.0,0.45
13,Zprime_2500GeV_060,0.7670672980315233,2500.0,0.6
14,Zprime_2500GeV_075,0.7269108415951941,2500.0,0.75
15,Zprime_3000GeV_015,0.8365797378664759,3000.0,0.15
16,Zprime_3000GeV_030,0.8125346690171287,3000.0,0.3
17,Zprime_3000GeV_045,0.7887190981555023,3000.0,0.45
18,Zprime_3000GeV_060,0.7585256960872206,3000.0,0.6
19,Zprime_3000GeV_075,0.7284313409288038,3000.0,0.75
20,Zprime_3500GeV_015,0.831979532613033,3500.0,0.15
21,Zprime_3500GeV_030,0.8187290571192771,3500.0,0.3
22,Zprime_3500GeV_045,0.7890547023290296,3500.0,0.45
23,Zprime_3500GeV_060,0.7656632436664836,3500.0,0.6
24,Zprime_3500GeV_075,0.7257480392788843,3500.0,0.75
25,Zprime_4000GeV_015,0.841246219109622,4000.0,0.15
26,Zprime_4000GeV_030,0.830821610997773,4000.0,0.3
27,Zprime_4000GeV_045,0.7958551910701612,4000.0,0.45
28,Zprime_4000GeV_060,0.7667712515442009,4000.0,0.6
29,Zprime_4000GeV_075,0.7233882386804211,4000.0,0.75
