,name,auc,mass,nu
0,Zprime_1500GeV_015,0.8359091299770085,1500.0,0.15
1,Zprime_1500GeV_030,0.8099542768466004,1500.0,0.3
2,Zprime_1500GeV_045,0.7926132404640346,1500.0,0.45
3,Zprime_1500GeV_060,0.7690531751662809,1500.0,0.6
4,Zprime_1500GeV_075,0.7200477437858989,1500.0,0.75
5,Zprime_2000GeV_015,0.8198814403873903,2000.0,0.15
6,Zprime_2000GeV_030,0.8070243288909466,2000.0,0.3
7,Zprime_2000GeV_045,0.7824103088341361,2000.0,0.45
8,Zprime_2000GeV_060,0.756815928841022,2000.0,0.6
9,Zprime_2000GeV_075,0.7343780358254948,2000.0,0.75
10,Zprime_2500GeV_015,0.8145960017525024,2500.0,0.15
11,Zprime_2500GeV_030,0.8006426361033339,2500.0,0.3
12,Zprime_2500GeV_045,0.7822275830282681,2500.0,0.45
13,Zprime_2500GeV_060,0.7530564575036205,2500.0,0.6
14,Zprime_2500GeV_075,0.7214145090368417,2500.0,0.75
15,Zprime_3000GeV_015,0.8208137830150196,3000.0,0.15
16,Zprime_3000GeV_030,0.7981673123806533,3000.0,0.3
17,Zprime_3000GeV_045,0.7749709660860187,3000.0,0.45
18,Zprime_3000GeV_060,0.7492846420660222,3000.0,0.6
19,Zprime_3000GeV_075,0.7204925009635847,3000.0,0.75
20,Zprime_3500GeV_015,0.81837537146021,3500.0,0.15
21,Zprime_3500GeV_030,0.8022945684169248,3500.0,0.3
22,Zprime_3500GeV_045,0.7746188266647086,3500.0,0.45
23,Zprime_3500GeV_060,0.753177254214723,3500.0,0.6
24,Zprime_3500GeV_075,0.7149175852510797,3500.0,0.75
25,Zprime_4000GeV_015,0.8315742309215816,4000.0,0.15
26,Zprime_4000GeV_030,0.813978409445478,4000.0,0.3
27,Zprime_4000GeV_045,0.7799910816590022,4000.0,0.45
28,Zprime_4000GeV_060,0.7549065708825591,4000.0,0.6
29,Zprime_4000GeV_075,0.7096353562465455,4000.0,0.75
