,name,auc,mass,nu
0,Zprime_1500GeV_015,0.8787092546036659,1500.0,0.15
1,Zprime_1500GeV_030,0.8695176203353505,1500.0,0.3
2,Zprime_1500GeV_045,0.8488241054296276,1500.0,0.45
3,Zprime_1500GeV_060,0.8244953471972045,1500.0,0.6
4,Zprime_1500GeV_075,0.7875719651971826,1500.0,0.75
5,Zprime_2000GeV_015,0.8772610285442988,2000.0,0.15
6,Zprime_2000GeV_030,0.8626452510616486,2000.0,0.3
7,Zprime_2000GeV_045,0.8441762898640345,2000.0,0.45
8,Zprime_2000GeV_060,0.8189503294273673,2000.0,0.6
9,Zprime_2000GeV_075,0.7952583301351628,2000.0,0.75
10,Zprime_2500GeV_015,0.870139585925045,2500.0,0.15
11,Zprime_2500GeV_030,0.8570177354831922,2500.0,0.3
12,Zprime_2500GeV_045,0.8386445608544213,2500.0,0.45
13,Zprime_2500GeV_060,0.8164455734147692,2500.0,0.6
14,Zprime_2500GeV_075,0.7803382006662597,2500.0,0.75
15,Zprime_3000GeV_015,0.8733869662983458,3000.0,0.15
16,Zprime_3000GeV_030,0.8536504215916736,3000.0,0.3
17,Zprime_3000GeV_045,0.8329785415785889,3000.0,0.45
18,Zprime_3000GeV_060,0.8060863732483501,3000.0,0.6
19,Zprime_3000GeV_075,0.7731731405706054,3000.0,0.75
20,Zprime_3500GeV_015,0.8677990543162026,3500.0,0.15
21,Zprime_3500GeV_030,0.8563714876097575,3500.0,0.3
22,Zprime_3500GeV_045,0.8303713424055599,3500.0,0.45
23,Zprime_3500GeV_060,0.8081534309943488,3500.0,0.6
24,Zprime_3500GeV_075,0.7729330454027805,3500.0,0.75
25,Zprime_4000GeV_015,0.8751577584781625,4000.0,0.15
26,Zprime_4000GeV_030,0.8622113544629689,4000.0,0.3
27,Zprime_4000GeV_045,0.8343881153162669,4000.0,0.45
28,Zprime_4000GeV_060,0.8072007590173373,4000.0,0.6
29,Zprime_4000GeV_075,0.7671494521323747,4000.0,0.75
