,name,auc,mass,nu
0,Zprime_1500GeV_015,0.8758145342335601,1500.0,0.15
1,Zprime_1500GeV_030,0.8695727036974805,1500.0,0.3
2,Zprime_1500GeV_045,0.8498444619344923,1500.0,0.45
3,Zprime_1500GeV_060,0.829829582999435,1500.0,0.6
4,Zprime_1500GeV_075,0.7923289027524185,1500.0,0.75
5,Zprime_2000GeV_015,0.8735617058608093,2000.0,0.15
6,Zprime_2000GeV_030,0.8598346316798602,2000.0,0.3
7,Zprime_2000GeV_045,0.8399876152972471,2000.0,0.45
8,Zprime_2000GeV_060,0.8164056399368903,2000.0,0.6
9,Zprime_2000GeV_075,0.7956013118347364,2000.0,0.75
10,Zprime_2500GeV_015,0.8697395392862606,2500.0,0.15
11,Zprime_2500GeV_030,0.8549069796636197,2500.0,0.3
12,Zprime_2500GeV_045,0.8373477858646934,2500.0,0.45
13,Zprime_2500GeV_060,0.8157424790685427,2500.0,0.6
14,Zprime_2500GeV_075,0.7820010590854294,2500.0,0.75
15,Zprime_3000GeV_015,0.8736226263460991,3000.0,0.15
16,Zprime_3000GeV_030,0.8544842918485538,3000.0,0.3
17,Zprime_3000GeV_045,0.8344864124419684,3000.0,0.45
18,Zprime_3000GeV_060,0.8054803619401811,3000.0,0.6
19,Zprime_3000GeV_075,0.7740450299252072,3000.0,0.75
20,Zprime_3500GeV_015,0.8674145580658108,3500.0,0.15
21,Zprime_3500GeV_030,0.8582835670599612,3500.0,0.3
22,Zprime_3500GeV_045,0.832123786207789,3500.0,0.45
23,Zprime_3500GeV_060,0.8072852952964189,3500.0,0.6
24,Zprime_3500GeV_075,0.7719437890801264,3500.0,0.75
25,Zprime_4000GeV_015,0.8711345009601815,4000.0,0.15
26,Zprime_4000GeV_030,0.8619184757657443,4000.0,0.3
27,Zprime_4000GeV_045,0.8341088835211523,4000.0,0.45
28,Zprime_4000GeV_060,0.8075644738829737,4000.0,0.6
29,Zprime_4000GeV_075,0.7671370223526179,4000.0,0.75
