,name,auc,mass,nu
0,Zprime_1500GeV_015,0.8340602832407041,1500.0,0.15
1,Zprime_1500GeV_030,0.8168075321279985,1500.0,0.3
2,Zprime_1500GeV_045,0.7997816526030649,1500.0,0.45
3,Zprime_1500GeV_060,0.7726686022533265,1500.0,0.6
4,Zprime_1500GeV_075,0.7228158452776516,1500.0,0.75
5,Zprime_2000GeV_015,0.8382040586400163,2000.0,0.15
6,Zprime_2000GeV_030,0.8226934916236267,2000.0,0.3
7,Zprime_2000GeV_045,0.7965601217135043,2000.0,0.45
8,Zprime_2000GeV_060,0.7681002906985258,2000.0,0.6
9,Zprime_2000GeV_075,0.742545633202877,2000.0,0.75
10,Zprime_2500GeV_015,0.8341101327750149,2500.0,0.15
11,Zprime_2500GeV_030,0.8161851346434295,2500.0,0.3
12,Zprime_2500GeV_045,0.7959871918554415,2500.0,0.45
13,Zprime_2500GeV_060,0.7649964233365464,2500.0,0.6
14,Zprime_2500GeV_075,0.7283976148006633,2500.0,0.75
15,Zprime_3000GeV_015,0.8351164127324731,3000.0,0.15
16,Zprime_3000GeV_030,0.8120506089982209,3000.0,0.3
17,Zprime_3000GeV_045,0.7877562445002435,3000.0,0.45
18,Zprime_3000GeV_060,0.7585026080943691,3000.0,0.6
19,Zprime_3000GeV_075,0.7258917601204684,3000.0,0.75
20,Zprime_3500GeV_015,0.8297715243408559,3500.0,0.15
21,Zprime_3500GeV_030,0.8148297838232991,3500.0,0.3
22,Zprime_3500GeV_045,0.7842173414557765,3500.0,0.45
23,Zprime_3500GeV_060,0.7637076483678886,3500.0,0.6
24,Zprime_3500GeV_075,0.7259064655450267,3500.0,0.75
25,Zprime_4000GeV_015,0.833483298386718,4000.0,0.15
26,Zprime_4000GeV_030,0.8243618331316247,4000.0,0.3
27,Zprime_4000GeV_045,0.7897524658258767,4000.0,0.45
28,Zprime_4000GeV_060,0.7633725715641126,4000.0,0.6
29,Zprime_4000GeV_075,0.7213935098545998,4000.0,0.75
