,name,auc,mass,nu
0,Zprime_1500GeV_015,0.8665774240772349,1500.0,0.15
1,Zprime_1500GeV_030,0.85472133102538,1500.0,0.3
2,Zprime_1500GeV_045,0.8306543690179726,1500.0,0.45
3,Zprime_1500GeV_060,0.81380461569938,1500.0,0.6
4,Zprime_1500GeV_075,0.7776626669490719,1500.0,0.75
5,Zprime_2000GeV_015,0.8713382203735349,2000.0,0.15
6,Zprime_2000GeV_030,0.855788566204801,2000.0,0.3
7,Zprime_2000GeV_045,0.8346878638469934,2000.0,0.45
8,Zprime_2000GeV_060,0.8079756002579932,2000.0,0.6
9,Zprime_2000GeV_075,0.777961349598082,2000.0,0.75
10,Zprime_2500GeV_015,0.8736420272453242,2500.0,0.15
11,Zprime_2500GeV_030,0.8551487604495327,2500.0,0.3
12,Zprime_2500GeV_045,0.8354315131022165,2500.0,0.45
13,Zprime_2500GeV_060,0.8104292279574079,2500.0,0.6
14,Zprime_2500GeV_075,0.7675278083085179,2500.0,0.75
15,Zprime_3000GeV_015,0.8803236797063576,3000.0,0.15
16,Zprime_3000GeV_030,0.8578670890589517,3000.0,0.3
17,Zprime_3000GeV_045,0.8369428073329066,3000.0,0.45
18,Zprime_3000GeV_060,0.8051592278463311,3000.0,0.6
19,Zprime_3000GeV_075,0.7689857617419076,3000.0,0.75
20,Zprime_3500GeV_015,0.8793079792934608,3500.0,0.15
21,Zprime_3500GeV_030,0.8658390142371784,3500.0,0.3
22,Zprime_3500GeV_045,0.8368012566122438,3500.0,0.45
23,Zprime_3500GeV_060,0.8075219834946803,3500.0,0.6
24,Zprime_3500GeV_075,0.7679590343582802,3500.0,0.75
25,Zprime_4000GeV_015,0.8837915338436233,4000.0,0.15
26,Zprime_4000GeV_030,0.8732062409265107,4000.0,0.3
27,Zprime_4000GeV_045,0.8376510914135422,4000.0,0.45
28,Zprime_4000GeV_060,0.807332934409244,4000.0,0.6
29,Zprime_4000GeV_075,0.7621030312247493,4000.0,0.75
