,name,auc,mass,nu
0,Zprime_1500GeV_015,0.8467809139973299,1500.0,0.15
1,Zprime_1500GeV_030,0.8220740035063137,1500.0,0.3
2,Zprime_1500GeV_045,0.8002665456932259,1500.0,0.45
3,Zprime_1500GeV_060,0.7737783630387028,1500.0,0.6
4,Zprime_1500GeV_075,0.7186838548760808,1500.0,0.75
5,Zprime_2000GeV_015,0.8384668742805411,2000.0,0.15
6,Zprime_2000GeV_030,0.8236405309946899,2000.0,0.3
7,Zprime_2000GeV_045,0.7964006208894738,2000.0,0.45
8,Zprime_2000GeV_060,0.7651682430584107,2000.0,0.6
9,Zprime_2000GeV_075,0.7345058266543474,2000.0,0.75
10,Zprime_2500GeV_015,0.834830099466408,2500.0,0.15
11,Zprime_2500GeV_030,0.8173313061516239,2500.0,0.3
12,Zprime_2500GeV_045,0.7951728683953112,2500.0,0.45
13,Zprime_2500GeV_060,0.7667181127716938,2500.0,0.6
14,Zprime_2500GeV_075,0.7256115746879178,2500.0,0.75
15,Zprime_3000GeV_015,0.836723124320079,3000.0,0.15
16,Zprime_3000GeV_030,0.8144751061303848,3000.0,0.3
17,Zprime_3000GeV_045,0.7897101716809403,3000.0,0.45
18,Zprime_3000GeV_060,0.7606086598792818,3000.0,0.6
19,Zprime_3000GeV_075,0.7289731806294822,3000.0,0.75
20,Zprime_3500GeV_015,0.831785257876495,3500.0,0.15
21,Zprime_3500GeV_030,0.816029534277678,3500.0,0.3
22,Zprime_3500GeV_045,0.7881303338126885,3500.0,0.45
23,Zprime_3500GeV_060,0.7622796706485402,3500.0,0.6
24,Zprime_3500GeV_075,0.722628161327059,3500.0,0.75
25,Zprime_4000GeV_015,0.8393193179624616,4000.0,0.15
26,Zprime_4000GeV_030,0.8250027748194836,4000.0,0.3
27,Zprime_4000GeV_045,0.7908397447107798,4000.0,0.45
28,Zprime_4000GeV_060,0.7625173526602786,4000.0,0.6
29,Zprime_4000GeV_075,0.7174687929616456,4000.0,0.75
