,name,auc,mass,nu
0,Zprime_1500GeV_015,0.884361479899514,1500.0,0.15
1,Zprime_1500GeV_030,0.882706915300018,1500.0,0.3
2,Zprime_1500GeV_045,0.858708435009336,1500.0,0.45
3,Zprime_1500GeV_060,0.840405996739815,1500.0,0.6
4,Zprime_1500GeV_075,0.8087642873467665,1500.0,0.75
5,Zprime_2000GeV_015,0.8845290522137478,2000.0,0.15
6,Zprime_2000GeV_030,0.8700065303467241,2000.0,0.3
7,Zprime_2000GeV_045,0.8516698907206384,2000.0,0.45
8,Zprime_2000GeV_060,0.8283495455006079,2000.0,0.6
9,Zprime_2000GeV_075,0.8047930264558294,2000.0,0.75
10,Zprime_2500GeV_015,0.8817235225679761,2500.0,0.15
11,Zprime_2500GeV_030,0.8648187932740041,2500.0,0.3
12,Zprime_2500GeV_045,0.8471517303020718,2500.0,0.45
13,Zprime_2500GeV_060,0.8252768979953606,2500.0,0.6
14,Zprime_2500GeV_075,0.7937588013817047,2500.0,0.75
15,Zprime_3000GeV_015,0.8865094570663277,3000.0,0.15
16,Zprime_3000GeV_030,0.8661020144561292,3000.0,0.3
17,Zprime_3000GeV_045,0.8440277948098608,3000.0,0.45
18,Zprime_3000GeV_060,0.816739566034012,3000.0,0.6
19,Zprime_3000GeV_075,0.7879571566038277,3000.0,0.75
20,Zprime_3500GeV_015,0.8812968457601977,3500.0,0.15
21,Zprime_3500GeV_030,0.8699956158207697,3500.0,0.3
22,Zprime_3500GeV_045,0.8440267267975347,3500.0,0.45
23,Zprime_3500GeV_060,0.8194463253018821,3500.0,0.6
24,Zprime_3500GeV_075,0.785901254861514,3500.0,0.75
25,Zprime_4000GeV_015,0.8856809172941144,4000.0,0.15
26,Zprime_4000GeV_030,0.8745372747345933,4000.0,0.3
27,Zprime_4000GeV_045,0.8457803988197867,4000.0,0.45
28,Zprime_4000GeV_060,0.8167199302178103,4000.0,0.6
29,Zprime_4000GeV_075,0.7784795726184661,4000.0,0.75
