,name,auc,mass,nu
0,Zprime_1500GeV_015,0.8714851826004743,1500.0,0.15
1,Zprime_1500GeV_030,0.8621355911963842,1500.0,0.3
2,Zprime_1500GeV_045,0.8445433082392511,1500.0,0.45
3,Zprime_1500GeV_060,0.8221589746608033,1500.0,0.6
4,Zprime_1500GeV_075,0.7813135638507908,1500.0,0.75
5,Zprime_2000GeV_015,0.8700696575378221,2000.0,0.15
6,Zprime_2000GeV_030,0.857396593470906,2000.0,0.3
7,Zprime_2000GeV_045,0.8358192776559845,2000.0,0.45
8,Zprime_2000GeV_060,0.8117764771373198,2000.0,0.6
9,Zprime_2000GeV_075,0.790038126908306,2000.0,0.75
10,Zprime_2500GeV_015,0.8654932135637804,2500.0,0.15
11,Zprime_2500GeV_030,0.8504304721614057,2500.0,0.3
12,Zprime_2500GeV_045,0.8329853485135978,2500.0,0.45
13,Zprime_2500GeV_060,0.8079945968144985,2500.0,0.6
14,Zprime_2500GeV_075,0.7734478861333863,2500.0,0.75
15,Zprime_3000GeV_015,0.8697492874253939,3000.0,0.15
16,Zprime_3000GeV_030,0.8490487955857362,3000.0,0.3
17,Zprime_3000GeV_045,0.8289200158828782,3000.0,0.45
18,Zprime_3000GeV_060,0.799935605841786,3000.0,0.6
19,Zprime_3000GeV_075,0.7674278781545232,3000.0,0.75
20,Zprime_3500GeV_015,0.8653141610301311,3500.0,0.15
21,Zprime_3500GeV_030,0.8515582077331402,3500.0,0.3
22,Zprime_3500GeV_045,0.8258490384755945,3500.0,0.45
23,Zprime_3500GeV_060,0.8021330748735376,3500.0,0.6
24,Zprime_3500GeV_075,0.7643054964653302,3500.0,0.75
25,Zprime_4000GeV_015,0.8698122532691589,4000.0,0.15
26,Zprime_4000GeV_030,0.8585800955521478,4000.0,0.3
27,Zprime_4000GeV_045,0.8286628570088153,4000.0,0.45
28,Zprime_4000GeV_060,0.8002241102080448,4000.0,0.6
29,Zprime_4000GeV_075,0.757792489509029,4000.0,0.75
