,name,auc,mass,nu
0,Zprime_1500GeV_015,0.8781359859939816,1500.0,0.15
1,Zprime_1500GeV_030,0.8645124316675703,1500.0,0.3
2,Zprime_1500GeV_045,0.8467492945137731,1500.0,0.45
3,Zprime_1500GeV_060,0.8205957696069776,1500.0,0.6
4,Zprime_1500GeV_075,0.7868977645616593,1500.0,0.75
5,Zprime_2000GeV_015,0.8706426384721584,2000.0,0.15
6,Zprime_2000GeV_030,0.8591630195764821,2000.0,0.3
7,Zprime_2000GeV_045,0.8372341343933254,2000.0,0.45
8,Zprime_2000GeV_060,0.815113107212909,2000.0,0.6
9,Zprime_2000GeV_075,0.7917164525048316,2000.0,0.75
10,Zprime_2500GeV_015,0.8671578020504709,2500.0,0.15
11,Zprime_2500GeV_030,0.8515750960945487,2500.0,0.3
12,Zprime_2500GeV_045,0.8336308727790469,2500.0,0.45
13,Zprime_2500GeV_060,0.8102076877588431,2500.0,0.6
14,Zprime_2500GeV_075,0.7742320255500634,2500.0,0.75
15,Zprime_3000GeV_015,0.8701214573136219,3000.0,0.15
16,Zprime_3000GeV_030,0.8491524820650707,3000.0,0.3
17,Zprime_3000GeV_045,0.8286952679799127,3000.0,0.45
18,Zprime_3000GeV_060,0.8012420297314173,3000.0,0.6
19,Zprime_3000GeV_075,0.7690346803745916,3000.0,0.75
20,Zprime_3500GeV_015,0.8679263352459676,3500.0,0.15
21,Zprime_3500GeV_030,0.8530538765836894,3500.0,0.3
22,Zprime_3500GeV_045,0.8275774252438128,3500.0,0.45
23,Zprime_3500GeV_060,0.8041140675136725,3500.0,0.6
24,Zprime_3500GeV_075,0.7691605535142569,3500.0,0.75
25,Zprime_4000GeV_015,0.8727441669850119,4000.0,0.15
26,Zprime_4000GeV_030,0.8603123716622344,4000.0,0.3
27,Zprime_4000GeV_045,0.8293345432086421,4000.0,0.45
28,Zprime_4000GeV_060,0.8038098103888578,4000.0,0.6
29,Zprime_4000GeV_075,0.7632868562687434,4000.0,0.75
