,name,auc,mass,nu
0,Zprime_1500GeV_015,0.8350560586399252,1500.0,0.15
1,Zprime_1500GeV_030,0.8168128159037422,1500.0,0.3
2,Zprime_1500GeV_045,0.7954197012979497,1500.0,0.45
3,Zprime_1500GeV_060,0.7733974116433148,1500.0,0.6
4,Zprime_1500GeV_075,0.722460466755574,1500.0,0.75
5,Zprime_2000GeV_015,0.8362711423436534,2000.0,0.15
6,Zprime_2000GeV_030,0.8209312127993771,2000.0,0.3
7,Zprime_2000GeV_045,0.7952480239715212,2000.0,0.45
8,Zprime_2000GeV_060,0.7652466240190561,2000.0,0.6
9,Zprime_2000GeV_075,0.7396596638743079,2000.0,0.75
10,Zprime_2500GeV_015,0.8339293744125053,2500.0,0.15
11,Zprime_2500GeV_030,0.8166128115606163,2500.0,0.3
12,Zprime_2500GeV_045,0.7954096495874768,2500.0,0.45
13,Zprime_2500GeV_060,0.7648890761946684,2500.0,0.6
14,Zprime_2500GeV_075,0.7250661941941493,2500.0,0.75
15,Zprime_3000GeV_015,0.8364034937350343,3000.0,0.15
16,Zprime_3000GeV_030,0.812721797441371,3000.0,0.3
17,Zprime_3000GeV_045,0.7883517768350934,3000.0,0.45
18,Zprime_3000GeV_060,0.7581268340342431,3000.0,0.6
19,Zprime_3000GeV_075,0.7263562820440251,3000.0,0.75
20,Zprime_3500GeV_015,0.8301194320405281,3500.0,0.15
21,Zprime_3500GeV_030,0.8160743499572805,3500.0,0.3
22,Zprime_3500GeV_045,0.7852045539751501,3500.0,0.45
23,Zprime_3500GeV_060,0.7631104286294966,3500.0,0.6
24,Zprime_3500GeV_075,0.7224186059004276,3500.0,0.75
25,Zprime_4000GeV_015,0.8385432532167504,4000.0,0.15
26,Zprime_4000GeV_030,0.8250323388471097,4000.0,0.3
27,Zprime_4000GeV_045,0.7903154264160981,4000.0,0.45
28,Zprime_4000GeV_060,0.7649247982693241,4000.0,0.6
29,Zprime_4000GeV_075,0.7180251370836097,4000.0,0.75
