,name,auc,mass,nu
0,Zprime_1500GeV_015,0.8389295046604206,1500.0,0.15
1,Zprime_1500GeV_030,0.8168516516554597,1500.0,0.3
2,Zprime_1500GeV_045,0.8012707043199796,1500.0,0.45
3,Zprime_1500GeV_060,0.772898423525247,1500.0,0.6
4,Zprime_1500GeV_075,0.7235496244875476,1500.0,0.75
5,Zprime_2000GeV_015,0.8318107389241517,2000.0,0.15
6,Zprime_2000GeV_030,0.8180934739524535,2000.0,0.3
7,Zprime_2000GeV_045,0.7915648251623388,2000.0,0.45
8,Zprime_2000GeV_060,0.7655086842059826,2000.0,0.6
9,Zprime_2000GeV_075,0.7348624306114838,2000.0,0.75
10,Zprime_2500GeV_015,0.8280016155804809,2500.0,0.15
11,Zprime_2500GeV_030,0.8107732545732942,2500.0,0.3
12,Zprime_2500GeV_045,0.7918789042037514,2500.0,0.45
13,Zprime_2500GeV_060,0.7627565591967053,2500.0,0.6
14,Zprime_2500GeV_075,0.7245004101971236,2500.0,0.75
15,Zprime_3000GeV_015,0.8351758616301429,3000.0,0.15
16,Zprime_3000GeV_030,0.8117057969130985,3000.0,0.3
17,Zprime_3000GeV_045,0.7874769277875397,3000.0,0.45
18,Zprime_3000GeV_060,0.757425803024401,3000.0,0.6
19,Zprime_3000GeV_075,0.7289423744119887,3000.0,0.75
20,Zprime_3500GeV_015,0.8329603516434808,3500.0,0.15
21,Zprime_3500GeV_030,0.8177691527620364,3500.0,0.3
22,Zprime_3500GeV_045,0.7891581187477517,3500.0,0.45
23,Zprime_3500GeV_060,0.7645810164190057,3500.0,0.6
24,Zprime_3500GeV_075,0.7248871376694814,3500.0,0.75
25,Zprime_4000GeV_015,0.8455540401625092,4000.0,0.15
26,Zprime_4000GeV_030,0.8289022284505287,4000.0,0.3
27,Zprime_4000GeV_045,0.7954123733040518,4000.0,0.45
28,Zprime_4000GeV_060,0.7646291124710439,4000.0,0.6
29,Zprime_4000GeV_075,0.7250951595790028,4000.0,0.75
