,name,auc,mass,nu
0,Zprime_1500GeV_015,0.8639038833255325,1500.0,0.15
1,Zprime_1500GeV_030,0.8538979866700904,1500.0,0.3
2,Zprime_1500GeV_045,0.8325585805870792,1500.0,0.45
3,Zprime_1500GeV_060,0.8089942150148317,1500.0,0.6
4,Zprime_1500GeV_075,0.7679919620550059,1500.0,0.75
5,Zprime_2000GeV_015,0.8675824449633767,2000.0,0.15
6,Zprime_2000GeV_030,0.8550965334343154,2000.0,0.3
7,Zprime_2000GeV_045,0.8303033025683855,2000.0,0.45
8,Zprime_2000GeV_060,0.8017270198668958,2000.0,0.6
9,Zprime_2000GeV_075,0.7729392244225455,2000.0,0.75
10,Zprime_2500GeV_015,0.863222211137794,2500.0,0.15
11,Zprime_2500GeV_030,0.8483370734580976,2500.0,0.3
12,Zprime_2500GeV_045,0.8279512763462419,2500.0,0.45
13,Zprime_2500GeV_060,0.8008627378819133,2500.0,0.6
14,Zprime_2500GeV_075,0.7622943774637807,2500.0,0.75
15,Zprime_3000GeV_015,0.8643173072462665,3000.0,0.15
16,Zprime_3000GeV_030,0.8432143086716712,3000.0,0.3
17,Zprime_3000GeV_045,0.8227723268497651,3000.0,0.45
18,Zprime_3000GeV_060,0.794591869281993,3000.0,0.6
19,Zprime_3000GeV_075,0.7602939396722295,3000.0,0.75
20,Zprime_3500GeV_015,0.857141634742365,3500.0,0.15
21,Zprime_3500GeV_030,0.8446623548895628,3500.0,0.3
22,Zprime_3500GeV_045,0.818055442880232,3500.0,0.45
23,Zprime_3500GeV_060,0.7949638679652972,3500.0,0.6
24,Zprime_3500GeV_075,0.7573365886675691,3500.0,0.75
25,Zprime_4000GeV_015,0.8626107939523517,4000.0,0.15
26,Zprime_4000GeV_030,0.8515131769689452,4000.0,0.3
27,Zprime_4000GeV_045,0.822156510822676,4000.0,0.45
28,Zprime_4000GeV_060,0.7955290208058865,4000.0,0.6
29,Zprime_4000GeV_075,0.7494820669631254,4000.0,0.75
