,name,auc,mass,nu
0,Zprime_1500GeV_015,0.8831111260588361,1500.0,0.15
1,Zprime_1500GeV_030,0.877320171976333,1500.0,0.3
2,Zprime_1500GeV_045,0.8584249446883643,1500.0,0.45
3,Zprime_1500GeV_060,0.8398231971588399,1500.0,0.6
4,Zprime_1500GeV_075,0.8024831428911877,1500.0,0.75
5,Zprime_2000GeV_015,0.8838247204245647,2000.0,0.15
6,Zprime_2000GeV_030,0.8688491231170979,2000.0,0.3
7,Zprime_2000GeV_045,0.8491908965113854,2000.0,0.45
8,Zprime_2000GeV_060,0.8273486959458327,2000.0,0.6
9,Zprime_2000GeV_075,0.8025425887076426,2000.0,0.75
10,Zprime_2500GeV_015,0.8755514302640731,2500.0,0.15
11,Zprime_2500GeV_030,0.8608815600454721,2500.0,0.3
12,Zprime_2500GeV_045,0.8452557785879928,2500.0,0.45
13,Zprime_2500GeV_060,0.8242108829551329,2500.0,0.6
14,Zprime_2500GeV_075,0.788687826318877,2500.0,0.75
15,Zprime_3000GeV_015,0.8796710610863067,3000.0,0.15
16,Zprime_3000GeV_030,0.8613685218610893,3000.0,0.3
17,Zprime_3000GeV_045,0.8415201619326358,3000.0,0.45
18,Zprime_3000GeV_060,0.8130574373967376,3000.0,0.6
19,Zprime_3000GeV_075,0.7861929123766256,3000.0,0.75
20,Zprime_3500GeV_015,0.8750036272082883,3500.0,0.15
21,Zprime_3500GeV_030,0.8654017346239742,3500.0,0.3
22,Zprime_3500GeV_045,0.8422313485824613,3500.0,0.45
23,Zprime_3500GeV_060,0.8152794611039978,3500.0,0.6
24,Zprime_3500GeV_075,0.7823409076258623,3500.0,0.75
25,Zprime_4000GeV_015,0.8782519727982073,4000.0,0.15
26,Zprime_4000GeV_030,0.8690163297086283,4000.0,0.3
27,Zprime_4000GeV_045,0.8424244138240271,4000.0,0.45
28,Zprime_4000GeV_060,0.8138734701332,4000.0,0.6
29,Zprime_4000GeV_075,0.77456689533281,4000.0,0.75
