,name,auc,mass,nu
0,Zprime_1500GeV_015,0.8847441650154101,1500.0,0.15
1,Zprime_1500GeV_030,0.8770284415080742,1500.0,0.3
2,Zprime_1500GeV_045,0.8565754764564666,1500.0,0.45
3,Zprime_1500GeV_060,0.8354598807732085,1500.0,0.6
4,Zprime_1500GeV_075,0.8006710891549415,1500.0,0.75
5,Zprime_2000GeV_015,0.8840372356032844,2000.0,0.15
6,Zprime_2000GeV_030,0.8694272677876169,2000.0,0.3
7,Zprime_2000GeV_045,0.8500144041337867,2000.0,0.45
8,Zprime_2000GeV_060,0.8272493111192207,2000.0,0.6
9,Zprime_2000GeV_075,0.8016282654999306,2000.0,0.75
10,Zprime_2500GeV_015,0.8775616680064193,2500.0,0.15
11,Zprime_2500GeV_030,0.863300778928914,2500.0,0.3
12,Zprime_2500GeV_045,0.8453181286920228,2500.0,0.45
13,Zprime_2500GeV_060,0.8250221311274661,2500.0,0.6
14,Zprime_2500GeV_075,0.7869338159940542,2500.0,0.75
15,Zprime_3000GeV_015,0.8811037382934526,3000.0,0.15
16,Zprime_3000GeV_030,0.8628424731057809,3000.0,0.3
17,Zprime_3000GeV_045,0.842018661002169,3000.0,0.45
18,Zprime_3000GeV_060,0.8145761337962767,3000.0,0.6
19,Zprime_3000GeV_075,0.7832392610324577,3000.0,0.75
20,Zprime_3500GeV_015,0.8771991836882544,3500.0,0.15
21,Zprime_3500GeV_030,0.8665085863483402,3500.0,0.3
22,Zprime_3500GeV_045,0.8423629880774195,3500.0,0.45
23,Zprime_3500GeV_060,0.815865359453504,3500.0,0.6
24,Zprime_3500GeV_075,0.7800724875910527,3500.0,0.75
25,Zprime_4000GeV_015,0.8820880295215812,4000.0,0.15
26,Zprime_4000GeV_030,0.8711238873862872,4000.0,0.3
27,Zprime_4000GeV_045,0.842242847449348,4000.0,0.45
28,Zprime_4000GeV_060,0.8151717995929213,4000.0,0.6
29,Zprime_4000GeV_075,0.7718696331255749,4000.0,0.75
