,name,auc,mass,nu
0,Zprime_1500GeV_015,0.8691193547814502,1500.0,0.15
1,Zprime_1500GeV_030,0.8686580160690187,1500.0,0.3
2,Zprime_1500GeV_045,0.8475541917857319,1500.0,0.45
3,Zprime_1500GeV_060,0.8243623268174906,1500.0,0.6
4,Zprime_1500GeV_075,0.7907875338739774,1500.0,0.75
5,Zprime_2000GeV_015,0.8742841868313415,2000.0,0.15
6,Zprime_2000GeV_030,0.8589613473551038,2000.0,0.3
7,Zprime_2000GeV_045,0.8389176210950298,2000.0,0.45
8,Zprime_2000GeV_060,0.8161271364843762,2000.0,0.6
9,Zprime_2000GeV_075,0.7908916146096967,2000.0,0.75
10,Zprime_2500GeV_015,0.8743540188609262,2500.0,0.15
11,Zprime_2500GeV_030,0.8571621758213368,2500.0,0.3
12,Zprime_2500GeV_045,0.840190878108331,2500.0,0.45
13,Zprime_2500GeV_060,0.8162818092488309,2500.0,0.6
14,Zprime_2500GeV_075,0.779265539997681,2500.0,0.75
15,Zprime_3000GeV_015,0.8791503184259409,3000.0,0.15
16,Zprime_3000GeV_030,0.859541571032907,3000.0,0.3
17,Zprime_3000GeV_045,0.8379882228886137,3000.0,0.45
18,Zprime_3000GeV_060,0.8078992414769777,3000.0,0.6
19,Zprime_3000GeV_075,0.7754390490459593,3000.0,0.75
20,Zprime_3500GeV_015,0.8770186631307959,3500.0,0.15
21,Zprime_3500GeV_030,0.863451233703707,3500.0,0.3
22,Zprime_3500GeV_045,0.8375955850962666,3500.0,0.45
23,Zprime_3500GeV_060,0.8101151680475664,3500.0,0.6
24,Zprime_3500GeV_075,0.7726424826489611,3500.0,0.75
25,Zprime_4000GeV_015,0.8791035311148585,4000.0,0.15
26,Zprime_4000GeV_030,0.867795418593341,4000.0,0.3
27,Zprime_4000GeV_045,0.839516442452476,4000.0,0.45
28,Zprime_4000GeV_060,0.8112759322631881,4000.0,0.6
29,Zprime_4000GeV_075,0.7676815637577052,4000.0,0.75
