,name,auc,mass,nu
0,Zprime_1500GeV_015,0.8817423582091505,1500.0,0.15
1,Zprime_1500GeV_030,0.8750525075214548,1500.0,0.3
2,Zprime_1500GeV_045,0.8591189276763095,1500.0,0.45
3,Zprime_1500GeV_060,0.8407248575851907,1500.0,0.6
4,Zprime_1500GeV_075,0.8020037237306624,1500.0,0.75
5,Zprime_2000GeV_015,0.8824410874497283,2000.0,0.15
6,Zprime_2000GeV_030,0.8682380220669842,2000.0,0.3
7,Zprime_2000GeV_045,0.8483916144552471,2000.0,0.45
8,Zprime_2000GeV_060,0.8279160932095226,2000.0,0.6
9,Zprime_2000GeV_075,0.8014462802986434,2000.0,0.75
10,Zprime_2500GeV_015,0.8761631208322149,2500.0,0.15
11,Zprime_2500GeV_030,0.8603887484253805,2500.0,0.3
12,Zprime_2500GeV_045,0.8440887578002645,2500.0,0.45
13,Zprime_2500GeV_060,0.8252825883895174,2500.0,0.6
14,Zprime_2500GeV_075,0.7863658642941593,2500.0,0.75
15,Zprime_3000GeV_015,0.8799670440377151,3000.0,0.15
16,Zprime_3000GeV_030,0.8606260845475243,3000.0,0.3
17,Zprime_3000GeV_045,0.8408271144260978,3000.0,0.45
18,Zprime_3000GeV_060,0.8132152033268828,3000.0,0.6
19,Zprime_3000GeV_075,0.7832219581709855,3000.0,0.75
20,Zprime_3500GeV_015,0.8751521358268273,3500.0,0.15
21,Zprime_3500GeV_030,0.8650184825680708,3500.0,0.3
22,Zprime_3500GeV_045,0.8398667197539477,3500.0,0.45
23,Zprime_3500GeV_060,0.8148243715841679,3500.0,0.6
24,Zprime_3500GeV_075,0.7804839704334,3500.0,0.75
25,Zprime_4000GeV_015,0.8810464332336375,4000.0,0.15
26,Zprime_4000GeV_030,0.8682926919690861,4000.0,0.3
27,Zprime_4000GeV_045,0.8436160276665162,4000.0,0.45
28,Zprime_4000GeV_060,0.8135752157512175,4000.0,0.6
29,Zprime_4000GeV_075,0.7755178152884006,4000.0,0.75
