,name,auc,mass,nu
0,Zprime_1500GeV_015,0.8767772611470322,1500.0,0.15
1,Zprime_1500GeV_030,0.8696819457609853,1500.0,0.3
2,Zprime_1500GeV_045,0.8505203801702391,1500.0,0.45
3,Zprime_1500GeV_060,0.831438870883348,1500.0,0.6
4,Zprime_1500GeV_075,0.7909599908246203,1500.0,0.75
5,Zprime_2000GeV_015,0.875248360666365,2000.0,0.15
6,Zprime_2000GeV_030,0.8621326948772935,2000.0,0.3
7,Zprime_2000GeV_045,0.8378490340293143,2000.0,0.45
8,Zprime_2000GeV_060,0.8155098654991084,2000.0,0.6
9,Zprime_2000GeV_075,0.7935354205442502,2000.0,0.75
10,Zprime_2500GeV_015,0.8705590027526263,2500.0,0.15
11,Zprime_2500GeV_030,0.8533367978784748,2500.0,0.3
12,Zprime_2500GeV_045,0.835150990170402,2500.0,0.45
13,Zprime_2500GeV_060,0.8102947878533122,2500.0,0.6
14,Zprime_2500GeV_075,0.7783214647536798,2500.0,0.75
15,Zprime_3000GeV_015,0.8752446247931058,3000.0,0.15
16,Zprime_3000GeV_030,0.8525594991552568,3000.0,0.3
17,Zprime_3000GeV_045,0.8318075988621945,3000.0,0.45
18,Zprime_3000GeV_060,0.8019193543200278,3000.0,0.6
19,Zprime_3000GeV_075,0.7703207050293234,3000.0,0.75
20,Zprime_3500GeV_015,0.8684860086161047,3500.0,0.15
21,Zprime_3500GeV_030,0.8547526072600191,3500.0,0.3
22,Zprime_3500GeV_045,0.8277201028908279,3500.0,0.45
23,Zprime_3500GeV_060,0.8035485582079456,3500.0,0.6
24,Zprime_3500GeV_075,0.7659226562667869,3500.0,0.75
25,Zprime_4000GeV_015,0.8718551438383377,4000.0,0.15
26,Zprime_4000GeV_030,0.8609367249609521,4000.0,0.3
27,Zprime_4000GeV_045,0.8303209662339261,4000.0,0.45
28,Zprime_4000GeV_060,0.8023958861290353,4000.0,0.6
29,Zprime_4000GeV_075,0.7589707824649474,4000.0,0.75
