,name,auc,mass,nu
0,Zprime_1500GeV_015,0.8752586657100122,1500.0,0.15
1,Zprime_1500GeV_030,0.8643022694873577,1500.0,0.3
2,Zprime_1500GeV_045,0.8472204605885858,1500.0,0.45
3,Zprime_1500GeV_060,0.8243023382913067,1500.0,0.6
4,Zprime_1500GeV_075,0.7852604699926301,1500.0,0.75
5,Zprime_2000GeV_015,0.8719286555111521,2000.0,0.15
6,Zprime_2000GeV_030,0.859184267993155,2000.0,0.3
7,Zprime_2000GeV_045,0.8373916195893938,2000.0,0.45
8,Zprime_2000GeV_060,0.8140186468026439,2000.0,0.6
9,Zprime_2000GeV_075,0.7921329853288512,2000.0,0.75
10,Zprime_2500GeV_015,0.8679853157582806,2500.0,0.15
11,Zprime_2500GeV_030,0.8526010624922032,2500.0,0.3
12,Zprime_2500GeV_045,0.8341851887401428,2500.0,0.45
13,Zprime_2500GeV_060,0.8100336765229672,2500.0,0.6
14,Zprime_2500GeV_075,0.7754607472770874,2500.0,0.75
15,Zprime_3000GeV_015,0.8710389657098924,3000.0,0.15
16,Zprime_3000GeV_030,0.8509163564058246,3000.0,0.3
17,Zprime_3000GeV_045,0.8297508744380098,3000.0,0.45
18,Zprime_3000GeV_060,0.8016885532108147,3000.0,0.6
19,Zprime_3000GeV_075,0.7711425531700851,3000.0,0.75
20,Zprime_3500GeV_015,0.8638533576653281,3500.0,0.15
21,Zprime_3500GeV_030,0.8529456528305951,3500.0,0.3
22,Zprime_3500GeV_045,0.8270594876236742,3500.0,0.45
23,Zprime_3500GeV_060,0.8029530518345771,3500.0,0.6
24,Zprime_3500GeV_075,0.7650717785083478,3500.0,0.75
25,Zprime_4000GeV_015,0.8668607788941686,4000.0,0.15
26,Zprime_4000GeV_030,0.8562211206926554,4000.0,0.3
27,Zprime_4000GeV_045,0.8283689264046048,4000.0,0.45
28,Zprime_4000GeV_060,0.801372574328967,4000.0,0.6
29,Zprime_4000GeV_075,0.7586853434419214,4000.0,0.75
