,name,auc,mass,nu
0,Zprime_1500GeV_015,0.8703907288604136,1500.0,0.15
1,Zprime_1500GeV_030,0.8628876706263282,1500.0,0.3
2,Zprime_1500GeV_045,0.843432463249211,1500.0,0.45
3,Zprime_1500GeV_060,0.819825081434559,1500.0,0.6
4,Zprime_1500GeV_075,0.7796445265986941,1500.0,0.75
5,Zprime_2000GeV_015,0.8706885070246446,2000.0,0.15
6,Zprime_2000GeV_030,0.8563787772452703,2000.0,0.3
7,Zprime_2000GeV_045,0.834298609958305,2000.0,0.45
8,Zprime_2000GeV_060,0.8095692860216928,2000.0,0.6
9,Zprime_2000GeV_075,0.786243704862389,2000.0,0.75
10,Zprime_2500GeV_015,0.8672780821285181,2500.0,0.15
11,Zprime_2500GeV_030,0.8511783858506973,2500.0,0.3
12,Zprime_2500GeV_045,0.8319424500344139,2500.0,0.45
13,Zprime_2500GeV_060,0.8066081827867975,2500.0,0.6
14,Zprime_2500GeV_075,0.7710999794149517,2500.0,0.75
15,Zprime_3000GeV_015,0.872036346709731,3000.0,0.15
16,Zprime_3000GeV_030,0.8500214149688088,3000.0,0.3
17,Zprime_3000GeV_045,0.8279246666195343,3000.0,0.45
18,Zprime_3000GeV_060,0.7977974927894889,3000.0,0.6
19,Zprime_3000GeV_075,0.7656452516608911,3000.0,0.75
20,Zprime_3500GeV_015,0.8668595708540328,3500.0,0.15
21,Zprime_3500GeV_030,0.852965812157152,3500.0,0.3
22,Zprime_3500GeV_045,0.8270829216111915,3500.0,0.45
23,Zprime_3500GeV_060,0.8002007352102035,3500.0,0.6
24,Zprime_3500GeV_075,0.7615581018070865,3500.0,0.75
25,Zprime_4000GeV_015,0.8723574122227757,4000.0,0.15
26,Zprime_4000GeV_030,0.8591807579074222,4000.0,0.3
27,Zprime_4000GeV_045,0.8274458032119792,4000.0,0.45
28,Zprime_4000GeV_060,0.8014780313302698,4000.0,0.6
29,Zprime_4000GeV_075,0.758456144991876,4000.0,0.75
