,name,auc,mass,nu
0,Zprime_1500GeV_015,0.8814498265596783,1500.0,0.15
1,Zprime_1500GeV_030,0.879491803807066,1500.0,0.3
2,Zprime_1500GeV_045,0.8576649622106249,1500.0,0.45
3,Zprime_1500GeV_060,0.8388569668723201,1500.0,0.6
4,Zprime_1500GeV_075,0.8041392737776416,1500.0,0.75
5,Zprime_2000GeV_015,0.8828879127751028,2000.0,0.15
6,Zprime_2000GeV_030,0.8681176741070089,2000.0,0.3
7,Zprime_2000GeV_045,0.8490575132817523,2000.0,0.45
8,Zprime_2000GeV_060,0.8271384620311051,2000.0,0.6
9,Zprime_2000GeV_075,0.8037531110199032,2000.0,0.75
10,Zprime_2500GeV_015,0.8786887920073776,2500.0,0.15
11,Zprime_2500GeV_030,0.8621505260708285,2500.0,0.3
12,Zprime_2500GeV_045,0.8449199401653349,2500.0,0.45
13,Zprime_2500GeV_060,0.8229735092893322,2500.0,0.6
14,Zprime_2500GeV_075,0.7879275722781909,2500.0,0.75
15,Zprime_3000GeV_015,0.8827701131575549,3000.0,0.15
16,Zprime_3000GeV_030,0.8630758445208068,3000.0,0.3
17,Zprime_3000GeV_045,0.8405119240361348,3000.0,0.45
18,Zprime_3000GeV_060,0.8140899035770721,3000.0,0.6
19,Zprime_3000GeV_075,0.7841601553721402,3000.0,0.75
20,Zprime_3500GeV_015,0.876519228196291,3500.0,0.15
21,Zprime_3500GeV_030,0.866045736923585,3500.0,0.3
22,Zprime_3500GeV_045,0.8411572071284404,3500.0,0.45
23,Zprime_3500GeV_060,0.8151915918377557,3500.0,0.6
24,Zprime_3500GeV_075,0.7812461698790262,3500.0,0.75
25,Zprime_4000GeV_015,0.8772389773659207,4000.0,0.15
26,Zprime_4000GeV_030,0.8700785824338151,4000.0,0.3
27,Zprime_4000GeV_045,0.8413091350371464,4000.0,0.45
28,Zprime_4000GeV_060,0.8139306701882034,4000.0,0.6
29,Zprime_4000GeV_075,0.7715521302872792,4000.0,0.75
