,name,auc,mass,nu
0,Zprime_1500GeV_015,0.8663012415019848,1500.0,0.15
1,Zprime_1500GeV_030,0.855163715149536,1500.0,0.3
2,Zprime_1500GeV_045,0.8381720513355233,1500.0,0.45
3,Zprime_1500GeV_060,0.815223912968021,1500.0,0.6
4,Zprime_1500GeV_075,0.778068484943364,1500.0,0.75
5,Zprime_2000GeV_015,0.8642949822332844,2000.0,0.15
6,Zprime_2000GeV_030,0.8496299899709181,2000.0,0.3
7,Zprime_2000GeV_045,0.8296701196655503,2000.0,0.45
8,Zprime_2000GeV_060,0.8049971655938377,2000.0,0.6
9,Zprime_2000GeV_075,0.7794619285326956,2000.0,0.75
10,Zprime_2500GeV_015,0.8642348578491221,2500.0,0.15
11,Zprime_2500GeV_030,0.8476331240496006,2500.0,0.3
12,Zprime_2500GeV_045,0.8289586287516252,2500.0,0.45
13,Zprime_2500GeV_060,0.8016797491226582,2500.0,0.6
14,Zprime_2500GeV_075,0.7676409353020086,2500.0,0.75
15,Zprime_3000GeV_015,0.8731648368526834,3000.0,0.15
16,Zprime_3000GeV_030,0.8485990877907511,3000.0,0.3
17,Zprime_3000GeV_045,0.8261145317959272,3000.0,0.45
18,Zprime_3000GeV_060,0.794975094797795,3000.0,0.6
19,Zprime_3000GeV_075,0.7612320181388391,3000.0,0.75
20,Zprime_3500GeV_015,0.8689798566760983,3500.0,0.15
21,Zprime_3500GeV_030,0.8551820592364912,3500.0,0.3
22,Zprime_3500GeV_045,0.8261134147712755,3500.0,0.45
23,Zprime_3500GeV_060,0.7979781185625664,3500.0,0.6
24,Zprime_3500GeV_075,0.7573870624637401,3500.0,0.75
25,Zprime_4000GeV_015,0.8733354628018469,4000.0,0.15
26,Zprime_4000GeV_030,0.8623458868663538,4000.0,0.3
27,Zprime_4000GeV_045,0.828476094776037,4000.0,0.45
28,Zprime_4000GeV_060,0.7988663363826434,4000.0,0.6
29,Zprime_4000GeV_075,0.7517038900946611,4000.0,0.75
