,name,auc,mass,nu
0,Zprime_1500GeV_015,0.8347645780023673,1500.0,0.15
1,Zprime_1500GeV_030,0.8287118128317551,1500.0,0.3
2,Zprime_1500GeV_045,0.8096575812493803,1500.0,0.45
3,Zprime_1500GeV_060,0.7858976622692327,1500.0,0.6
4,Zprime_1500GeV_075,0.74544649467295,1500.0,0.75
5,Zprime_2000GeV_015,0.848282676154097,2000.0,0.15
6,Zprime_2000GeV_030,0.8346238546399399,2000.0,0.3
7,Zprime_2000GeV_045,0.8110771686968413,2000.0,0.45
8,Zprime_2000GeV_060,0.7834145217828361,2000.0,0.6
9,Zprime_2000GeV_075,0.7534901991823382,2000.0,0.75
10,Zprime_2500GeV_015,0.8502254759128358,2500.0,0.15
11,Zprime_2500GeV_030,0.8326059932888448,2500.0,0.3
12,Zprime_2500GeV_045,0.8129750156702708,2500.0,0.45
13,Zprime_2500GeV_060,0.7866011857095381,2500.0,0.6
14,Zprime_2500GeV_075,0.7439455178231646,2500.0,0.75
15,Zprime_3000GeV_015,0.8577847638890146,3000.0,0.15
16,Zprime_3000GeV_030,0.8343308074422214,3000.0,0.3
17,Zprime_3000GeV_045,0.81397274012511,3000.0,0.45
18,Zprime_3000GeV_060,0.7785170846539204,3000.0,0.6
19,Zprime_3000GeV_075,0.7413126358727976,3000.0,0.75
20,Zprime_3500GeV_015,0.8592063682871574,3500.0,0.15
21,Zprime_3500GeV_030,0.8420924588365032,3500.0,0.3
22,Zprime_3500GeV_045,0.8119731235225196,3500.0,0.45
23,Zprime_3500GeV_060,0.7813122301590123,3500.0,0.6
24,Zprime_3500GeV_075,0.7408192806033649,3500.0,0.75
25,Zprime_4000GeV_015,0.8662059373684613,4000.0,0.15
26,Zprime_4000GeV_030,0.8487783530941336,4000.0,0.3
27,Zprime_4000GeV_045,0.8172984290778814,4000.0,0.45
28,Zprime_4000GeV_060,0.7836012178397747,4000.0,0.6
29,Zprime_4000GeV_075,0.7353200469020738,4000.0,0.75
