,name,auc,mass,nu
0,Zprime_1500GeV_015,0.879510068512218,1500.0,0.15
1,Zprime_1500GeV_030,0.8717656130792494,1500.0,0.3
2,Zprime_1500GeV_045,0.8495607857847359,1500.0,0.45
3,Zprime_1500GeV_060,0.8290423193119776,1500.0,0.6
4,Zprime_1500GeV_075,0.7947330214798308,1500.0,0.75
5,Zprime_2000GeV_015,0.8761855276796934,2000.0,0.15
6,Zprime_2000GeV_030,0.8641054059689492,2000.0,0.3
7,Zprime_2000GeV_045,0.8412721994749818,2000.0,0.45
8,Zprime_2000GeV_060,0.8203856797564847,2000.0,0.6
9,Zprime_2000GeV_075,0.7978201758513295,2000.0,0.75
10,Zprime_2500GeV_015,0.8723914689957457,2500.0,0.15
11,Zprime_2500GeV_030,0.8566947098859053,2500.0,0.3
12,Zprime_2500GeV_045,0.8388906084669009,2500.0,0.45
13,Zprime_2500GeV_060,0.8161818128703332,2500.0,0.6
14,Zprime_2500GeV_075,0.7833181143306107,2500.0,0.75
15,Zprime_3000GeV_015,0.8762890963436486,3000.0,0.15
16,Zprime_3000GeV_030,0.8536591798692863,3000.0,0.3
17,Zprime_3000GeV_045,0.8341994191645099,3000.0,0.45
18,Zprime_3000GeV_060,0.8076442375453885,3000.0,0.6
19,Zprime_3000GeV_075,0.7759959761513507,3000.0,0.75
20,Zprime_3500GeV_015,0.870203959137191,3500.0,0.15
21,Zprime_3500GeV_030,0.8593784529140666,3500.0,0.3
22,Zprime_3500GeV_045,0.833633830054733,3500.0,0.45
23,Zprime_3500GeV_060,0.8096700477262646,3500.0,0.6
24,Zprime_3500GeV_075,0.773477128185295,3500.0,0.75
25,Zprime_4000GeV_015,0.8759388423077609,4000.0,0.15
26,Zprime_4000GeV_030,0.8640837750818434,4000.0,0.3
27,Zprime_4000GeV_045,0.8355212056190282,4000.0,0.45
28,Zprime_4000GeV_060,0.8094367027258921,4000.0,0.6
29,Zprime_4000GeV_075,0.7678865123901589,4000.0,0.75
