,name,auc,mass,nu
0,Zprime_1500GeV_015,0.8729549794201777,1500.0,0.15
1,Zprime_1500GeV_030,0.8735461307290929,1500.0,0.3
2,Zprime_1500GeV_045,0.8529247309513702,1500.0,0.45
3,Zprime_1500GeV_060,0.8347863489789997,1500.0,0.6
4,Zprime_1500GeV_075,0.7899346742810711,1500.0,0.75
5,Zprime_2000GeV_015,0.8844583665021565,2000.0,0.15
6,Zprime_2000GeV_030,0.8709426801089992,2000.0,0.3
7,Zprime_2000GeV_045,0.8480027079927427,2000.0,0.45
8,Zprime_2000GeV_060,0.8225986695508257,2000.0,0.6
9,Zprime_2000GeV_075,0.79317542142871,2000.0,0.75
10,Zprime_2500GeV_015,0.8815026275015923,2500.0,0.15
11,Zprime_2500GeV_030,0.8650714465299444,2500.0,0.3
12,Zprime_2500GeV_045,0.8448797253242044,2500.0,0.45
13,Zprime_2500GeV_060,0.82213085638618,2500.0,0.6
14,Zprime_2500GeV_075,0.7815971369308704,2500.0,0.75
15,Zprime_3000GeV_015,0.8857366734303774,3000.0,0.15
16,Zprime_3000GeV_030,0.8657783701102801,3000.0,0.3
17,Zprime_3000GeV_045,0.8429047848026127,3000.0,0.45
18,Zprime_3000GeV_060,0.8127306831675034,3000.0,0.6
19,Zprime_3000GeV_075,0.7808111179488206,3000.0,0.75
20,Zprime_3500GeV_015,0.8822645743032217,3500.0,0.15
21,Zprime_3500GeV_030,0.8709777358419616,3500.0,0.3
22,Zprime_3500GeV_045,0.8458271891270926,3500.0,0.45
23,Zprime_3500GeV_060,0.8163036245060457,3500.0,0.6
24,Zprime_3500GeV_075,0.779458575050492,3500.0,0.75
25,Zprime_4000GeV_015,0.8876716795348712,4000.0,0.15
26,Zprime_4000GeV_030,0.8768757289342172,4000.0,0.3
27,Zprime_4000GeV_045,0.8471394664671668,4000.0,0.45
28,Zprime_4000GeV_060,0.8158174213430052,4000.0,0.6
29,Zprime_4000GeV_075,0.7701986368141551,4000.0,0.75
