,name,auc,mass,nu
0,Zprime_1500GeV_015,0.834481314679775,1500.0,0.15
1,Zprime_1500GeV_030,0.8131346066059847,1500.0,0.3
2,Zprime_1500GeV_045,0.7985702423200105,1500.0,0.45
3,Zprime_1500GeV_060,0.7699422314853819,1500.0,0.6
4,Zprime_1500GeV_075,0.7264389600344222,1500.0,0.75
5,Zprime_2000GeV_015,0.823234278228406,2000.0,0.15
6,Zprime_2000GeV_030,0.8098502180459004,2000.0,0.3
7,Zprime_2000GeV_045,0.7863436983172112,2000.0,0.45
8,Zprime_2000GeV_060,0.7612216310589947,2000.0,0.6
9,Zprime_2000GeV_075,0.7366571675109655,2000.0,0.75
10,Zprime_2500GeV_015,0.8192203533303574,2500.0,0.15
11,Zprime_2500GeV_030,0.8040126580647402,2500.0,0.3
12,Zprime_2500GeV_045,0.7858622634822884,2500.0,0.45
13,Zprime_2500GeV_060,0.758747723080684,2500.0,0.6
14,Zprime_2500GeV_075,0.7223541139237591,2500.0,0.75
15,Zprime_3000GeV_015,0.8323715105210512,3000.0,0.15
16,Zprime_3000GeV_030,0.8046731540658492,3000.0,0.3
17,Zprime_3000GeV_045,0.7830296281128247,3000.0,0.45
18,Zprime_3000GeV_060,0.7554295118086987,3000.0,0.6
19,Zprime_3000GeV_075,0.7232295683323344,3000.0,0.75
20,Zprime_3500GeV_015,0.8311789307737636,3500.0,0.15
21,Zprime_3500GeV_030,0.8157197354378735,3500.0,0.3
22,Zprime_3500GeV_045,0.7854981383826874,3500.0,0.45
23,Zprime_3500GeV_060,0.7608292647710286,3500.0,0.6
24,Zprime_3500GeV_075,0.7211210412100898,3500.0,0.75
25,Zprime_4000GeV_015,0.8405328776569152,4000.0,0.15
26,Zprime_4000GeV_030,0.8265633142350298,4000.0,0.3
27,Zprime_4000GeV_045,0.7913982781428502,4000.0,0.45
28,Zprime_4000GeV_060,0.7633875936836916,4000.0,0.6
29,Zprime_4000GeV_075,0.7199764228407618,4000.0,0.75
