,name,auc,mass,nu
0,Zprime_1500GeV_015,0.854729155339824,1500.0,0.15
1,Zprime_1500GeV_030,0.8279208942953692,1500.0,0.3
2,Zprime_1500GeV_045,0.8137007207206811,1500.0,0.45
3,Zprime_1500GeV_060,0.7828288010872044,1500.0,0.6
4,Zprime_1500GeV_075,0.7282965895348259,1500.0,0.75
5,Zprime_2000GeV_015,0.8442849234614166,2000.0,0.15
6,Zprime_2000GeV_030,0.8272830532289897,2000.0,0.3
7,Zprime_2000GeV_045,0.8027668509896666,2000.0,0.45
8,Zprime_2000GeV_060,0.773487237585047,2000.0,0.6
9,Zprime_2000GeV_075,0.7474736307317904,2000.0,0.75
10,Zprime_2500GeV_015,0.8389446613819198,2500.0,0.15
11,Zprime_2500GeV_030,0.8221540750961644,2500.0,0.3
12,Zprime_2500GeV_045,0.8012822238325318,2500.0,0.45
13,Zprime_2500GeV_060,0.773002600553248,2500.0,0.6
14,Zprime_2500GeV_075,0.7340383495025415,2500.0,0.75
15,Zprime_3000GeV_015,0.8405366242121715,3000.0,0.15
16,Zprime_3000GeV_030,0.8179743010337308,3000.0,0.3
17,Zprime_3000GeV_045,0.793071054460716,3000.0,0.45
18,Zprime_3000GeV_060,0.7659487733742372,3000.0,0.6
19,Zprime_3000GeV_075,0.7328245360735903,3000.0,0.75
20,Zprime_3500GeV_015,0.8335114039867314,3500.0,0.15
21,Zprime_3500GeV_030,0.819116703777391,3500.0,0.3
22,Zprime_3500GeV_045,0.7912814410839462,3500.0,0.45
23,Zprime_3500GeV_060,0.7679004990236162,3500.0,0.6
24,Zprime_3500GeV_075,0.7271767328434532,3500.0,0.75
25,Zprime_4000GeV_015,0.8408278192863844,4000.0,0.15
26,Zprime_4000GeV_030,0.8294174491644984,4000.0,0.3
27,Zprime_4000GeV_045,0.7937289792094304,4000.0,0.45
28,Zprime_4000GeV_060,0.7671461963058537,4000.0,0.6
29,Zprime_4000GeV_075,0.7223488668255011,4000.0,0.75
