,name,auc,mass,nu
0,Zprime_1500GeV_015,0.8868690131213882,1500.0,0.15
1,Zprime_1500GeV_030,0.8788577662270144,1500.0,0.3
2,Zprime_1500GeV_045,0.8597674266404209,1500.0,0.45
3,Zprime_1500GeV_060,0.842444067134529,1500.0,0.6
4,Zprime_1500GeV_075,0.8040631642861886,1500.0,0.75
5,Zprime_2000GeV_015,0.8831548767477744,2000.0,0.15
6,Zprime_2000GeV_030,0.8704685808395871,2000.0,0.3
7,Zprime_2000GeV_045,0.8502385798268423,2000.0,0.45
8,Zprime_2000GeV_060,0.8273997936119675,2000.0,0.6
9,Zprime_2000GeV_075,0.8042058151006295,2000.0,0.75
10,Zprime_2500GeV_015,0.8795107383148393,2500.0,0.15
11,Zprime_2500GeV_030,0.8638146083326873,2500.0,0.3
12,Zprime_2500GeV_045,0.8459972373981111,2500.0,0.45
13,Zprime_2500GeV_060,0.8247545766932121,2500.0,0.6
14,Zprime_2500GeV_075,0.7873140440805395,2500.0,0.75
15,Zprime_3000GeV_015,0.8823240979281357,3000.0,0.15
16,Zprime_3000GeV_030,0.863357621446933,3000.0,0.3
17,Zprime_3000GeV_045,0.842200179166909,3000.0,0.45
18,Zprime_3000GeV_060,0.8153219553726224,3000.0,0.6
19,Zprime_3000GeV_075,0.7865350385508376,3000.0,0.75
20,Zprime_3500GeV_015,0.8761572969663499,3500.0,0.15
21,Zprime_3500GeV_030,0.8661202204221599,3500.0,0.3
22,Zprime_3500GeV_045,0.8420787273948196,3500.0,0.45
23,Zprime_3500GeV_060,0.8182230495103954,3500.0,0.6
24,Zprime_3500GeV_075,0.7834103068196467,3500.0,0.75
25,Zprime_4000GeV_015,0.8839265481510449,4000.0,0.15
26,Zprime_4000GeV_030,0.8717635907080141,4000.0,0.3
27,Zprime_4000GeV_045,0.8432167173341583,4000.0,0.45
28,Zprime_4000GeV_060,0.8155800090578976,4000.0,0.6
29,Zprime_4000GeV_075,0.7747066774993854,4000.0,0.75
