,name,auc,mass,nu
0,Zprime_1500GeV_015,0.862815470084991,1500.0,0.15
1,Zprime_1500GeV_030,0.8536170793381757,1500.0,0.3
2,Zprime_1500GeV_045,0.82990062940348,1500.0,0.45
3,Zprime_1500GeV_060,0.8098914757325675,1500.0,0.6
4,Zprime_1500GeV_075,0.7691452546422252,1500.0,0.75
5,Zprime_2000GeV_015,0.872023595103532,2000.0,0.15
6,Zprime_2000GeV_030,0.8564087698389822,2000.0,0.3
7,Zprime_2000GeV_045,0.8348719949589732,2000.0,0.45
8,Zprime_2000GeV_060,0.8060302117092268,2000.0,0.6
9,Zprime_2000GeV_075,0.7768582326711122,2000.0,0.75
10,Zprime_2500GeV_015,0.8703424275305502,2500.0,0.15
11,Zprime_2500GeV_030,0.8533133297034081,2500.0,0.3
12,Zprime_2500GeV_045,0.8350146078327234,2500.0,0.45
13,Zprime_2500GeV_060,0.8096363265880954,2500.0,0.6
14,Zprime_2500GeV_075,0.7689266465744402,2500.0,0.75
15,Zprime_3000GeV_015,0.8780908672162787,3000.0,0.15
16,Zprime_3000GeV_030,0.8561334889539579,3000.0,0.3
17,Zprime_3000GeV_045,0.8340626138194205,3000.0,0.45
18,Zprime_3000GeV_060,0.8040583540990622,3000.0,0.6
19,Zprime_3000GeV_075,0.7663672360060066,3000.0,0.75
20,Zprime_3500GeV_015,0.8772007458812174,3500.0,0.15
21,Zprime_3500GeV_030,0.8642428258572135,3500.0,0.3
22,Zprime_3500GeV_045,0.8348729152627328,3500.0,0.45
23,Zprime_3500GeV_060,0.8058801309042476,3500.0,0.6
24,Zprime_3500GeV_075,0.7633105259765373,3500.0,0.75
25,Zprime_4000GeV_015,0.8849224739460004,4000.0,0.15
26,Zprime_4000GeV_030,0.8701113177496502,4000.0,0.3
27,Zprime_4000GeV_045,0.8366293408330356,4000.0,0.45
28,Zprime_4000GeV_060,0.8077794159905243,4000.0,0.6
29,Zprime_4000GeV_075,0.7596385056666946,4000.0,0.75
