,name,auc,mass,nu
0,Zprime_1500GeV_015,0.8781200196923584,1500.0,0.15
1,Zprime_1500GeV_030,0.8681789531190233,1500.0,0.3
2,Zprime_1500GeV_045,0.8520087588086072,1500.0,0.45
3,Zprime_1500GeV_060,0.8264399120785498,1500.0,0.6
4,Zprime_1500GeV_075,0.7928412097549652,1500.0,0.75
5,Zprime_2000GeV_015,0.8759559034991508,2000.0,0.15
6,Zprime_2000GeV_030,0.8641767499690851,2000.0,0.3
7,Zprime_2000GeV_045,0.8411629062416932,2000.0,0.45
8,Zprime_2000GeV_060,0.8196021438070173,2000.0,0.6
9,Zprime_2000GeV_075,0.7954364117741665,2000.0,0.75
10,Zprime_2500GeV_015,0.8713899061319674,2500.0,0.15
11,Zprime_2500GeV_030,0.8557973309833825,2500.0,0.3
12,Zprime_2500GeV_045,0.8383256325306616,2500.0,0.45
13,Zprime_2500GeV_060,0.8150309085483977,2500.0,0.6
14,Zprime_2500GeV_075,0.780969803515278,2500.0,0.75
15,Zprime_3000GeV_015,0.8751963707146662,3000.0,0.15
16,Zprime_3000GeV_030,0.8533058654843143,3000.0,0.3
17,Zprime_3000GeV_045,0.8340746701506818,3000.0,0.45
18,Zprime_3000GeV_060,0.8069241968685195,3000.0,0.6
19,Zprime_3000GeV_075,0.7749967274551232,3000.0,0.75
20,Zprime_3500GeV_015,0.8680460797128176,3500.0,0.15
21,Zprime_3500GeV_030,0.8567208675194221,3500.0,0.3
22,Zprime_3500GeV_045,0.8313961679791705,3500.0,0.45
23,Zprime_3500GeV_060,0.808026983865122,3500.0,0.6
24,Zprime_3500GeV_075,0.7716682029134975,3500.0,0.75
25,Zprime_4000GeV_015,0.8717916331308153,4000.0,0.15
26,Zprime_4000GeV_030,0.8627300360540624,4000.0,0.3
27,Zprime_4000GeV_045,0.8335665951071966,4000.0,0.45
28,Zprime_4000GeV_060,0.8065184506796649,4000.0,0.6
29,Zprime_4000GeV_075,0.7647293846301245,4000.0,0.75
