,name,auc,mass,nu
0,Zprime_1500GeV_015,0.8692612609835343,1500.0,0.15
1,Zprime_1500GeV_030,0.8616957158737639,1500.0,0.3
2,Zprime_1500GeV_045,0.8411416165516491,1500.0,0.45
3,Zprime_1500GeV_060,0.817641892553193,1500.0,0.6
4,Zprime_1500GeV_075,0.770942611812149,1500.0,0.75
5,Zprime_2000GeV_015,0.8716920207944086,2000.0,0.15
6,Zprime_2000GeV_030,0.8570839822215632,2000.0,0.3
7,Zprime_2000GeV_045,0.8378962117383367,2000.0,0.45
8,Zprime_2000GeV_060,0.8108886952207487,2000.0,0.6
9,Zprime_2000GeV_075,0.7849305205388645,2000.0,0.75
10,Zprime_2500GeV_015,0.867420513537123,2500.0,0.15
11,Zprime_2500GeV_030,0.8523272743977737,2500.0,0.3
12,Zprime_2500GeV_045,0.8332024843034223,2500.0,0.45
13,Zprime_2500GeV_060,0.8087733827060084,2500.0,0.6
14,Zprime_2500GeV_075,0.7728360228185874,2500.0,0.75
15,Zprime_3000GeV_015,0.8715813027278145,3000.0,0.15
16,Zprime_3000GeV_030,0.8498509135016779,3000.0,0.3
17,Zprime_3000GeV_045,0.8283261858941906,3000.0,0.45
18,Zprime_3000GeV_060,0.8005138602449711,3000.0,0.6
19,Zprime_3000GeV_075,0.7688317580361483,3000.0,0.75
20,Zprime_3500GeV_015,0.8632790668169517,3500.0,0.15
21,Zprime_3500GeV_030,0.8522682902583906,3500.0,0.3
22,Zprime_3500GeV_045,0.8277281763485075,3500.0,0.45
23,Zprime_3500GeV_060,0.802415317318339,3500.0,0.6
24,Zprime_3500GeV_075,0.7629019595204332,3500.0,0.75
25,Zprime_4000GeV_015,0.8660526061118503,4000.0,0.15
26,Zprime_4000GeV_030,0.8560103652403009,4000.0,0.3
27,Zprime_4000GeV_045,0.8276734210189782,4000.0,0.45
28,Zprime_4000GeV_060,0.8000278276585628,4000.0,0.6
29,Zprime_4000GeV_075,0.7577467928358476,4000.0,0.75
