,name,auc,mass,nu
0,Zprime_1500GeV_075,0.808793706247,1500.0,0.75
1,Zprime_1500GeV_015,0.877394350506,1500.0,0.15
2,Zprime_3000GeV_060,0.816517868604,3000.0,0.6
3,Zprime_1500GeV_030,0.866598804303,1500.0,0.3
4,Zprime_3000GeV_045,0.845843369894,3000.0,0.45
5,Zprime_2000GeV_045,0.851250975709,2000.0,0.45
6,Zprime_2500GeV_015,0.881096658356,2500.0,0.15
7,Zprime_3500GeV_060,0.81417626205,3500.0,0.6
8,Zprime_2500GeV_045,0.846784719826,2500.0,0.45
9,Zprime_2000GeV_075,0.804367480173,2000.0,0.75
10,Zprime_2500GeV_060,0.821507769212,2500.0,0.6
11,Zprime_4000GeV_075,0.774561346434,4000.0,0.75
12,Zprime_4000GeV_030,0.870887469754,4000.0,0.3
13,Zprime_4000GeV_015,0.883868221432,4000.0,0.15
14,Zprime_3000GeV_030,0.86617565124,3000.0,0.3
15,Zprime_1500GeV_045,0.852138335682,1500.0,0.45
16,Zprime_3000GeV_075,0.786505295464,3000.0,0.75
17,Zprime_1500GeV_060,0.835980930315,1500.0,0.6
18,Zprime_3000GeV_015,0.883260244242,3000.0,0.15
19,Zprime_3500GeV_015,0.884111256561,3500.0,0.15
20,Zprime_3500GeV_030,0.869355773366,3500.0,0.3
21,Zprime_2000GeV_030,0.870100128507,2000.0,0.3
22,Zprime_2000GeV_015,0.882770891135,2000.0,0.15
23,Zprime_3500GeV_075,0.780454654178,3500.0,0.75
24,Zprime_3500GeV_045,0.844246444088,3500.0,0.45
25,Zprime_2500GeV_030,0.866587908519,2500.0,0.3
26,Zprime_2000GeV_060,0.829036002735,2000.0,0.6
27,Zprime_4000GeV_060,0.813739153556,4000.0,0.6
28,Zprime_2500GeV_075,0.794120008094,2500.0,0.75
29,Zprime_4000GeV_045,0.845577664035,4000.0,0.45
