,name,auc,mass,nu
0,Zprime_1500GeV_015,0.8583789676645498,1500.0,0.15
1,Zprime_1500GeV_030,0.8457048049672745,1500.0,0.3
2,Zprime_1500GeV_045,0.8137352007605813,1500.0,0.45
3,Zprime_1500GeV_060,0.7911594468778443,1500.0,0.6
4,Zprime_1500GeV_075,0.7465764758210292,1500.0,0.75
5,Zprime_2000GeV_015,0.8693794081838897,2000.0,0.15
6,Zprime_2000GeV_030,0.8527671625027744,2000.0,0.3
7,Zprime_2000GeV_045,0.8237413880240627,2000.0,0.45
8,Zprime_2000GeV_060,0.7933844959734586,2000.0,0.6
9,Zprime_2000GeV_075,0.757492937280732,2000.0,0.75
10,Zprime_2500GeV_015,0.8685093907116153,2500.0,0.15
11,Zprime_2500GeV_030,0.8487578152812518,2500.0,0.3
12,Zprime_2500GeV_045,0.825103445225329,2500.0,0.45
13,Zprime_2500GeV_060,0.7938653947360199,2500.0,0.6
14,Zprime_2500GeV_075,0.7458143813804592,2500.0,0.75
15,Zprime_3000GeV_015,0.8706251111193999,3000.0,0.15
16,Zprime_3000GeV_030,0.8482123555684873,3000.0,0.3
17,Zprime_3000GeV_045,0.824549927516505,3000.0,0.45
18,Zprime_3000GeV_060,0.7867264274904784,3000.0,0.6
19,Zprime_3000GeV_075,0.7475174098955712,3000.0,0.75
20,Zprime_3500GeV_015,0.8661993289756411,3500.0,0.15
21,Zprime_3500GeV_030,0.8533355134074558,3500.0,0.3
22,Zprime_3500GeV_045,0.8218457412514475,3500.0,0.45
23,Zprime_3500GeV_060,0.7901938684621644,3500.0,0.6
24,Zprime_3500GeV_075,0.7454740556916335,3500.0,0.75
25,Zprime_4000GeV_015,0.8711339791999366,4000.0,0.15
26,Zprime_4000GeV_030,0.8567549505489818,4000.0,0.3
27,Zprime_4000GeV_045,0.8226738465353653,4000.0,0.45
28,Zprime_4000GeV_060,0.7871090513478496,4000.0,0.6
29,Zprime_4000GeV_075,0.734253250526239,4000.0,0.75
