,name,auc,mass,nu
0,Zprime_1500GeV_015,0.8417762684662567,1500.0,0.15
1,Zprime_1500GeV_030,0.8233161824222226,1500.0,0.3
2,Zprime_1500GeV_045,0.8050888366149035,1500.0,0.45
3,Zprime_1500GeV_060,0.7796926759000287,1500.0,0.6
4,Zprime_1500GeV_075,0.7318659811247151,1500.0,0.75
5,Zprime_2000GeV_015,0.840322060786565,2000.0,0.15
6,Zprime_2000GeV_030,0.8255262552234883,2000.0,0.3
7,Zprime_2000GeV_045,0.8014458726593128,2000.0,0.45
8,Zprime_2000GeV_060,0.7708145354341944,2000.0,0.6
9,Zprime_2000GeV_075,0.7510439733486944,2000.0,0.75
10,Zprime_2500GeV_015,0.8346078902733977,2500.0,0.15
11,Zprime_2500GeV_030,0.8179394350938389,2500.0,0.3
12,Zprime_2500GeV_045,0.7989945616856935,2500.0,0.45
13,Zprime_2500GeV_060,0.770978396935437,2500.0,0.6
14,Zprime_2500GeV_075,0.7332424203161793,2500.0,0.75
15,Zprime_3000GeV_015,0.8361956585941093,3000.0,0.15
16,Zprime_3000GeV_030,0.8138057777300656,3000.0,0.3
17,Zprime_3000GeV_045,0.7910475324828367,3000.0,0.45
18,Zprime_3000GeV_060,0.7612432793293429,3000.0,0.6
19,Zprime_3000GeV_075,0.7317947961528343,3000.0,0.75
20,Zprime_3500GeV_015,0.8307434504143417,3500.0,0.15
21,Zprime_3500GeV_030,0.8179803854597009,3500.0,0.3
22,Zprime_3500GeV_045,0.7888387820289415,3500.0,0.45
23,Zprime_3500GeV_060,0.7675699594989251,3500.0,0.6
24,Zprime_3500GeV_075,0.7291785806368442,3500.0,0.75
25,Zprime_4000GeV_015,0.8378074076621952,4000.0,0.15
26,Zprime_4000GeV_030,0.8269359898919104,4000.0,0.3
27,Zprime_4000GeV_045,0.794552545592159,4000.0,0.45
28,Zprime_4000GeV_060,0.7677862358659778,4000.0,0.6
29,Zprime_4000GeV_075,0.725550875459907,4000.0,0.75
