,name,auc,mass,nu
0,Zprime_1500GeV_015,0.8726340911341416,1500.0,0.15
1,Zprime_1500GeV_030,0.8635834212144715,1500.0,0.3
2,Zprime_1500GeV_045,0.8412559826712543,1500.0,0.45
3,Zprime_1500GeV_060,0.8199676050502233,1500.0,0.6
4,Zprime_1500GeV_075,0.7789116742481446,1500.0,0.75
5,Zprime_2000GeV_015,0.8702547165121113,2000.0,0.15
6,Zprime_2000GeV_030,0.8566761839784706,2000.0,0.3
7,Zprime_2000GeV_045,0.8345521962653962,2000.0,0.45
8,Zprime_2000GeV_060,0.8089091317528028,2000.0,0.6
9,Zprime_2000GeV_075,0.7884677956138524,2000.0,0.75
10,Zprime_2500GeV_015,0.8654447688919397,2500.0,0.15
11,Zprime_2500GeV_030,0.8499250971384633,2500.0,0.3
12,Zprime_2500GeV_045,0.8323899889460202,2500.0,0.45
13,Zprime_2500GeV_060,0.807440753589259,2500.0,0.6
14,Zprime_2500GeV_075,0.7717975568637161,2500.0,0.75
15,Zprime_3000GeV_015,0.868137776216321,3000.0,0.15
16,Zprime_3000GeV_030,0.8478127910971869,3000.0,0.3
17,Zprime_3000GeV_045,0.8269867615057744,3000.0,0.45
18,Zprime_3000GeV_060,0.798199917101988,3000.0,0.6
19,Zprime_3000GeV_075,0.7649757460387744,3000.0,0.75
20,Zprime_3500GeV_015,0.8614128910754811,3500.0,0.15
21,Zprime_3500GeV_030,0.8488060560025266,3500.0,0.3
22,Zprime_3500GeV_045,0.8236373772854196,3500.0,0.45
23,Zprime_3500GeV_060,0.8002752383025105,3500.0,0.6
24,Zprime_3500GeV_075,0.7629443083666365,3500.0,0.75
25,Zprime_4000GeV_015,0.8629911549933946,4000.0,0.15
26,Zprime_4000GeV_030,0.8535098693229377,4000.0,0.3
27,Zprime_4000GeV_045,0.8232985018572172,4000.0,0.45
28,Zprime_4000GeV_060,0.7977097406942115,4000.0,0.6
29,Zprime_4000GeV_075,0.755776966940199,4000.0,0.75
