,name,auc,mass,nu
0,Zprime_1500GeV_015,0.8884873503689048,1500.0,0.15
1,Zprime_1500GeV_030,0.8823999792889342,1500.0,0.3
2,Zprime_1500GeV_045,0.8596345027923342,1500.0,0.45
3,Zprime_1500GeV_060,0.8441335542004783,1500.0,0.6
4,Zprime_1500GeV_075,0.805119813579914,1500.0,0.75
5,Zprime_2000GeV_015,0.8873327472197771,2000.0,0.15
6,Zprime_2000GeV_030,0.8736598361079588,2000.0,0.3
7,Zprime_2000GeV_045,0.8526058393161301,2000.0,0.45
8,Zprime_2000GeV_060,0.8291927889478479,2000.0,0.6
9,Zprime_2000GeV_075,0.8028047621611948,2000.0,0.75
10,Zprime_2500GeV_015,0.882794596695522,2500.0,0.15
11,Zprime_2500GeV_030,0.8673753338222816,2500.0,0.3
12,Zprime_2500GeV_045,0.8494773393414199,2500.0,0.45
13,Zprime_2500GeV_060,0.8259381532540199,2500.0,0.6
14,Zprime_2500GeV_075,0.7897091065234276,2500.0,0.75
15,Zprime_3000GeV_015,0.8857328643290789,3000.0,0.15
16,Zprime_3000GeV_030,0.8673537850879203,3000.0,0.3
17,Zprime_3000GeV_045,0.8455006092982583,3000.0,0.45
18,Zprime_3000GeV_060,0.8173311239160376,3000.0,0.6
19,Zprime_3000GeV_075,0.7894708415819741,3000.0,0.75
20,Zprime_3500GeV_015,0.880398276851198,3500.0,0.15
21,Zprime_3500GeV_030,0.8715096857317901,3500.0,0.3
22,Zprime_3500GeV_045,0.8488071028077984,3500.0,0.45
23,Zprime_3500GeV_060,0.8195951687485916,3500.0,0.6
24,Zprime_3500GeV_075,0.7823210863306262,3500.0,0.75
25,Zprime_4000GeV_015,0.8879849118449109,4000.0,0.15
26,Zprime_4000GeV_030,0.8753571475045107,4000.0,0.3
27,Zprime_4000GeV_045,0.8466188279501283,4000.0,0.45
28,Zprime_4000GeV_060,0.8171213927249906,4000.0,0.6
29,Zprime_4000GeV_075,0.7731841972950417,4000.0,0.75
