,name,auc,mass,nu
0,Zprime_1500GeV_015,0.8798209144428688,1500.0,0.15
1,Zprime_1500GeV_030,0.86910395053014,1500.0,0.3
2,Zprime_1500GeV_045,0.8515765504103674,1500.0,0.45
3,Zprime_1500GeV_060,0.8304912748998314,1500.0,0.6
4,Zprime_1500GeV_075,0.7918493671684338,1500.0,0.75
5,Zprime_2000GeV_015,0.8756375215298302,2000.0,0.15
6,Zprime_2000GeV_030,0.862751073112403,2000.0,0.3
7,Zprime_2000GeV_045,0.8416965758970012,2000.0,0.45
8,Zprime_2000GeV_060,0.8197782246289235,2000.0,0.6
9,Zprime_2000GeV_075,0.7967506369184805,2000.0,0.75
10,Zprime_2500GeV_015,0.8709914711724027,2500.0,0.15
11,Zprime_2500GeV_030,0.8570092519401245,2500.0,0.3
12,Zprime_2500GeV_045,0.837870692076216,2500.0,0.45
13,Zprime_2500GeV_060,0.814894667637726,2500.0,0.6
14,Zprime_2500GeV_075,0.7811985898050943,2500.0,0.75
15,Zprime_3000GeV_015,0.8748015928177564,3000.0,0.15
16,Zprime_3000GeV_030,0.8530540544206126,3000.0,0.3
17,Zprime_3000GeV_045,0.8342499121380686,3000.0,0.45
18,Zprime_3000GeV_060,0.8056213007635135,3000.0,0.6
19,Zprime_3000GeV_075,0.7745279936856291,3000.0,0.75
20,Zprime_3500GeV_015,0.8681364619696389,3500.0,0.15
21,Zprime_3500GeV_030,0.8572246987530746,3500.0,0.3
22,Zprime_3500GeV_045,0.8307386824297559,3500.0,0.45
23,Zprime_3500GeV_060,0.8074984711838619,3500.0,0.6
24,Zprime_3500GeV_075,0.7714427828627907,3500.0,0.75
25,Zprime_4000GeV_015,0.8711118295029454,4000.0,0.15
26,Zprime_4000GeV_030,0.8620646046036867,4000.0,0.3
27,Zprime_4000GeV_045,0.8330834798131593,4000.0,0.45
28,Zprime_4000GeV_060,0.8062922933564256,4000.0,0.6
29,Zprime_4000GeV_075,0.7667022759689155,4000.0,0.75
