,name,auc,mass,nu
0,Zprime_1500GeV_015,0.8434936280087363,1500.0,0.15
1,Zprime_1500GeV_030,0.8270548732292567,1500.0,0.3
2,Zprime_1500GeV_045,0.8127392327290688,1500.0,0.45
3,Zprime_1500GeV_060,0.7823469836069955,1500.0,0.6
4,Zprime_1500GeV_075,0.7481483698287874,1500.0,0.75
5,Zprime_2000GeV_015,0.8333453522612193,2000.0,0.15
6,Zprime_2000GeV_030,0.8215056056877781,2000.0,0.3
7,Zprime_2000GeV_045,0.7986807044203674,2000.0,0.45
8,Zprime_2000GeV_060,0.777804606573301,2000.0,0.6
9,Zprime_2000GeV_075,0.7541642438289485,2000.0,0.75
10,Zprime_2500GeV_015,0.8274692745623116,2500.0,0.15
11,Zprime_2500GeV_030,0.8129755692489026,2500.0,0.3
12,Zprime_2500GeV_045,0.7939877528922269,2500.0,0.45
13,Zprime_2500GeV_060,0.7706522123015339,2500.0,0.6
14,Zprime_2500GeV_075,0.7415943797905518,2500.0,0.75
15,Zprime_3000GeV_015,0.8370415264266049,3000.0,0.15
16,Zprime_3000GeV_030,0.8147410572535965,3000.0,0.3
17,Zprime_3000GeV_045,0.7921148012555366,3000.0,0.45
18,Zprime_3000GeV_060,0.7657736906096031,3000.0,0.6
19,Zprime_3000GeV_075,0.7340447786891877,3000.0,0.75
20,Zprime_3500GeV_015,0.8390752071903089,3500.0,0.15
21,Zprime_3500GeV_030,0.8213421457567149,3500.0,0.3
22,Zprime_3500GeV_045,0.7966140591440184,3500.0,0.45
23,Zprime_3500GeV_060,0.7718810747230187,3500.0,0.6
24,Zprime_3500GeV_075,0.7364259915774999,3500.0,0.75
25,Zprime_4000GeV_015,0.851509682466032,4000.0,0.15
26,Zprime_4000GeV_030,0.8326659348575662,4000.0,0.3
27,Zprime_4000GeV_045,0.8020179882988919,4000.0,0.45
28,Zprime_4000GeV_060,0.7729843472577775,4000.0,0.6
29,Zprime_4000GeV_075,0.7313751477613264,4000.0,0.75
