,name,auc,mass,nu
0,Zprime_1500GeV_015,0.8496428191086873,1500.0,0.15
1,Zprime_1500GeV_030,0.8224965895426024,1500.0,0.3
2,Zprime_1500GeV_045,0.809567508294426,1500.0,0.45
3,Zprime_1500GeV_060,0.7765510534664343,1500.0,0.6
4,Zprime_1500GeV_075,0.7238372741950155,1500.0,0.75
5,Zprime_2000GeV_015,0.8362631036503684,2000.0,0.15
6,Zprime_2000GeV_030,0.8219111000342035,2000.0,0.3
7,Zprime_2000GeV_045,0.7970325404059821,2000.0,0.45
8,Zprime_2000GeV_060,0.769161403440853,2000.0,0.6
9,Zprime_2000GeV_075,0.7447718380403925,2000.0,0.75
10,Zprime_2500GeV_015,0.8313052642389446,2500.0,0.15
11,Zprime_2500GeV_030,0.8164767725677173,2500.0,0.3
12,Zprime_2500GeV_045,0.7962277834285703,2500.0,0.45
13,Zprime_2500GeV_060,0.7679719478017383,2500.0,0.6
14,Zprime_2500GeV_075,0.7291438970932057,2500.0,0.75
15,Zprime_3000GeV_015,0.8343148117679001,3000.0,0.15
16,Zprime_3000GeV_030,0.8130881960529672,3000.0,0.3
17,Zprime_3000GeV_045,0.7901494161164123,3000.0,0.45
18,Zprime_3000GeV_060,0.7622419343464429,3000.0,0.6
19,Zprime_3000GeV_075,0.7326460571748993,3000.0,0.75
20,Zprime_3500GeV_015,0.8307980619395716,3500.0,0.15
21,Zprime_3500GeV_030,0.8149585011634883,3500.0,0.3
22,Zprime_3500GeV_045,0.788948217275746,3500.0,0.45
23,Zprime_3500GeV_060,0.7659313962257844,3500.0,0.6
24,Zprime_3500GeV_075,0.725012257745692,3500.0,0.75
25,Zprime_4000GeV_015,0.8389937644638227,4000.0,0.15
26,Zprime_4000GeV_030,0.8261583434256867,4000.0,0.3
27,Zprime_4000GeV_045,0.7917743762933929,4000.0,0.45
28,Zprime_4000GeV_060,0.7639060301645266,4000.0,0.6
29,Zprime_4000GeV_075,0.7201336522063025,4000.0,0.75
