,name,auc,mass,nu
0,Zprime_1500GeV_015,0.8774114497798157,1500.0,0.15
1,Zprime_1500GeV_030,0.8715008469346565,1500.0,0.3
2,Zprime_1500GeV_045,0.8497362057329545,1500.0,0.45
3,Zprime_1500GeV_060,0.830477585678358,1500.0,0.6
4,Zprime_1500GeV_075,0.7952649387482442,1500.0,0.75
5,Zprime_2000GeV_015,0.8835614013190426,2000.0,0.15
6,Zprime_2000GeV_030,0.8677043997497593,2000.0,0.3
7,Zprime_2000GeV_045,0.8487439549319428,2000.0,0.45
8,Zprime_2000GeV_060,0.8219573119618315,2000.0,0.6
9,Zprime_2000GeV_075,0.7961171861103814,2000.0,0.75
10,Zprime_2500GeV_015,0.8750331384002702,2500.0,0.15
11,Zprime_2500GeV_030,0.8612898164129923,2500.0,0.3
12,Zprime_2500GeV_045,0.8440384576793116,2500.0,0.45
13,Zprime_2500GeV_060,0.8215049606428874,2500.0,0.6
14,Zprime_2500GeV_075,0.7836709665158639,2500.0,0.75
15,Zprime_3000GeV_015,0.8797230423882398,3000.0,0.15
16,Zprime_3000GeV_030,0.8613697494085681,3000.0,0.3
17,Zprime_3000GeV_045,0.8394547229392716,3000.0,0.45
18,Zprime_3000GeV_060,0.8135359159565868,3000.0,0.6
19,Zprime_3000GeV_075,0.7822900556686652,3000.0,0.75
20,Zprime_3500GeV_015,0.8783959921980616,3500.0,0.15
21,Zprime_3500GeV_030,0.8671449142794124,3500.0,0.3
22,Zprime_3500GeV_045,0.8419124404954563,3500.0,0.45
23,Zprime_3500GeV_060,0.8150529223022969,3500.0,0.6
24,Zprime_3500GeV_075,0.7794868183576126,3500.0,0.75
25,Zprime_4000GeV_015,0.8865796131299033,4000.0,0.15
26,Zprime_4000GeV_030,0.873126625822141,4000.0,0.3
27,Zprime_4000GeV_045,0.8444080188980928,4000.0,0.45
28,Zprime_4000GeV_060,0.8148450233562217,4000.0,0.6
29,Zprime_4000GeV_075,0.7737132788475896,4000.0,0.75
