,name,auc,mass,nu
0,Zprime_1500GeV_015,0.8826708414839893,1500.0,0.15
1,Zprime_1500GeV_030,0.8686921067592042,1500.0,0.3
2,Zprime_1500GeV_045,0.8482269902285323,1500.0,0.45
3,Zprime_1500GeV_060,0.8297773873894462,1500.0,0.6
4,Zprime_1500GeV_075,0.7901564401822233,1500.0,0.75
5,Zprime_2000GeV_015,0.8761972845835593,2000.0,0.15
6,Zprime_2000GeV_030,0.8634596834637116,2000.0,0.3
7,Zprime_2000GeV_045,0.840493751385655,2000.0,0.45
8,Zprime_2000GeV_060,0.8156646748401117,2000.0,0.6
9,Zprime_2000GeV_075,0.794146550994184,2000.0,0.75
10,Zprime_2500GeV_015,0.8709772206831962,2500.0,0.15
11,Zprime_2500GeV_030,0.8548412592759259,2500.0,0.3
12,Zprime_2500GeV_045,0.8370147099567454,2500.0,0.45
13,Zprime_2500GeV_060,0.8114753463395393,2500.0,0.6
14,Zprime_2500GeV_075,0.7767958355476345,2500.0,0.75
15,Zprime_3000GeV_015,0.8715642854440915,3000.0,0.15
16,Zprime_3000GeV_030,0.8510524081190646,3000.0,0.3
17,Zprime_3000GeV_045,0.8302976558901585,3000.0,0.45
18,Zprime_3000GeV_060,0.8031821096952358,3000.0,0.6
19,Zprime_3000GeV_075,0.7731974322006845,3000.0,0.75
20,Zprime_3500GeV_015,0.862938204241603,3500.0,0.15
21,Zprime_3500GeV_030,0.8505189191902423,3500.0,0.3
22,Zprime_3500GeV_045,0.8248265197021384,3500.0,0.45
23,Zprime_3500GeV_060,0.8024100391763337,3500.0,0.6
24,Zprime_3500GeV_075,0.7668316466847149,3500.0,0.75
25,Zprime_4000GeV_015,0.8648693506202232,4000.0,0.15
26,Zprime_4000GeV_030,0.8535731167547592,4000.0,0.3
27,Zprime_4000GeV_045,0.8258078484059361,4000.0,0.45
28,Zprime_4000GeV_060,0.7996210875013469,4000.0,0.6
29,Zprime_4000GeV_075,0.7599961871460841,4000.0,0.75
