,name,auc,mass,nu
0,Zprime_1500GeV_015,0.8478141762559485,1500.0,0.15
1,Zprime_1500GeV_030,0.8209567984073614,1500.0,0.3
2,Zprime_1500GeV_045,0.8050388185952393,1500.0,0.45
3,Zprime_1500GeV_060,0.7752054137745042,1500.0,0.6
4,Zprime_1500GeV_075,0.7205993804227657,1500.0,0.75
5,Zprime_2000GeV_015,0.8402273675841108,2000.0,0.15
6,Zprime_2000GeV_030,0.8237813521511517,2000.0,0.3
7,Zprime_2000GeV_045,0.7970419333874095,2000.0,0.45
8,Zprime_2000GeV_060,0.7671810311112192,2000.0,0.6
9,Zprime_2000GeV_075,0.7394129471008175,2000.0,0.75
10,Zprime_2500GeV_015,0.8342892986402268,2500.0,0.15
11,Zprime_2500GeV_030,0.8196524851917234,2500.0,0.3
12,Zprime_2500GeV_045,0.7975923473805346,2500.0,0.45
13,Zprime_2500GeV_060,0.7686658477290541,2500.0,0.6
14,Zprime_2500GeV_075,0.7305787019689006,2500.0,0.75
15,Zprime_3000GeV_015,0.8396721478480078,3000.0,0.15
16,Zprime_3000GeV_030,0.8175733359606875,3000.0,0.3
17,Zprime_3000GeV_045,0.7930217520026266,3000.0,0.45
18,Zprime_3000GeV_060,0.7654908506145036,3000.0,0.6
19,Zprime_3000GeV_075,0.7313951506411123,3000.0,0.75
20,Zprime_3500GeV_015,0.8342186153272728,3500.0,0.15
21,Zprime_3500GeV_030,0.820848734304949,3500.0,0.3
22,Zprime_3500GeV_045,0.7905564755798998,3500.0,0.45
23,Zprime_3500GeV_060,0.7679457553023845,3500.0,0.6
24,Zprime_3500GeV_075,0.7262751063555498,3500.0,0.75
25,Zprime_4000GeV_015,0.8419522732355608,4000.0,0.15
26,Zprime_4000GeV_030,0.8317049956695179,4000.0,0.3
27,Zprime_4000GeV_045,0.7953942355396816,4000.0,0.45
28,Zprime_4000GeV_060,0.7672699411557485,4000.0,0.6
29,Zprime_4000GeV_075,0.7226259271502453,4000.0,0.75
