,name,auc,mass,nu
0,Zprime_1500GeV_015,0.8836492705046214,1500.0,0.15
1,Zprime_1500GeV_030,0.8815147397274168,1500.0,0.3
2,Zprime_1500GeV_045,0.8640802866630987,1500.0,0.45
3,Zprime_1500GeV_060,0.8431355883972315,1500.0,0.6
4,Zprime_1500GeV_075,0.8106389173973292,1500.0,0.75
5,Zprime_2000GeV_015,0.8872686994353451,2000.0,0.15
6,Zprime_2000GeV_030,0.8723671794184957,2000.0,0.3
7,Zprime_2000GeV_045,0.8533479228771577,2000.0,0.45
8,Zprime_2000GeV_060,0.8299004313575706,2000.0,0.6
9,Zprime_2000GeV_075,0.8064423277591295,2000.0,0.75
10,Zprime_2500GeV_015,0.8837933109646752,2500.0,0.15
11,Zprime_2500GeV_030,0.86825567026809,2500.0,0.3
12,Zprime_2500GeV_045,0.8499546798385642,2500.0,0.45
13,Zprime_2500GeV_060,0.8271289241023019,2500.0,0.6
14,Zprime_2500GeV_075,0.7913940617331738,2500.0,0.75
15,Zprime_3000GeV_015,0.8890044371248138,3000.0,0.15
16,Zprime_3000GeV_030,0.8677715976869635,3000.0,0.3
17,Zprime_3000GeV_045,0.8464083678951313,3000.0,0.45
18,Zprime_3000GeV_060,0.8166731524709399,3000.0,0.6
19,Zprime_3000GeV_075,0.7868349210932442,3000.0,0.75
20,Zprime_3500GeV_015,0.8839820684328782,3500.0,0.15
21,Zprime_3500GeV_030,0.8720057811732261,3500.0,0.3
22,Zprime_3500GeV_045,0.8471325175756595,3500.0,0.45
23,Zprime_3500GeV_060,0.8206955789887196,3500.0,0.6
24,Zprime_3500GeV_075,0.7827333054015728,3500.0,0.75
25,Zprime_4000GeV_015,0.8871892848611737,4000.0,0.15
26,Zprime_4000GeV_030,0.8767952227459552,4000.0,0.3
27,Zprime_4000GeV_045,0.8479232536760377,4000.0,0.45
28,Zprime_4000GeV_060,0.8189614296637926,4000.0,0.6
29,Zprime_4000GeV_075,0.7780041468200125,4000.0,0.75
