,name,auc,mass,nu
0,Zprime_1500GeV_015,0.8852820874273446,1500.0,0.15
1,Zprime_1500GeV_030,0.8788886743227164,1500.0,0.3
2,Zprime_1500GeV_045,0.8592814118104898,1500.0,0.45
3,Zprime_1500GeV_060,0.842188714648933,1500.0,0.6
4,Zprime_1500GeV_075,0.8054353364395905,1500.0,0.75
5,Zprime_2000GeV_015,0.884315119109512,2000.0,0.15
6,Zprime_2000GeV_030,0.8700400133946845,2000.0,0.3
7,Zprime_2000GeV_045,0.8499740552162801,2000.0,0.45
8,Zprime_2000GeV_060,0.8265800262372418,2000.0,0.6
9,Zprime_2000GeV_075,0.8042670999761206,2000.0,0.75
10,Zprime_2500GeV_015,0.8786644576804967,2500.0,0.15
11,Zprime_2500GeV_030,0.8640978013693479,2500.0,0.3
12,Zprime_2500GeV_045,0.8462782990970954,2500.0,0.45
13,Zprime_2500GeV_060,0.8232860845475571,2500.0,0.6
14,Zprime_2500GeV_075,0.7879447372190046,2500.0,0.75
15,Zprime_3000GeV_015,0.8847517074420242,3000.0,0.15
16,Zprime_3000GeV_030,0.8643776726428564,3000.0,0.3
17,Zprime_3000GeV_045,0.8435158452128825,3000.0,0.45
18,Zprime_3000GeV_060,0.8148919874114526,3000.0,0.6
19,Zprime_3000GeV_075,0.7849546756851902,3000.0,0.75
20,Zprime_3500GeV_015,0.8788692636842583,3500.0,0.15
21,Zprime_3500GeV_030,0.8684369531810183,3500.0,0.3
22,Zprime_3500GeV_045,0.8444145548115766,3500.0,0.45
23,Zprime_3500GeV_060,0.81634856449166,3500.0,0.6
24,Zprime_3500GeV_075,0.7816972949164196,3500.0,0.75
25,Zprime_4000GeV_015,0.8845984575352777,4000.0,0.15
26,Zprime_4000GeV_030,0.8732019307413387,4000.0,0.3
27,Zprime_4000GeV_045,0.8441581628459873,4000.0,0.45
28,Zprime_4000GeV_060,0.8160590915704722,4000.0,0.6
29,Zprime_4000GeV_075,0.7738570341971361,4000.0,0.75
