,name,auc,mass,nu
0,Zprime_1500GeV_015,0.8439034962343503,1500.0,0.15
1,Zprime_1500GeV_030,0.8287303826052408,1500.0,0.3
2,Zprime_1500GeV_045,0.8079967448206918,1500.0,0.45
3,Zprime_1500GeV_060,0.7807709985112163,1500.0,0.6
4,Zprime_1500GeV_075,0.7315582713449157,1500.0,0.75
5,Zprime_2000GeV_015,0.8441756366602682,2000.0,0.15
6,Zprime_2000GeV_030,0.8296023774711809,2000.0,0.3
7,Zprime_2000GeV_045,0.8039547969423754,2000.0,0.45
8,Zprime_2000GeV_060,0.7711441047343119,2000.0,0.6
9,Zprime_2000GeV_075,0.7475902397127081,2000.0,0.75
10,Zprime_2500GeV_015,0.8400283674928182,2500.0,0.15
11,Zprime_2500GeV_030,0.8238958141723696,2500.0,0.3
12,Zprime_2500GeV_045,0.8040937601487059,2500.0,0.45
13,Zprime_2500GeV_060,0.7740550230733152,2500.0,0.6
14,Zprime_2500GeV_075,0.734101032719203,2500.0,0.75
15,Zprime_3000GeV_015,0.8425849808026243,3000.0,0.15
16,Zprime_3000GeV_030,0.819354397564009,3000.0,0.3
17,Zprime_3000GeV_045,0.7970587096467695,3000.0,0.45
18,Zprime_3000GeV_060,0.7651138094352604,3000.0,0.6
19,Zprime_3000GeV_075,0.7340168346961599,3000.0,0.75
20,Zprime_3500GeV_015,0.83647717372127,3500.0,0.15
21,Zprime_3500GeV_030,0.8228844631819713,3500.0,0.3
22,Zprime_3500GeV_045,0.7933316526420192,3500.0,0.45
23,Zprime_3500GeV_060,0.7702126085679546,3500.0,0.6
24,Zprime_3500GeV_075,0.7303381247045679,3500.0,0.75
25,Zprime_4000GeV_015,0.8415222307891995,4000.0,0.15
26,Zprime_4000GeV_030,0.8304649752971872,4000.0,0.3
27,Zprime_4000GeV_045,0.7961320681940673,4000.0,0.45
28,Zprime_4000GeV_060,0.770472843901717,4000.0,0.6
29,Zprime_4000GeV_075,0.7270208111820231,4000.0,0.75
