,name,auc,mass,nu
0,Zprime_1500GeV_015,0.8601555303951739,1500.0,0.15
1,Zprime_1500GeV_030,0.8422730157002559,1500.0,0.3
2,Zprime_1500GeV_045,0.8218575561470115,1500.0,0.45
3,Zprime_1500GeV_060,0.7998749538123511,1500.0,0.6
4,Zprime_1500GeV_075,0.7567454783195405,1500.0,0.75
5,Zprime_2000GeV_015,0.8549230986842156,2000.0,0.15
6,Zprime_2000GeV_030,0.8442458508271621,2000.0,0.3
7,Zprime_2000GeV_045,0.8191447024915739,2000.0,0.45
8,Zprime_2000GeV_060,0.7933521972895101,2000.0,0.6
9,Zprime_2000GeV_075,0.7668521168756971,2000.0,0.75
10,Zprime_2500GeV_015,0.8508061492724915,2500.0,0.15
11,Zprime_2500GeV_030,0.8353086265517511,2500.0,0.3
12,Zprime_2500GeV_045,0.8163823952054663,2500.0,0.45
13,Zprime_2500GeV_060,0.7921136802065094,2500.0,0.6
14,Zprime_2500GeV_075,0.7519445886325511,2500.0,0.75
15,Zprime_3000GeV_015,0.8540078819704946,3000.0,0.15
16,Zprime_3000GeV_030,0.8319601659191115,3000.0,0.3
17,Zprime_3000GeV_045,0.8118380993824929,3000.0,0.45
18,Zprime_3000GeV_060,0.7830898422483616,3000.0,0.6
19,Zprime_3000GeV_075,0.7511774361743657,3000.0,0.75
20,Zprime_3500GeV_015,0.8473778021177246,3500.0,0.15
21,Zprime_3500GeV_030,0.834410751427454,3500.0,0.3
22,Zprime_3500GeV_045,0.8076143238938142,3500.0,0.45
23,Zprime_3500GeV_060,0.7844480079554055,3500.0,0.6
24,Zprime_3500GeV_075,0.7457662433930643,3500.0,0.75
25,Zprime_4000GeV_015,0.8534060982891132,4000.0,0.15
26,Zprime_4000GeV_030,0.8431589845246548,4000.0,0.3
27,Zprime_4000GeV_045,0.8119467014671521,4000.0,0.45
28,Zprime_4000GeV_060,0.7828724584307925,4000.0,0.6
29,Zprime_4000GeV_075,0.7408890849657793,4000.0,0.75
