,name,auc,mass,nu
0,Zprime_1500GeV_015,0.8397181694701186,1500.0,0.15
1,Zprime_1500GeV_030,0.8190164568438449,1500.0,0.3
2,Zprime_1500GeV_045,0.7958154628264539,1500.0,0.45
3,Zprime_1500GeV_060,0.769964974995074,1500.0,0.6
4,Zprime_1500GeV_075,0.7145517775593836,1500.0,0.75
5,Zprime_2000GeV_015,0.8294595474330235,2000.0,0.15
6,Zprime_2000GeV_030,0.8140491294530185,2000.0,0.3
7,Zprime_2000GeV_045,0.7887703959845195,2000.0,0.45
8,Zprime_2000GeV_060,0.7585307992496217,2000.0,0.6
9,Zprime_2000GeV_075,0.7321336003033057,2000.0,0.75
10,Zprime_2500GeV_015,0.8290051029979661,2500.0,0.15
11,Zprime_2500GeV_030,0.8115528123684583,2500.0,0.3
12,Zprime_2500GeV_045,0.7915364716717734,2500.0,0.45
13,Zprime_2500GeV_060,0.7624573302449735,2500.0,0.6
14,Zprime_2500GeV_075,0.7221245960813818,2500.0,0.75
15,Zprime_3000GeV_015,0.8362492251117195,3000.0,0.15
16,Zprime_3000GeV_030,0.8141826302853343,3000.0,0.3
17,Zprime_3000GeV_045,0.7889194530114316,3000.0,0.45
18,Zprime_3000GeV_060,0.7586417734005247,3000.0,0.6
19,Zprime_3000GeV_075,0.7282251642122437,3000.0,0.75
20,Zprime_3500GeV_015,0.8304313967269403,3500.0,0.15
21,Zprime_3500GeV_030,0.8156124882694896,3500.0,0.3
22,Zprime_3500GeV_045,0.7870422549303233,3500.0,0.45
23,Zprime_3500GeV_060,0.7626516404926614,3500.0,0.6
24,Zprime_3500GeV_075,0.7225243543466116,3500.0,0.75
25,Zprime_4000GeV_015,0.8394342738314352,4000.0,0.15
26,Zprime_4000GeV_030,0.827214219959437,4000.0,0.3
27,Zprime_4000GeV_045,0.7917271304539055,4000.0,0.45
28,Zprime_4000GeV_060,0.7611971169958662,4000.0,0.6
29,Zprime_4000GeV_075,0.7171222584000247,4000.0,0.75
