,name,auc,mass,nu
0,Zprime_1500GeV_015,0.8861041593100576,1500.0,0.15
1,Zprime_1500GeV_030,0.877010875422939,1500.0,0.3
2,Zprime_1500GeV_045,0.858492159304812,1500.0,0.45
3,Zprime_1500GeV_060,0.8382122113891736,1500.0,0.6
4,Zprime_1500GeV_075,0.8051365558939362,1500.0,0.75
5,Zprime_2000GeV_015,0.8822383395095812,2000.0,0.15
6,Zprime_2000GeV_030,0.8694718298117333,2000.0,0.3
7,Zprime_2000GeV_045,0.8473423661870922,2000.0,0.45
8,Zprime_2000GeV_060,0.8246376982987185,2000.0,0.6
9,Zprime_2000GeV_075,0.8014546817383945,2000.0,0.75
10,Zprime_2500GeV_015,0.8807023227335349,2500.0,0.15
11,Zprime_2500GeV_030,0.8624943388195345,2500.0,0.3
12,Zprime_2500GeV_045,0.8457139062764143,2500.0,0.45
13,Zprime_2500GeV_060,0.8230700088467935,2500.0,0.6
14,Zprime_2500GeV_075,0.7861556712420131,2500.0,0.75
15,Zprime_3000GeV_015,0.8823994060044562,3000.0,0.15
16,Zprime_3000GeV_030,0.8634883912988655,3000.0,0.3
17,Zprime_3000GeV_045,0.8414089777036105,3000.0,0.45
18,Zprime_3000GeV_060,0.8130927011433544,3000.0,0.6
19,Zprime_3000GeV_075,0.7830758765865474,3000.0,0.75
20,Zprime_3500GeV_015,0.8775576377364251,3500.0,0.15
21,Zprime_3500GeV_030,0.8667055128501416,3500.0,0.3
22,Zprime_3500GeV_045,0.8416650232937419,3500.0,0.45
23,Zprime_3500GeV_060,0.8165051493711551,3500.0,0.6
24,Zprime_3500GeV_075,0.7814668686347814,3500.0,0.75
25,Zprime_4000GeV_015,0.8841417543955608,4000.0,0.15
26,Zprime_4000GeV_030,0.872633318550381,4000.0,0.3
27,Zprime_4000GeV_045,0.8424992565996285,4000.0,0.45
28,Zprime_4000GeV_060,0.815422507855349,4000.0,0.6
29,Zprime_4000GeV_075,0.772923606760272,4000.0,0.75
