,name,auc,mass,nu
0,Zprime_1500GeV_015,0.8792419609777423,1500.0,0.15
1,Zprime_1500GeV_030,0.8667416606259393,1500.0,0.3
2,Zprime_1500GeV_045,0.8453367063743491,1500.0,0.45
3,Zprime_1500GeV_060,0.8256620517103335,1500.0,0.6
4,Zprime_1500GeV_075,0.7799688118593623,1500.0,0.75
5,Zprime_2000GeV_015,0.876278193044078,2000.0,0.15
6,Zprime_2000GeV_030,0.8614155895437768,2000.0,0.3
7,Zprime_2000GeV_045,0.8386576041508611,2000.0,0.45
8,Zprime_2000GeV_060,0.8149914369439041,2000.0,0.6
9,Zprime_2000GeV_075,0.7881952547012119,2000.0,0.75
10,Zprime_2500GeV_015,0.8698379481869049,2500.0,0.15
11,Zprime_2500GeV_030,0.8552622686420759,2500.0,0.3
12,Zprime_2500GeV_045,0.8360266652966077,2500.0,0.45
13,Zprime_2500GeV_060,0.8094065672072168,2500.0,0.6
14,Zprime_2500GeV_075,0.7746738047772332,2500.0,0.75
15,Zprime_3000GeV_015,0.8721930509921918,3000.0,0.15
16,Zprime_3000GeV_030,0.8522507186346474,3000.0,0.3
17,Zprime_3000GeV_045,0.8307450960116711,3000.0,0.45
18,Zprime_3000GeV_060,0.8014162770333997,3000.0,0.6
19,Zprime_3000GeV_075,0.7686587837479032,3000.0,0.75
20,Zprime_3500GeV_015,0.8647419911534926,3500.0,0.15
21,Zprime_3500GeV_030,0.8529065668908262,3500.0,0.3
22,Zprime_3500GeV_045,0.8274071793092568,3500.0,0.45
23,Zprime_3500GeV_060,0.8024240219695116,3500.0,0.6
24,Zprime_3500GeV_075,0.7656975742340252,3500.0,0.75
25,Zprime_4000GeV_015,0.8682551529499132,4000.0,0.15
26,Zprime_4000GeV_030,0.8571537744039761,4000.0,0.3
27,Zprime_4000GeV_045,0.8285219699685998,4000.0,0.45
28,Zprime_4000GeV_060,0.8029752879947631,4000.0,0.6
29,Zprime_4000GeV_075,0.7570325167160007,4000.0,0.75
