,name,auc,mass,nu
0,Zprime_1500GeV_015,0.8317457070098443,1500.0,0.15
1,Zprime_1500GeV_030,0.8180115474758917,1500.0,0.3
2,Zprime_1500GeV_045,0.7940826761079018,1500.0,0.45
3,Zprime_1500GeV_060,0.7716634624546693,1500.0,0.6
4,Zprime_1500GeV_075,0.7294332531376492,1500.0,0.75
5,Zprime_2000GeV_015,0.8201410732768172,2000.0,0.15
6,Zprime_2000GeV_030,0.8057538556393367,2000.0,0.3
7,Zprime_2000GeV_045,0.7818518662180853,2000.0,0.45
8,Zprime_2000GeV_060,0.7579925157422613,2000.0,0.6
9,Zprime_2000GeV_075,0.7336438962530464,2000.0,0.75
10,Zprime_2500GeV_015,0.8247096928821152,2500.0,0.15
11,Zprime_2500GeV_030,0.8052380461022628,2500.0,0.3
12,Zprime_2500GeV_045,0.7854708511039112,2500.0,0.45
13,Zprime_2500GeV_060,0.7537403972612873,2500.0,0.6
14,Zprime_2500GeV_075,0.7180731631677049,2500.0,0.75
15,Zprime_3000GeV_015,0.8441777540371278,3000.0,0.15
16,Zprime_3000GeV_030,0.8141908374084966,3000.0,0.3
17,Zprime_3000GeV_045,0.788242725279636,3000.0,0.45
18,Zprime_3000GeV_060,0.7563264843531214,3000.0,0.6
19,Zprime_3000GeV_075,0.7198447509891246,3000.0,0.75
20,Zprime_3500GeV_015,0.8462793887170228,3500.0,0.15
21,Zprime_3500GeV_030,0.8287117209323006,3500.0,0.3
22,Zprime_3500GeV_045,0.7955260855169365,3500.0,0.45
23,Zprime_3500GeV_060,0.7667760043777081,3500.0,0.6
24,Zprime_3500GeV_075,0.7209719500666065,3500.0,0.75
25,Zprime_4000GeV_015,0.856877098538416,4000.0,0.15
26,Zprime_4000GeV_030,0.8409554432434494,4000.0,0.3
27,Zprime_4000GeV_045,0.8025619762870853,4000.0,0.45
28,Zprime_4000GeV_060,0.7690400932289705,4000.0,0.6
29,Zprime_4000GeV_075,0.7207728249691603,4000.0,0.75
