,name,auc,mass,nu
0,Zprime_1500GeV_015,0.8860517288732196,1500.0,0.15
1,Zprime_1500GeV_030,0.8804376454265529,1500.0,0.3
2,Zprime_1500GeV_045,0.8600309683466645,1500.0,0.45
3,Zprime_1500GeV_060,0.8417738342280551,1500.0,0.6
4,Zprime_1500GeV_075,0.8058483135188047,1500.0,0.75
5,Zprime_2000GeV_015,0.8841502832160674,2000.0,0.15
6,Zprime_2000GeV_030,0.8702373208118768,2000.0,0.3
7,Zprime_2000GeV_045,0.8525089528042613,2000.0,0.45
8,Zprime_2000GeV_060,0.8269915694856538,2000.0,0.6
9,Zprime_2000GeV_075,0.8061752716615291,2000.0,0.75
10,Zprime_2500GeV_015,0.8788598457171086,2500.0,0.15
11,Zprime_2500GeV_030,0.8638939391987044,2500.0,0.3
12,Zprime_2500GeV_045,0.8467854152607541,2500.0,0.45
13,Zprime_2500GeV_060,0.8255167424150047,2500.0,0.6
14,Zprime_2500GeV_075,0.7896742900404321,2500.0,0.75
15,Zprime_3000GeV_015,0.8842374375426938,3000.0,0.15
16,Zprime_3000GeV_030,0.8636147678964103,3000.0,0.3
17,Zprime_3000GeV_045,0.8426448083491189,3000.0,0.45
18,Zprime_3000GeV_060,0.8163058357542637,3000.0,0.6
19,Zprime_3000GeV_075,0.7865865120551832,3000.0,0.75
20,Zprime_3500GeV_015,0.8763844818849907,3500.0,0.15
21,Zprime_3500GeV_030,0.8679728969879985,3500.0,0.3
22,Zprime_3500GeV_045,0.8426003975635878,3500.0,0.45
23,Zprime_3500GeV_060,0.8169827849807247,3500.0,0.6
24,Zprime_3500GeV_075,0.7815775643504791,3500.0,0.75
25,Zprime_4000GeV_015,0.8823013207422027,4000.0,0.15
26,Zprime_4000GeV_030,0.8713183053349964,4000.0,0.3
27,Zprime_4000GeV_045,0.8427935708347757,4000.0,0.45
28,Zprime_4000GeV_060,0.8163439555939789,4000.0,0.6
29,Zprime_4000GeV_075,0.7739590437846162,4000.0,0.75
