,name,auc,mass,nu
0,Zprime_1500GeV_015,0.876877570142349,1500.0,0.15
1,Zprime_1500GeV_030,0.8661543407646611,1500.0,0.3
2,Zprime_1500GeV_045,0.8465874313885638,1500.0,0.45
3,Zprime_1500GeV_060,0.8264135576324847,1500.0,0.6
4,Zprime_1500GeV_075,0.7782188214861928,1500.0,0.75
5,Zprime_2000GeV_015,0.878431654543157,2000.0,0.15
6,Zprime_2000GeV_030,0.8617750742204577,2000.0,0.3
7,Zprime_2000GeV_045,0.8425821591155842,2000.0,0.45
8,Zprime_2000GeV_060,0.8146889087267641,2000.0,0.6
9,Zprime_2000GeV_075,0.7895265915618705,2000.0,0.75
10,Zprime_2500GeV_015,0.872371393543915,2500.0,0.15
11,Zprime_2500GeV_030,0.8570537646119343,2500.0,0.3
12,Zprime_2500GeV_045,0.8364898271550927,2500.0,0.45
13,Zprime_2500GeV_060,0.8127697803300623,2500.0,0.6
14,Zprime_2500GeV_075,0.7759777294808584,2500.0,0.75
15,Zprime_3000GeV_015,0.87337573572132,3000.0,0.15
16,Zprime_3000GeV_030,0.8532918896957005,3000.0,0.3
17,Zprime_3000GeV_045,0.8321536600583987,3000.0,0.45
18,Zprime_3000GeV_060,0.8027764832036464,3000.0,0.6
19,Zprime_3000GeV_075,0.772810738713541,3000.0,0.75
20,Zprime_3500GeV_015,0.866364453683195,3500.0,0.15
21,Zprime_3500GeV_030,0.8537821728506771,3500.0,0.3
22,Zprime_3500GeV_045,0.8295510463865595,3500.0,0.45
23,Zprime_3500GeV_060,0.8044545844808075,3500.0,0.6
24,Zprime_3500GeV_075,0.7679605732456706,3500.0,0.75
25,Zprime_4000GeV_015,0.870633945825612,4000.0,0.15
26,Zprime_4000GeV_030,0.8614198458336284,4000.0,0.3
27,Zprime_4000GeV_045,0.8309291227030964,4000.0,0.45
28,Zprime_4000GeV_060,0.8032516873312545,4000.0,0.6
29,Zprime_4000GeV_075,0.7618235953401029,4000.0,0.75
