,name,auc,mass,nu
0,Zprime_1500GeV_015,0.8762179275194167,1500.0,0.15
1,Zprime_1500GeV_030,0.8661404717473589,1500.0,0.3
2,Zprime_1500GeV_045,0.845070529251043,1500.0,0.45
3,Zprime_1500GeV_060,0.8244697959723939,1500.0,0.6
4,Zprime_1500GeV_075,0.7832846271514571,1500.0,0.75
5,Zprime_2000GeV_015,0.8768066613159083,2000.0,0.15
6,Zprime_2000GeV_030,0.863454939143167,2000.0,0.3
7,Zprime_2000GeV_045,0.8409993466744092,2000.0,0.45
8,Zprime_2000GeV_060,0.8158440329464428,2000.0,0.6
9,Zprime_2000GeV_075,0.7910287509471505,2000.0,0.75
10,Zprime_2500GeV_015,0.8720972971091109,2500.0,0.15
11,Zprime_2500GeV_030,0.8572174581672418,2500.0,0.3
12,Zprime_2500GeV_045,0.837892661348863,2500.0,0.45
13,Zprime_2500GeV_060,0.8138522444505518,2500.0,0.6
14,Zprime_2500GeV_075,0.7766399877576033,2500.0,0.75
15,Zprime_3000GeV_015,0.8742697944566067,3000.0,0.15
16,Zprime_3000GeV_030,0.8534434922390239,3000.0,0.3
17,Zprime_3000GeV_045,0.8319382901408652,3000.0,0.45
18,Zprime_3000GeV_060,0.8052011906428262,3000.0,0.6
19,Zprime_3000GeV_075,0.7711941641458429,3000.0,0.75
20,Zprime_3500GeV_015,0.8673041078382764,3500.0,0.15
21,Zprime_3500GeV_030,0.8565988232770987,3500.0,0.3
22,Zprime_3500GeV_045,0.8306723090087608,3500.0,0.45
23,Zprime_3500GeV_060,0.8060729313498625,3500.0,0.6
24,Zprime_3500GeV_075,0.7688095376219328,3500.0,0.75
25,Zprime_4000GeV_015,0.8715095548894162,4000.0,0.15
26,Zprime_4000GeV_030,0.8602615988678406,4000.0,0.3
27,Zprime_4000GeV_045,0.8320156934575693,4000.0,0.45
28,Zprime_4000GeV_060,0.8056726731471354,4000.0,0.6
29,Zprime_4000GeV_075,0.7630605991848932,4000.0,0.75
