,name,auc,mass,nu
0,Zprime_1500GeV_015,0.8856346208100023,1500.0,0.15
1,Zprime_1500GeV_030,0.8830738154010022,1500.0,0.3
2,Zprime_1500GeV_045,0.8569183211778381,1500.0,0.45
3,Zprime_1500GeV_060,0.8436760970671434,1500.0,0.6
4,Zprime_1500GeV_075,0.8025348002948879,1500.0,0.75
5,Zprime_2000GeV_015,0.8883435219664763,2000.0,0.15
6,Zprime_2000GeV_030,0.8732219762798308,2000.0,0.3
7,Zprime_2000GeV_045,0.8546910907000737,2000.0,0.45
8,Zprime_2000GeV_060,0.8297582808888798,2000.0,0.6
9,Zprime_2000GeV_075,0.8045483667308707,2000.0,0.75
10,Zprime_2500GeV_015,0.8860171088246727,2500.0,0.15
11,Zprime_2500GeV_030,0.868659070781338,2500.0,0.3
12,Zprime_2500GeV_045,0.8504686935763464,2500.0,0.45
13,Zprime_2500GeV_060,0.826542429800105,2500.0,0.6
14,Zprime_2500GeV_075,0.7930974818714501,2500.0,0.75
15,Zprime_3000GeV_015,0.8908324842005568,3000.0,0.15
16,Zprime_3000GeV_030,0.870705848261951,3000.0,0.3
17,Zprime_3000GeV_045,0.8473967555694486,3000.0,0.45
18,Zprime_3000GeV_060,0.8199194254312205,3000.0,0.6
19,Zprime_3000GeV_075,0.7906649534879844,3000.0,0.75
20,Zprime_3500GeV_015,0.8845064948645935,3500.0,0.15
21,Zprime_3500GeV_030,0.8741318312209491,3500.0,0.3
22,Zprime_3500GeV_045,0.849944535698858,3500.0,0.45
23,Zprime_3500GeV_060,0.8207790342552601,3500.0,0.6
24,Zprime_3500GeV_075,0.785545614713592,3500.0,0.75
25,Zprime_4000GeV_015,0.8889968023379367,4000.0,0.15
26,Zprime_4000GeV_030,0.8781122502709957,4000.0,0.3
27,Zprime_4000GeV_045,0.8485509625071299,4000.0,0.45
28,Zprime_4000GeV_060,0.8204543120395598,4000.0,0.6
29,Zprime_4000GeV_075,0.7800132382555489,4000.0,0.75
