,name,auc,mass,nu
0,Zprime_1500GeV_015,0.8766816274407595,1500.0,0.15
1,Zprime_1500GeV_030,0.8730293447272374,1500.0,0.3
2,Zprime_1500GeV_045,0.8498864245055133,1500.0,0.45
3,Zprime_1500GeV_060,0.8350629898208242,1500.0,0.6
4,Zprime_1500GeV_075,0.7906902409609642,1500.0,0.75
5,Zprime_2000GeV_015,0.8798313640747206,2000.0,0.15
6,Zprime_2000GeV_030,0.8668055216655199,2000.0,0.3
7,Zprime_2000GeV_045,0.8448923857146062,2000.0,0.45
8,Zprime_2000GeV_060,0.8217012096163948,2000.0,0.6
9,Zprime_2000GeV_075,0.7943376129395943,2000.0,0.75
10,Zprime_2500GeV_015,0.8756340716088887,2500.0,0.15
11,Zprime_2500GeV_030,0.8598210347852016,2500.0,0.3
12,Zprime_2500GeV_045,0.8423266142661167,2500.0,0.45
13,Zprime_2500GeV_060,0.81849745053346,2500.0,0.6
14,Zprime_2500GeV_075,0.7804762629347298,2500.0,0.75
15,Zprime_3000GeV_015,0.88047622208914,3000.0,0.15
16,Zprime_3000GeV_030,0.8612436297559471,3000.0,0.3
17,Zprime_3000GeV_045,0.8387669971121874,3000.0,0.45
18,Zprime_3000GeV_060,0.8091378883201008,3000.0,0.6
19,Zprime_3000GeV_075,0.7810075246081991,3000.0,0.75
20,Zprime_3500GeV_015,0.8739594843094649,3500.0,0.15
21,Zprime_3500GeV_030,0.8667631764711404,3500.0,0.3
22,Zprime_3500GeV_045,0.8419645684582048,3500.0,0.45
23,Zprime_3500GeV_060,0.8126788917836447,3500.0,0.6
24,Zprime_3500GeV_075,0.7756617248936444,3500.0,0.75
25,Zprime_4000GeV_015,0.8811334660741003,4000.0,0.15
26,Zprime_4000GeV_030,0.8708384551648337,4000.0,0.3
27,Zprime_4000GeV_045,0.8419015359637609,4000.0,0.45
28,Zprime_4000GeV_060,0.8112475313747208,4000.0,0.6
29,Zprime_4000GeV_075,0.7685239294901259,4000.0,0.75
