,name,auc,mass,nu
0,Zprime_1500GeV_015,0.8728052782619906,1500.0,0.15
1,Zprime_1500GeV_030,0.8628092658772509,1500.0,0.3
2,Zprime_1500GeV_045,0.8399726992754141,1500.0,0.45
3,Zprime_1500GeV_060,0.8202695224466584,1500.0,0.6
4,Zprime_1500GeV_075,0.7793321853686686,1500.0,0.75
5,Zprime_2000GeV_015,0.8660527853996388,2000.0,0.15
6,Zprime_2000GeV_030,0.8519914916925411,2000.0,0.3
7,Zprime_2000GeV_045,0.8305108660062679,2000.0,0.45
8,Zprime_2000GeV_060,0.8071140724250292,2000.0,0.6
9,Zprime_2000GeV_075,0.7821260122203492,2000.0,0.75
10,Zprime_2500GeV_015,0.8627004974683433,2500.0,0.15
11,Zprime_2500GeV_030,0.8469969856192615,2500.0,0.3
12,Zprime_2500GeV_045,0.8284498561070427,2500.0,0.45
13,Zprime_2500GeV_060,0.804227704866783,2500.0,0.6
14,Zprime_2500GeV_075,0.7682896133137798,2500.0,0.75
15,Zprime_3000GeV_015,0.8655912765709962,3000.0,0.15
16,Zprime_3000GeV_030,0.8453616927039874,3000.0,0.3
17,Zprime_3000GeV_045,0.824663078453042,3000.0,0.45
18,Zprime_3000GeV_060,0.796433217483701,3000.0,0.6
19,Zprime_3000GeV_075,0.7641121374199447,3000.0,0.75
20,Zprime_3500GeV_015,0.8602777819429834,3500.0,0.15
21,Zprime_3500GeV_030,0.8474347269872406,3500.0,0.3
22,Zprime_3500GeV_045,0.8226251872645455,3500.0,0.45
23,Zprime_3500GeV_060,0.7982803642020779,3500.0,0.6
24,Zprime_3500GeV_075,0.7596759378625757,3500.0,0.75
25,Zprime_4000GeV_015,0.864369810636126,4000.0,0.15
26,Zprime_4000GeV_030,0.852077799183049,4000.0,0.3
27,Zprime_4000GeV_045,0.8246283279186969,4000.0,0.45
28,Zprime_4000GeV_060,0.7983082759825189,4000.0,0.6
29,Zprime_4000GeV_075,0.7545760656553268,4000.0,0.75
