,name,auc,mass,nu
0,Zprime_1500GeV_015,0.8936222635749291,1500.0,0.15
1,Zprime_1500GeV_030,0.8899141468203232,1500.0,0.3
2,Zprime_1500GeV_045,0.8674137598199484,1500.0,0.45
3,Zprime_1500GeV_060,0.8467217332667052,1500.0,0.6
4,Zprime_1500GeV_075,0.8174828265713917,1500.0,0.75
5,Zprime_2000GeV_015,0.8918714589447323,2000.0,0.15
6,Zprime_2000GeV_030,0.8781922066923659,2000.0,0.3
7,Zprime_2000GeV_045,0.8595803276743472,2000.0,0.45
8,Zprime_2000GeV_060,0.836298680713117,2000.0,0.6
9,Zprime_2000GeV_075,0.81355350378144,2000.0,0.75
10,Zprime_2500GeV_015,0.8882864240700263,2500.0,0.15
11,Zprime_2500GeV_030,0.8724948170197442,2500.0,0.3
12,Zprime_2500GeV_045,0.8546179915419876,2500.0,0.45
13,Zprime_2500GeV_060,0.8319244762595054,2500.0,0.6
14,Zprime_2500GeV_075,0.7984622819356967,2500.0,0.75
15,Zprime_3000GeV_015,0.8913378332176257,3000.0,0.15
16,Zprime_3000GeV_030,0.8711714576550029,3000.0,0.3
17,Zprime_3000GeV_045,0.849491141563363,3000.0,0.45
18,Zprime_3000GeV_060,0.8219348566740321,3000.0,0.6
19,Zprime_3000GeV_075,0.7925708115246424,3000.0,0.75
20,Zprime_3500GeV_015,0.8841991392045465,3500.0,0.15
21,Zprime_3500GeV_030,0.8734664828288317,3500.0,0.3
22,Zprime_3500GeV_045,0.8486639508301829,3500.0,0.45
23,Zprime_3500GeV_060,0.8230153191053953,3500.0,0.6
24,Zprime_3500GeV_075,0.7877658136736712,3500.0,0.75
25,Zprime_4000GeV_015,0.8891456652179553,4000.0,0.15
26,Zprime_4000GeV_030,0.8775500309125606,4000.0,0.3
27,Zprime_4000GeV_045,0.847956515658532,4000.0,0.45
28,Zprime_4000GeV_060,0.8211077824639604,4000.0,0.6
29,Zprime_4000GeV_075,0.7803787366149516,4000.0,0.75
