,name,auc,mass,nu
0,Zprime_1500GeV_015,0.87987124299137,1500.0,0.15
1,Zprime_1500GeV_030,0.8709706542160757,1500.0,0.3
2,Zprime_1500GeV_045,0.8471661799563793,1500.0,0.45
3,Zprime_1500GeV_060,0.8291349101879282,1500.0,0.6
4,Zprime_1500GeV_075,0.7867796549632311,1500.0,0.75
5,Zprime_2000GeV_015,0.8791124954789464,2000.0,0.15
6,Zprime_2000GeV_030,0.8670801888130355,2000.0,0.3
7,Zprime_2000GeV_045,0.843684341823904,2000.0,0.45
8,Zprime_2000GeV_060,0.8186326812364784,2000.0,0.6
9,Zprime_2000GeV_075,0.7942030309903836,2000.0,0.75
10,Zprime_2500GeV_015,0.8739220737552409,2500.0,0.15
11,Zprime_2500GeV_030,0.8588374220631261,2500.0,0.3
12,Zprime_2500GeV_045,0.8398134177306424,2500.0,0.45
13,Zprime_2500GeV_060,0.8161866817315531,2500.0,0.6
14,Zprime_2500GeV_075,0.7812633186594727,2500.0,0.75
15,Zprime_3000GeV_015,0.8741402767676514,3000.0,0.15
16,Zprime_3000GeV_030,0.8561296045512825,3000.0,0.3
17,Zprime_3000GeV_045,0.8343223729565983,3000.0,0.45
18,Zprime_3000GeV_060,0.8052541052994877,3000.0,0.6
19,Zprime_3000GeV_075,0.7756673293210263,3000.0,0.75
20,Zprime_3500GeV_015,0.8674819634696972,3500.0,0.15
21,Zprime_3500GeV_030,0.8558381721732438,3500.0,0.3
22,Zprime_3500GeV_045,0.829112496420968,3500.0,0.45
23,Zprime_3500GeV_060,0.8060613075764572,3500.0,0.6
24,Zprime_3500GeV_075,0.7713351703837396,3500.0,0.75
25,Zprime_4000GeV_015,0.8705800429432756,4000.0,0.15
26,Zprime_4000GeV_030,0.8596087450317479,4000.0,0.3
27,Zprime_4000GeV_045,0.8310382210941826,4000.0,0.45
28,Zprime_4000GeV_060,0.8051562333767456,4000.0,0.6
29,Zprime_4000GeV_075,0.7640103849410719,4000.0,0.75
