,name,auc,mass,nu
0,Zprime_1500GeV_015,0.869330973613361,1500.0,0.15
1,Zprime_1500GeV_030,0.8565420550872084,1500.0,0.3
2,Zprime_1500GeV_045,0.8356712593933402,1500.0,0.45
3,Zprime_1500GeV_060,0.8124429525947651,1500.0,0.6
4,Zprime_1500GeV_075,0.7702134142768409,1500.0,0.75
5,Zprime_2000GeV_015,0.866444135362429,2000.0,0.15
6,Zprime_2000GeV_030,0.854797620767618,2000.0,0.3
7,Zprime_2000GeV_045,0.8307531916172014,2000.0,0.45
8,Zprime_2000GeV_060,0.8070708959459685,2000.0,0.6
9,Zprime_2000GeV_075,0.7767286142528675,2000.0,0.75
10,Zprime_2500GeV_015,0.8636000069869487,2500.0,0.15
11,Zprime_2500GeV_030,0.8485446581446021,2500.0,0.3
12,Zprime_2500GeV_045,0.8282655127912966,2500.0,0.45
13,Zprime_2500GeV_060,0.8002778884373847,2500.0,0.6
14,Zprime_2500GeV_075,0.7632898986192784,2500.0,0.75
15,Zprime_3000GeV_015,0.8656900493708997,3000.0,0.15
16,Zprime_3000GeV_030,0.8448736636067784,3000.0,0.3
17,Zprime_3000GeV_045,0.8231043299349975,3000.0,0.45
18,Zprime_3000GeV_060,0.7936266611976872,3000.0,0.6
19,Zprime_3000GeV_075,0.7583140017170931,3000.0,0.75
20,Zprime_3500GeV_015,0.8618088763603833,3500.0,0.15
21,Zprime_3500GeV_030,0.8479196789532407,3500.0,0.3
22,Zprime_3500GeV_045,0.8201045780290699,3500.0,0.45
23,Zprime_3500GeV_060,0.7965954705713337,3500.0,0.6
24,Zprime_3500GeV_075,0.7558590735249882,3500.0,0.75
25,Zprime_4000GeV_015,0.8665056264459419,4000.0,0.15
26,Zprime_4000GeV_030,0.855049653016721,4000.0,0.3
27,Zprime_4000GeV_045,0.825154853176186,4000.0,0.45
28,Zprime_4000GeV_060,0.7973999860537455,4000.0,0.6
29,Zprime_4000GeV_075,0.7501720688971165,4000.0,0.75
