,name,auc,mass,nu
0,Zprime_1500GeV_015,0.8893958332165618,1500.0,0.15
1,Zprime_1500GeV_030,0.8752899285045554,1500.0,0.3
2,Zprime_1500GeV_045,0.8575639434536129,1500.0,0.45
3,Zprime_1500GeV_060,0.8446546608242077,1500.0,0.6
4,Zprime_1500GeV_075,0.8073408210542412,1500.0,0.75
5,Zprime_2000GeV_015,0.8806826573318673,2000.0,0.15
6,Zprime_2000GeV_030,0.8672891010430713,2000.0,0.3
7,Zprime_2000GeV_045,0.8479601543643329,2000.0,0.45
8,Zprime_2000GeV_060,0.8256254857702542,2000.0,0.6
9,Zprime_2000GeV_075,0.8056074119886635,2000.0,0.75
10,Zprime_2500GeV_015,0.8757012277908832,2500.0,0.15
11,Zprime_2500GeV_030,0.8581124349430764,2500.0,0.3
12,Zprime_2500GeV_045,0.8437097065836059,2500.0,0.45
13,Zprime_2500GeV_060,0.8224408938415301,2500.0,0.6
14,Zprime_2500GeV_075,0.7893313544565613,2500.0,0.75
15,Zprime_3000GeV_015,0.8796363564768721,3000.0,0.15
16,Zprime_3000GeV_030,0.8608082290249461,3000.0,0.3
17,Zprime_3000GeV_045,0.83934533724412,3000.0,0.45
18,Zprime_3000GeV_060,0.8134911131022413,3000.0,0.6
19,Zprime_3000GeV_075,0.7877224585774827,3000.0,0.75
20,Zprime_3500GeV_015,0.8729768541580414,3500.0,0.15
21,Zprime_3500GeV_030,0.8624551903708906,3500.0,0.3
22,Zprime_3500GeV_045,0.8395192500030313,3500.0,0.45
23,Zprime_3500GeV_060,0.8154471685397328,3500.0,0.6
24,Zprime_3500GeV_075,0.7845418439259164,3500.0,0.75
25,Zprime_4000GeV_015,0.8822497614634462,4000.0,0.15
26,Zprime_4000GeV_030,0.8682586351658141,4000.0,0.3
27,Zprime_4000GeV_045,0.8417880623952558,4000.0,0.45
28,Zprime_4000GeV_060,0.8145926016109732,4000.0,0.6
29,Zprime_4000GeV_075,0.7761063170367131,4000.0,0.75
