,name,auc,mass,nu
0,Zprime_1500GeV_015,0.8699627078300478,1500.0,0.15
1,Zprime_1500GeV_030,0.8705691131437073,1500.0,0.3
2,Zprime_1500GeV_045,0.8502181027237256,1500.0,0.45
3,Zprime_1500GeV_060,0.8327606675683588,1500.0,0.6
4,Zprime_1500GeV_075,0.7902664511372776,1500.0,0.75
5,Zprime_2000GeV_015,0.8785087579592075,2000.0,0.15
6,Zprime_2000GeV_030,0.8632167332936518,2000.0,0.3
7,Zprime_2000GeV_045,0.8432878496271139,2000.0,0.45
8,Zprime_2000GeV_060,0.8197493426883115,2000.0,0.6
9,Zprime_2000GeV_075,0.7913511084856526,2000.0,0.75
10,Zprime_2500GeV_015,0.8753648756587693,2500.0,0.15
11,Zprime_2500GeV_030,0.8586840298384794,2500.0,0.3
12,Zprime_2500GeV_045,0.8404985942712415,2500.0,0.45
13,Zprime_2500GeV_060,0.8183643416812745,2500.0,0.6
14,Zprime_2500GeV_075,0.7791479937875472,2500.0,0.75
15,Zprime_3000GeV_015,0.8791060092019313,3000.0,0.15
16,Zprime_3000GeV_030,0.8606851775970062,3000.0,0.3
17,Zprime_3000GeV_045,0.8389571583370834,3000.0,0.45
18,Zprime_3000GeV_060,0.8099297530044709,3000.0,0.6
19,Zprime_3000GeV_075,0.7787174123823599,3000.0,0.75
20,Zprime_3500GeV_015,0.8770858876321436,3500.0,0.15
21,Zprime_3500GeV_030,0.8659859717556038,3500.0,0.3
22,Zprime_3500GeV_045,0.8415503715312216,3500.0,0.45
23,Zprime_3500GeV_060,0.8120100437836705,3500.0,0.6
24,Zprime_3500GeV_075,0.776772302436509,3500.0,0.75
25,Zprime_4000GeV_015,0.8835389901274732,4000.0,0.15
26,Zprime_4000GeV_030,0.870002204581535,4000.0,0.3
27,Zprime_4000GeV_045,0.8421306251147154,4000.0,0.45
28,Zprime_4000GeV_060,0.8118647538248865,4000.0,0.6
29,Zprime_4000GeV_075,0.7678032298735125,4000.0,0.75
