,name,auc,mass,nu
0,Zprime_1500GeV_015,0.8821090534402775,1500.0,0.15
1,Zprime_1500GeV_030,0.8776648326102072,1500.0,0.3
2,Zprime_1500GeV_045,0.8587681094330579,1500.0,0.45
3,Zprime_1500GeV_060,0.8401434695083909,1500.0,0.6
4,Zprime_1500GeV_075,0.8006505923709739,1500.0,0.75
5,Zprime_2000GeV_015,0.8834656030587636,2000.0,0.15
6,Zprime_2000GeV_030,0.8691757534911118,2000.0,0.3
7,Zprime_2000GeV_045,0.850909303348807,2000.0,0.45
8,Zprime_2000GeV_060,0.8260194571957926,2000.0,0.6
9,Zprime_2000GeV_075,0.8035082916804694,2000.0,0.75
10,Zprime_2500GeV_015,0.8773505039502115,2500.0,0.15
11,Zprime_2500GeV_030,0.8625141323434454,2500.0,0.3
12,Zprime_2500GeV_045,0.844958871441301,2500.0,0.45
13,Zprime_2500GeV_060,0.8253826234557898,2500.0,0.6
14,Zprime_2500GeV_075,0.7885709462112162,2500.0,0.75
15,Zprime_3000GeV_015,0.8822455743766934,3000.0,0.15
16,Zprime_3000GeV_030,0.8624378996866461,3000.0,0.3
17,Zprime_3000GeV_045,0.8423971716829508,3000.0,0.45
18,Zprime_3000GeV_060,0.8151084294551595,3000.0,0.6
19,Zprime_3000GeV_075,0.7856359197979553,3000.0,0.75
20,Zprime_3500GeV_015,0.8784761872815783,3500.0,0.15
21,Zprime_3500GeV_030,0.8680740314050399,3500.0,0.3
22,Zprime_3500GeV_045,0.8452885304124912,3500.0,0.45
23,Zprime_3500GeV_060,0.8176448326778905,3500.0,0.6
24,Zprime_3500GeV_075,0.7848463001160243,3500.0,0.75
25,Zprime_4000GeV_015,0.8852326930514375,4000.0,0.15
26,Zprime_4000GeV_030,0.8736136064593483,4000.0,0.3
27,Zprime_4000GeV_045,0.84620834363956,4000.0,0.45
28,Zprime_4000GeV_060,0.8174869187307106,4000.0,0.6
29,Zprime_4000GeV_075,0.775522029639937,4000.0,0.75
