,name,auc,mass,nu
0,Zprime_1500GeV_015,0.8837031022003501,1500.0,0.15
1,Zprime_1500GeV_030,0.8780438530401942,1500.0,0.3
2,Zprime_1500GeV_045,0.8586076235148601,1500.0,0.45
3,Zprime_1500GeV_060,0.840417415621579,1500.0,0.6
4,Zprime_1500GeV_075,0.8017879535702147,1500.0,0.75
5,Zprime_2000GeV_015,0.8839540955789804,2000.0,0.15
6,Zprime_2000GeV_030,0.8698924189478061,2000.0,0.3
7,Zprime_2000GeV_045,0.8510328571814287,2000.0,0.45
8,Zprime_2000GeV_060,0.8266757508342293,2000.0,0.6
9,Zprime_2000GeV_075,0.8033267261710172,2000.0,0.75
10,Zprime_2500GeV_015,0.8786578209811455,2500.0,0.15
11,Zprime_2500GeV_030,0.8638540436672446,2500.0,0.3
12,Zprime_2500GeV_045,0.8457602560833399,2500.0,0.45
13,Zprime_2500GeV_060,0.8251901653654212,2500.0,0.6
14,Zprime_2500GeV_075,0.788827585687429,2500.0,0.75
15,Zprime_3000GeV_015,0.8837125483306523,3000.0,0.15
16,Zprime_3000GeV_030,0.863616153383746,3000.0,0.3
17,Zprime_3000GeV_045,0.843686018060989,3000.0,0.45
18,Zprime_3000GeV_060,0.8157218284259475,3000.0,0.6
19,Zprime_3000GeV_075,0.7860065743613293,3000.0,0.75
20,Zprime_3500GeV_015,0.8806088361082691,3500.0,0.15
21,Zprime_3500GeV_030,0.8691570493414824,3500.0,0.3
22,Zprime_3500GeV_045,0.8444879486770731,3500.0,0.45
23,Zprime_3500GeV_060,0.81716056150153,3500.0,0.6
24,Zprime_3500GeV_075,0.783654441149929,3500.0,0.75
25,Zprime_4000GeV_015,0.8849245708544666,4000.0,0.15
26,Zprime_4000GeV_030,0.8741127013250488,4000.0,0.3
27,Zprime_4000GeV_045,0.8452957165706594,4000.0,0.45
28,Zprime_4000GeV_060,0.8161235750783095,4000.0,0.6
29,Zprime_4000GeV_075,0.7764882712522574,4000.0,0.75
