,name,auc,mass,nu
0,Zprime_1500GeV_015,0.8611206474563414,1500.0,0.15
1,Zprime_1500GeV_030,0.8510877007969534,1500.0,0.3
2,Zprime_1500GeV_045,0.8277314066384838,1500.0,0.45
3,Zprime_1500GeV_060,0.8061914516309144,1500.0,0.6
4,Zprime_1500GeV_075,0.7592173414656332,1500.0,0.75
5,Zprime_2000GeV_015,0.8700674832611082,2000.0,0.15
6,Zprime_2000GeV_030,0.8534550548499772,2000.0,0.3
7,Zprime_2000GeV_045,0.8291423998801348,2000.0,0.45
8,Zprime_2000GeV_060,0.7994533154877991,2000.0,0.6
9,Zprime_2000GeV_075,0.7728900143185403,2000.0,0.75
10,Zprime_2500GeV_015,0.8674924048500248,2500.0,0.15
11,Zprime_2500GeV_030,0.8505293660139349,2500.0,0.3
12,Zprime_2500GeV_045,0.8304663222397437,2500.0,0.45
13,Zprime_2500GeV_060,0.8024015912310503,2500.0,0.6
14,Zprime_2500GeV_075,0.7611808325859305,2500.0,0.75
15,Zprime_3000GeV_015,0.8756686415620177,3000.0,0.15
16,Zprime_3000GeV_030,0.8510555821445969,3000.0,0.3
17,Zprime_3000GeV_045,0.8275503335767654,3000.0,0.45
18,Zprime_3000GeV_060,0.7950154223671175,3000.0,0.6
19,Zprime_3000GeV_075,0.7571630416396365,3000.0,0.75
20,Zprime_3500GeV_015,0.8722627174870219,3500.0,0.15
21,Zprime_3500GeV_030,0.8574658011235602,3500.0,0.3
22,Zprime_3500GeV_045,0.8268329534420487,3500.0,0.45
23,Zprime_3500GeV_060,0.800582550048713,3500.0,0.6
24,Zprime_3500GeV_075,0.7528736732413734,3500.0,0.75
25,Zprime_4000GeV_015,0.8781407547869601,4000.0,0.15
26,Zprime_4000GeV_030,0.8653319472613257,4000.0,0.3
27,Zprime_4000GeV_045,0.8296146249541707,4000.0,0.45
28,Zprime_4000GeV_060,0.8005300430002689,4000.0,0.6
29,Zprime_4000GeV_075,0.7494313602970827,4000.0,0.75
