,name,auc,mass,nu
0,Zprime_1500GeV_015,0.8902333189470755,1500.0,0.15
1,Zprime_1500GeV_030,0.8821882456247873,1500.0,0.3
2,Zprime_1500GeV_045,0.8642590557871673,1500.0,0.45
3,Zprime_1500GeV_060,0.8447412155080124,1500.0,0.6
4,Zprime_1500GeV_075,0.8123213804372758,1500.0,0.75
5,Zprime_2000GeV_015,0.8862725524643861,2000.0,0.15
6,Zprime_2000GeV_030,0.8712200522018614,2000.0,0.3
7,Zprime_2000GeV_045,0.8536210703967833,2000.0,0.45
8,Zprime_2000GeV_060,0.8311109626028657,2000.0,0.6
9,Zprime_2000GeV_075,0.8089806865610427,2000.0,0.75
10,Zprime_2500GeV_015,0.8828660746239795,2500.0,0.15
11,Zprime_2500GeV_030,0.8661678024359931,2500.0,0.3
12,Zprime_2500GeV_045,0.8498018037497798,2500.0,0.45
13,Zprime_2500GeV_060,0.8269249188171893,2500.0,0.6
14,Zprime_2500GeV_075,0.7945733485214483,2500.0,0.75
15,Zprime_3000GeV_015,0.8882289304838354,3000.0,0.15
16,Zprime_3000GeV_030,0.867994313516619,3000.0,0.3
17,Zprime_3000GeV_045,0.8459873789486705,3000.0,0.45
18,Zprime_3000GeV_060,0.819212674044842,3000.0,0.6
19,Zprime_3000GeV_075,0.7911225593096951,3000.0,0.75
20,Zprime_3500GeV_015,0.8829445589930078,3500.0,0.15
21,Zprime_3500GeV_030,0.8719863327873452,3500.0,0.3
22,Zprime_3500GeV_045,0.8468526296558007,3500.0,0.45
23,Zprime_3500GeV_060,0.819301912279415,3500.0,0.6
24,Zprime_3500GeV_075,0.7854717352069098,3500.0,0.75
25,Zprime_4000GeV_015,0.8863561249780001,4000.0,0.15
26,Zprime_4000GeV_030,0.8756061653536016,4000.0,0.3
27,Zprime_4000GeV_045,0.8465267821168634,4000.0,0.45
28,Zprime_4000GeV_060,0.8193598160623512,4000.0,0.6
29,Zprime_4000GeV_075,0.7780407091964019,4000.0,0.75
