,name,auc,mass,nu
0,Zprime_1500GeV_015,0.8519680914667069,1500.0,0.15
1,Zprime_1500GeV_030,0.8281295899842976,1500.0,0.3
2,Zprime_1500GeV_045,0.8111155412959971,1500.0,0.45
3,Zprime_1500GeV_060,0.7854835399507533,1500.0,0.6
4,Zprime_1500GeV_075,0.7342291587489472,1500.0,0.75
5,Zprime_2000GeV_015,0.8443833191772009,2000.0,0.15
6,Zprime_2000GeV_030,0.8287843405611179,2000.0,0.3
7,Zprime_2000GeV_045,0.8047560524835689,2000.0,0.45
8,Zprime_2000GeV_060,0.7766499983515956,2000.0,0.6
9,Zprime_2000GeV_075,0.750501225969484,2000.0,0.75
10,Zprime_2500GeV_015,0.8417790506143705,2500.0,0.15
11,Zprime_2500GeV_030,0.8238276544597298,2500.0,0.3
12,Zprime_2500GeV_045,0.801984983145859,2500.0,0.45
13,Zprime_2500GeV_060,0.7760415765866782,2500.0,0.6
14,Zprime_2500GeV_075,0.7376256800526154,2500.0,0.75
15,Zprime_3000GeV_015,0.843099753635243,3000.0,0.15
16,Zprime_3000GeV_030,0.8214160984438831,3000.0,0.3
17,Zprime_3000GeV_045,0.7990558702106838,3000.0,0.45
18,Zprime_3000GeV_060,0.7700749404431232,3000.0,0.6
19,Zprime_3000GeV_075,0.7377178541327449,3000.0,0.75
20,Zprime_3500GeV_015,0.8404918815166263,3500.0,0.15
21,Zprime_3500GeV_030,0.8233460391436989,3500.0,0.3
22,Zprime_3500GeV_045,0.7965600621622702,3500.0,0.45
23,Zprime_3500GeV_060,0.7740125874659297,3500.0,0.6
24,Zprime_3500GeV_075,0.731820269863779,3500.0,0.75
25,Zprime_4000GeV_015,0.849814481750306,4000.0,0.15
26,Zprime_4000GeV_030,0.8353954284665494,4000.0,0.3
27,Zprime_4000GeV_045,0.8025297397367984,4000.0,0.45
28,Zprime_4000GeV_060,0.7733979137754896,4000.0,0.6
29,Zprime_4000GeV_075,0.7282350750122297,4000.0,0.75
