,name,auc,mass,nu
0,Zprime_1500GeV_015,0.8826342919812492,1500.0,0.15
1,Zprime_1500GeV_030,0.8781375679713934,1500.0,0.3
2,Zprime_1500GeV_045,0.8577619291604286,1500.0,0.45
3,Zprime_1500GeV_060,0.8439113468771112,1500.0,0.6
4,Zprime_1500GeV_075,0.8114419903932603,1500.0,0.75
5,Zprime_2000GeV_015,0.8804972696413547,2000.0,0.15
6,Zprime_2000GeV_030,0.8660937967872349,2000.0,0.3
7,Zprime_2000GeV_045,0.8467981912236088,2000.0,0.45
8,Zprime_2000GeV_060,0.8226929158833491,2000.0,0.6
9,Zprime_2000GeV_075,0.8021738271153662,2000.0,0.75
10,Zprime_2500GeV_015,0.8770654114891894,2500.0,0.15
11,Zprime_2500GeV_030,0.8609916088202533,2500.0,0.3
12,Zprime_2500GeV_045,0.844510828560979,2500.0,0.45
13,Zprime_2500GeV_060,0.8206626839866352,2500.0,0.6
14,Zprime_2500GeV_075,0.7882964107917984,2500.0,0.75
15,Zprime_3000GeV_015,0.8839058560991445,3000.0,0.15
16,Zprime_3000GeV_030,0.8634850258241739,3000.0,0.3
17,Zprime_3000GeV_045,0.8412875073315912,3000.0,0.45
18,Zprime_3000GeV_060,0.8135812401973295,3000.0,0.6
19,Zprime_3000GeV_075,0.7850014972540413,3000.0,0.75
20,Zprime_3500GeV_015,0.8786274734992311,3500.0,0.15
21,Zprime_3500GeV_030,0.8679156619622089,3500.0,0.3
22,Zprime_3500GeV_045,0.842056196882201,3500.0,0.45
23,Zprime_3500GeV_060,0.8150705820033887,3500.0,0.6
24,Zprime_3500GeV_075,0.7827302329079111,3500.0,0.75
25,Zprime_4000GeV_015,0.8840599749653798,4000.0,0.15
26,Zprime_4000GeV_030,0.871648283301286,4000.0,0.3
27,Zprime_4000GeV_045,0.8444203316803771,4000.0,0.45
28,Zprime_4000GeV_060,0.8139996383394209,4000.0,0.6
29,Zprime_4000GeV_075,0.7772243538199128,4000.0,0.75
