,name,auc,mass,nu
0,Zprime_1500GeV_015,0.8687432622801659,1500.0,0.15
1,Zprime_1500GeV_030,0.8597341084837175,1500.0,0.3
2,Zprime_1500GeV_045,0.8381850629392499,1500.0,0.45
3,Zprime_1500GeV_060,0.816137748922863,1500.0,0.6
4,Zprime_1500GeV_075,0.7831151112219823,1500.0,0.75
5,Zprime_2000GeV_015,0.8656499519493516,2000.0,0.15
6,Zprime_2000GeV_030,0.8550360740727013,2000.0,0.3
7,Zprime_2000GeV_045,0.8316140564636071,2000.0,0.45
8,Zprime_2000GeV_060,0.809650467435591,2000.0,0.6
9,Zprime_2000GeV_075,0.784869530302198,2000.0,0.75
10,Zprime_2500GeV_015,0.8603339692338552,2500.0,0.15
11,Zprime_2500GeV_030,0.8453963449361682,2500.0,0.3
12,Zprime_2500GeV_045,0.8277863494013714,2500.0,0.45
13,Zprime_2500GeV_060,0.8027212646714412,2500.0,0.6
14,Zprime_2500GeV_075,0.7689275000524279,2500.0,0.75
15,Zprime_3000GeV_015,0.8616481724080376,3000.0,0.15
16,Zprime_3000GeV_030,0.840708455396447,3000.0,0.3
17,Zprime_3000GeV_045,0.8211336725130802,3000.0,0.45
18,Zprime_3000GeV_060,0.795482105630847,3000.0,0.6
19,Zprime_3000GeV_075,0.7661020540961166,3000.0,0.75
20,Zprime_3500GeV_015,0.8559813629011435,3500.0,0.15
21,Zprime_3500GeV_030,0.8412425731125109,3500.0,0.3
22,Zprime_3500GeV_045,0.8172492377192062,3500.0,0.45
23,Zprime_3500GeV_060,0.7969086205620018,3500.0,0.6
24,Zprime_3500GeV_075,0.7616177753427013,3500.0,0.75
25,Zprime_4000GeV_015,0.8603405569656727,4000.0,0.15
26,Zprime_4000GeV_030,0.8483477138020423,4000.0,0.3
27,Zprime_4000GeV_045,0.8200961530310668,4000.0,0.45
28,Zprime_4000GeV_060,0.795530211782032,4000.0,0.6
29,Zprime_4000GeV_075,0.7555102176514792,4000.0,0.75
