,name,auc,mass,nu
0,Zprime_1500GeV_015,0.8770512094732574,1500.0,0.15
1,Zprime_1500GeV_030,0.8661343957969216,1500.0,0.3
2,Zprime_1500GeV_045,0.8436505884996109,1500.0,0.45
3,Zprime_1500GeV_060,0.8203053623375239,1500.0,0.6
4,Zprime_1500GeV_075,0.7792749824624261,1500.0,0.75
5,Zprime_2000GeV_015,0.8758675330502288,2000.0,0.15
6,Zprime_2000GeV_030,0.8600012785773209,2000.0,0.3
7,Zprime_2000GeV_045,0.8396342270355865,2000.0,0.45
8,Zprime_2000GeV_060,0.8113101679436733,2000.0,0.6
9,Zprime_2000GeV_075,0.786345262851375,2000.0,0.75
10,Zprime_2500GeV_015,0.8716061813571373,2500.0,0.15
11,Zprime_2500GeV_030,0.8559479923692679,2500.0,0.3
12,Zprime_2500GeV_045,0.8355414028331432,2500.0,0.45
13,Zprime_2500GeV_060,0.810820339166326,2500.0,0.6
14,Zprime_2500GeV_075,0.7744672901987184,2500.0,0.75
15,Zprime_3000GeV_015,0.875388738575046,3000.0,0.15
16,Zprime_3000GeV_030,0.8555331245435827,3000.0,0.3
17,Zprime_3000GeV_045,0.8315533001145503,3000.0,0.45
18,Zprime_3000GeV_060,0.8016490396838585,3000.0,0.6
19,Zprime_3000GeV_075,0.770216858337922,3000.0,0.75
20,Zprime_3500GeV_015,0.8706381128515828,3500.0,0.15
21,Zprime_3500GeV_030,0.8587766420051579,3500.0,0.3
22,Zprime_3500GeV_045,0.8314726024875174,3500.0,0.45
23,Zprime_3500GeV_060,0.8038185321272266,3500.0,0.6
24,Zprime_3500GeV_075,0.7675023419706931,3500.0,0.75
25,Zprime_4000GeV_015,0.8748791282048427,4000.0,0.15
26,Zprime_4000GeV_030,0.8642382906004632,4000.0,0.3
27,Zprime_4000GeV_045,0.8331237147346648,4000.0,0.45
28,Zprime_4000GeV_060,0.8045939119308705,4000.0,0.6
29,Zprime_4000GeV_075,0.7620602893521944,4000.0,0.75
