,name,auc,mass,nu
0,Zprime_1500GeV_015,0.8307281595118388,1500.0,0.15
1,Zprime_1500GeV_030,0.8120596917221252,1500.0,0.3
2,Zprime_1500GeV_045,0.7929482388715672,1500.0,0.45
3,Zprime_1500GeV_060,0.766282789996995,1500.0,0.6
4,Zprime_1500GeV_075,0.7156695362992901,1500.0,0.75
5,Zprime_2000GeV_015,0.82279486394642,2000.0,0.15
6,Zprime_2000GeV_030,0.8089216196946507,2000.0,0.3
7,Zprime_2000GeV_045,0.7838827086620401,2000.0,0.45
8,Zprime_2000GeV_060,0.7574501460887884,2000.0,0.6
9,Zprime_2000GeV_075,0.7297141169348061,2000.0,0.75
10,Zprime_2500GeV_015,0.8246738411766744,2500.0,0.15
11,Zprime_2500GeV_030,0.805619291421782,2500.0,0.3
12,Zprime_2500GeV_045,0.7846307601967212,2500.0,0.45
13,Zprime_2500GeV_060,0.7515811299798458,2500.0,0.6
14,Zprime_2500GeV_075,0.7157804909888169,2500.0,0.75
15,Zprime_3000GeV_015,0.8352017964579183,3000.0,0.15
16,Zprime_3000GeV_030,0.8071118687213367,3000.0,0.3
17,Zprime_3000GeV_045,0.7814663017793445,3000.0,0.45
18,Zprime_3000GeV_060,0.7504392195384,3000.0,0.6
19,Zprime_3000GeV_075,0.7170318842579452,3000.0,0.75
20,Zprime_3500GeV_015,0.838414878754868,3500.0,0.15
21,Zprime_3500GeV_030,0.8173075190860473,3500.0,0.3
22,Zprime_3500GeV_045,0.7868215619107244,3500.0,0.45
23,Zprime_3500GeV_060,0.7590024543558009,3500.0,0.6
24,Zprime_3500GeV_075,0.7166407008723303,3500.0,0.75
25,Zprime_4000GeV_015,0.8483219058282988,4000.0,0.15
26,Zprime_4000GeV_030,0.8306867384963814,4000.0,0.3
27,Zprime_4000GeV_045,0.7923583105629148,4000.0,0.45
28,Zprime_4000GeV_060,0.7610864360933709,4000.0,0.6
29,Zprime_4000GeV_075,0.7145407372591405,4000.0,0.75
