,name,auc,mass,nu
0,Zprime_1500GeV_015,0.8743885840372323,1500.0,0.15
1,Zprime_1500GeV_030,0.8702626078613287,1500.0,0.3
2,Zprime_1500GeV_045,0.8484588520255048,1500.0,0.45
3,Zprime_1500GeV_060,0.8339843438422001,1500.0,0.6
4,Zprime_1500GeV_075,0.8009163068464346,1500.0,0.75
5,Zprime_2000GeV_015,0.8752942700632818,2000.0,0.15
6,Zprime_2000GeV_030,0.8599707903447547,2000.0,0.3
7,Zprime_2000GeV_045,0.8427226260190149,2000.0,0.45
8,Zprime_2000GeV_060,0.8202345481338807,2000.0,0.6
9,Zprime_2000GeV_075,0.7971886288633269,2000.0,0.75
10,Zprime_2500GeV_015,0.8710313815614785,2500.0,0.15
11,Zprime_2500GeV_030,0.8551340658764482,2500.0,0.3
12,Zprime_2500GeV_045,0.8392379509676513,2500.0,0.45
13,Zprime_2500GeV_060,0.8167323212012455,2500.0,0.6
14,Zprime_2500GeV_075,0.7829332093053702,2500.0,0.75
15,Zprime_3000GeV_015,0.8750004988108844,3000.0,0.15
16,Zprime_3000GeV_030,0.857383858526407,3000.0,0.3
17,Zprime_3000GeV_045,0.8367996561262206,3000.0,0.45
18,Zprime_3000GeV_060,0.8088917696901937,3000.0,0.6
19,Zprime_3000GeV_075,0.7795037837612869,3000.0,0.75
20,Zprime_3500GeV_015,0.8722185243851476,3500.0,0.15
21,Zprime_3500GeV_030,0.8618399103305749,3500.0,0.3
22,Zprime_3500GeV_045,0.8362612244354466,3500.0,0.45
23,Zprime_3500GeV_060,0.8101998848851067,3500.0,0.6
24,Zprime_3500GeV_075,0.7776283464397749,3500.0,0.75
25,Zprime_4000GeV_015,0.8799277965692885,4000.0,0.15
26,Zprime_4000GeV_030,0.8660132000265093,4000.0,0.3
27,Zprime_4000GeV_045,0.8376238885416261,4000.0,0.45
28,Zprime_4000GeV_060,0.8115478997695045,4000.0,0.6
29,Zprime_4000GeV_075,0.7695976984875827,4000.0,0.75
