,name,auc,mass,nu
0,Zprime_1500GeV_015,0.8647722113546812,1500.0,0.15
1,Zprime_1500GeV_030,0.8549610531576978,1500.0,0.3
2,Zprime_1500GeV_045,0.8287425832226275,1500.0,0.45
3,Zprime_1500GeV_060,0.8107971201327273,1500.0,0.6
4,Zprime_1500GeV_075,0.7643158644028826,1500.0,0.75
5,Zprime_2000GeV_015,0.8641722503985385,2000.0,0.15
6,Zprime_2000GeV_030,0.8533799819504202,2000.0,0.3
7,Zprime_2000GeV_045,0.8274236839273159,2000.0,0.45
8,Zprime_2000GeV_060,0.8012356980004994,2000.0,0.6
9,Zprime_2000GeV_075,0.7724775426287984,2000.0,0.75
10,Zprime_2500GeV_015,0.8590025706800213,2500.0,0.15
11,Zprime_2500GeV_030,0.8440638018199159,2500.0,0.3
12,Zprime_2500GeV_045,0.8252967348995922,2500.0,0.45
13,Zprime_2500GeV_060,0.7998816140027867,2500.0,0.6
14,Zprime_2500GeV_075,0.7617069272554429,2500.0,0.75
15,Zprime_3000GeV_015,0.8598199027224784,3000.0,0.15
16,Zprime_3000GeV_030,0.8390048500923862,3000.0,0.3
17,Zprime_3000GeV_045,0.8203776479473415,3000.0,0.45
18,Zprime_3000GeV_060,0.792195552540083,3000.0,0.6
19,Zprime_3000GeV_075,0.7590726881434835,3000.0,0.75
20,Zprime_3500GeV_015,0.8531064500945837,3500.0,0.15
21,Zprime_3500GeV_030,0.8410921572725764,3500.0,0.3
22,Zprime_3500GeV_045,0.8153974025359594,3500.0,0.45
23,Zprime_3500GeV_060,0.7916453904608673,3500.0,0.6
24,Zprime_3500GeV_075,0.755619945425637,3500.0,0.75
25,Zprime_4000GeV_015,0.8600912715533116,4000.0,0.15
26,Zprime_4000GeV_030,0.8491718501568475,4000.0,0.3
27,Zprime_4000GeV_045,0.8191267246136635,4000.0,0.45
28,Zprime_4000GeV_060,0.7923188784808508,4000.0,0.6
29,Zprime_4000GeV_075,0.748615046722091,4000.0,0.75
