,name,auc,mass,nu
0,Zprime_1500GeV_015,0.8800163900581617,1500.0,0.15
1,Zprime_1500GeV_030,0.8707726574833519,1500.0,0.3
2,Zprime_1500GeV_045,0.8472393127798621,1500.0,0.45
3,Zprime_1500GeV_060,0.8275646918114311,1500.0,0.6
4,Zprime_1500GeV_075,0.7861713508870916,1500.0,0.75
5,Zprime_2000GeV_015,0.8771152572576895,2000.0,0.15
6,Zprime_2000GeV_030,0.8650812000700795,2000.0,0.3
7,Zprime_2000GeV_045,0.8436617245133617,2000.0,0.45
8,Zprime_2000GeV_060,0.8188052198020276,2000.0,0.6
9,Zprime_2000GeV_075,0.7968145735433918,2000.0,0.75
10,Zprime_2500GeV_015,0.873836412982304,2500.0,0.15
11,Zprime_2500GeV_030,0.8588884027771133,2500.0,0.3
12,Zprime_2500GeV_045,0.8401350873869583,2500.0,0.45
13,Zprime_2500GeV_060,0.8162258142952381,2500.0,0.6
14,Zprime_2500GeV_075,0.7806690134872823,2500.0,0.75
15,Zprime_3000GeV_015,0.8773140661404434,3000.0,0.15
16,Zprime_3000GeV_030,0.856558702574441,3000.0,0.3
17,Zprime_3000GeV_045,0.8358969005288799,3000.0,0.45
18,Zprime_3000GeV_060,0.8062810728104706,3000.0,0.6
19,Zprime_3000GeV_075,0.7755782409786343,3000.0,0.75
20,Zprime_3500GeV_015,0.8737263599158271,3500.0,0.15
21,Zprime_3500GeV_030,0.8589190480329882,3500.0,0.3
22,Zprime_3500GeV_045,0.8345681070895442,3500.0,0.45
23,Zprime_3500GeV_060,0.8087510447887712,3500.0,0.6
24,Zprime_3500GeV_075,0.7704067508916678,3500.0,0.75
25,Zprime_4000GeV_015,0.877196582102636,4000.0,0.15
26,Zprime_4000GeV_030,0.8655775133591286,4000.0,0.3
27,Zprime_4000GeV_045,0.8356934554425095,4000.0,0.45
28,Zprime_4000GeV_060,0.807440205604517,4000.0,0.6
29,Zprime_4000GeV_075,0.7638241453363379,4000.0,0.75
