,name,auc,mass,nu
0,Zprime_1500GeV_015,0.886637221546504,1500.0,0.15
1,Zprime_1500GeV_030,0.8700791405753027,1500.0,0.3
2,Zprime_1500GeV_045,0.8484330469001016,1500.0,0.45
3,Zprime_1500GeV_060,0.8289757595146556,1500.0,0.6
4,Zprime_1500GeV_075,0.7886519339884043,1500.0,0.75
5,Zprime_2000GeV_015,0.8781367635968707,2000.0,0.15
6,Zprime_2000GeV_030,0.8650167165622422,2000.0,0.3
7,Zprime_2000GeV_045,0.8427146876187196,2000.0,0.45
8,Zprime_2000GeV_060,0.8177227257835596,2000.0,0.6
9,Zprime_2000GeV_075,0.7955091195702371,2000.0,0.75
10,Zprime_2500GeV_015,0.8733835014690631,2500.0,0.15
11,Zprime_2500GeV_030,0.8579274560167569,2500.0,0.3
12,Zprime_2500GeV_045,0.8390701029929167,2500.0,0.45
13,Zprime_2500GeV_060,0.8145205283542857,2500.0,0.6
14,Zprime_2500GeV_075,0.7801843057265447,2500.0,0.75
15,Zprime_3000GeV_015,0.876075069372639,3000.0,0.15
16,Zprime_3000GeV_030,0.8556027213510491,3000.0,0.3
17,Zprime_3000GeV_045,0.8346742316932829,3000.0,0.45
18,Zprime_3000GeV_060,0.8054967076025314,3000.0,0.6
19,Zprime_3000GeV_075,0.7745190891687312,3000.0,0.75
20,Zprime_3500GeV_015,0.8689606006386591,3500.0,0.15
21,Zprime_3500GeV_030,0.8572640170938944,3500.0,0.3
22,Zprime_3500GeV_045,0.8317583857210369,3500.0,0.45
23,Zprime_3500GeV_060,0.8059247282389453,3500.0,0.6
24,Zprime_3500GeV_075,0.7687933264578231,3500.0,0.75
25,Zprime_4000GeV_015,0.8706137696895299,4000.0,0.15
26,Zprime_4000GeV_030,0.8602511112180367,4000.0,0.3
27,Zprime_4000GeV_045,0.8322902966069496,4000.0,0.45
28,Zprime_4000GeV_060,0.8041495670602713,4000.0,0.6
29,Zprime_4000GeV_075,0.7627522852739288,4000.0,0.75
