,name,auc,mass,nu
0,Zprime_1500GeV_015,0.8701549138412615,1500.0,0.15
1,Zprime_1500GeV_030,0.8644122601056264,1500.0,0.3
2,Zprime_1500GeV_045,0.8419843460618852,1500.0,0.45
3,Zprime_1500GeV_060,0.8225977679886071,1500.0,0.6
4,Zprime_1500GeV_075,0.7739725520923149,1500.0,0.75
5,Zprime_2000GeV_015,0.8760496625290111,2000.0,0.15
6,Zprime_2000GeV_030,0.862957869170685,2000.0,0.3
7,Zprime_2000GeV_045,0.8401121852828334,2000.0,0.45
8,Zprime_2000GeV_060,0.8135888568313141,2000.0,0.6
9,Zprime_2000GeV_075,0.7859138889478166,2000.0,0.75
10,Zprime_2500GeV_015,0.8727351192423213,2500.0,0.15
11,Zprime_2500GeV_030,0.8572155769227618,2500.0,0.3
12,Zprime_2500GeV_045,0.8366735926085742,2500.0,0.45
13,Zprime_2500GeV_060,0.8133002899951878,2500.0,0.6
14,Zprime_2500GeV_075,0.7722674032696498,2500.0,0.75
15,Zprime_3000GeV_015,0.8740215267979511,3000.0,0.15
16,Zprime_3000GeV_030,0.8529535536883597,3000.0,0.3
17,Zprime_3000GeV_045,0.832364513575977,3000.0,0.45
18,Zprime_3000GeV_060,0.8019455691031949,3000.0,0.6
19,Zprime_3000GeV_075,0.770831755704784,3000.0,0.75
20,Zprime_3500GeV_015,0.866801333713979,3500.0,0.15
21,Zprime_3500GeV_030,0.856163595381503,3500.0,0.3
22,Zprime_3500GeV_045,0.8301169500049878,3500.0,0.45
23,Zprime_3500GeV_060,0.8051357547349018,3500.0,0.6
24,Zprime_3500GeV_075,0.7634975720854282,3500.0,0.75
25,Zprime_4000GeV_015,0.8744592883635395,4000.0,0.15
26,Zprime_4000GeV_030,0.8630687994366439,4000.0,0.3
27,Zprime_4000GeV_045,0.8325460545910941,4000.0,0.45
28,Zprime_4000GeV_060,0.8031362279764117,4000.0,0.6
29,Zprime_4000GeV_075,0.7596460438700584,4000.0,0.75
