,name,auc,mass,nu
0,Zprime_1500GeV_015,0.8843572565592929,1500.0,0.15
1,Zprime_1500GeV_030,0.8775222459037528,1500.0,0.3
2,Zprime_1500GeV_045,0.8587933655132397,1500.0,0.45
3,Zprime_1500GeV_060,0.8391972963895378,1500.0,0.6
4,Zprime_1500GeV_075,0.8064806149117094,1500.0,0.75
5,Zprime_2000GeV_015,0.8833007557729702,2000.0,0.15
6,Zprime_2000GeV_030,0.8686850661656937,2000.0,0.3
7,Zprime_2000GeV_045,0.8506123881636264,2000.0,0.45
8,Zprime_2000GeV_060,0.8279589541184085,2000.0,0.6
9,Zprime_2000GeV_075,0.8026799032931917,2000.0,0.75
10,Zprime_2500GeV_015,0.8782616709101457,2500.0,0.15
11,Zprime_2500GeV_030,0.8643492458768531,2500.0,0.3
12,Zprime_2500GeV_045,0.8467993522479209,2500.0,0.45
13,Zprime_2500GeV_060,0.8231771964632011,2500.0,0.6
14,Zprime_2500GeV_075,0.7888459964268806,2500.0,0.75
15,Zprime_3000GeV_015,0.8855956212550227,3000.0,0.15
16,Zprime_3000GeV_030,0.8645273959615392,3000.0,0.3
17,Zprime_3000GeV_045,0.8423896600972511,3000.0,0.45
18,Zprime_3000GeV_060,0.8149137158864155,3000.0,0.6
19,Zprime_3000GeV_075,0.7862092519592745,3000.0,0.75
20,Zprime_3500GeV_015,0.8806874002703726,3500.0,0.15
21,Zprime_3500GeV_030,0.8691668508220836,3500.0,0.3
22,Zprime_3500GeV_045,0.8449417297527219,3500.0,0.45
23,Zprime_3500GeV_060,0.8180760654460087,3500.0,0.6
24,Zprime_3500GeV_075,0.781656031111684,3500.0,0.75
25,Zprime_4000GeV_015,0.8849156017249769,4000.0,0.15
26,Zprime_4000GeV_030,0.875801534476508,4000.0,0.3
27,Zprime_4000GeV_045,0.8450855637344703,4000.0,0.45
28,Zprime_4000GeV_060,0.8164817456805948,4000.0,0.6
29,Zprime_4000GeV_075,0.7744228035305657,4000.0,0.75
