,name,auc,mass,nu
0,Zprime_1500GeV_015,0.8750309444671759,1500.0,0.15
1,Zprime_1500GeV_030,0.864305666801218,1500.0,0.3
2,Zprime_1500GeV_045,0.841722616204872,1500.0,0.45
3,Zprime_1500GeV_060,0.8187149873908257,1500.0,0.6
4,Zprime_1500GeV_075,0.7820570667354217,1500.0,0.75
5,Zprime_2000GeV_015,0.872158776713292,2000.0,0.15
6,Zprime_2000GeV_030,0.8583432921400022,2000.0,0.3
7,Zprime_2000GeV_045,0.8357263854932817,2000.0,0.45
8,Zprime_2000GeV_060,0.8117284610034112,2000.0,0.6
9,Zprime_2000GeV_075,0.7882859807946256,2000.0,0.75
10,Zprime_2500GeV_015,0.8664709544364358,2500.0,0.15
11,Zprime_2500GeV_030,0.8525062960499065,2500.0,0.3
12,Zprime_2500GeV_045,0.8341304575544932,2500.0,0.45
13,Zprime_2500GeV_060,0.8095390656350105,2500.0,0.6
14,Zprime_2500GeV_075,0.77297373081456,2500.0,0.75
15,Zprime_3000GeV_015,0.8691640239583568,3000.0,0.15
16,Zprime_3000GeV_030,0.8501588594740803,3000.0,0.3
17,Zprime_3000GeV_045,0.8289331172944595,3000.0,0.45
18,Zprime_3000GeV_060,0.8017251742230834,3000.0,0.6
19,Zprime_3000GeV_075,0.7681371949247751,3000.0,0.75
20,Zprime_3500GeV_015,0.8655809298257845,3500.0,0.15
21,Zprime_3500GeV_030,0.852428142219076,3500.0,0.3
22,Zprime_3500GeV_045,0.8272815365991859,3500.0,0.45
23,Zprime_3500GeV_060,0.8029957482029212,3500.0,0.6
24,Zprime_3500GeV_075,0.7659505285548537,3500.0,0.75
25,Zprime_4000GeV_015,0.8723162479111092,4000.0,0.15
26,Zprime_4000GeV_030,0.8580757891857181,4000.0,0.3
27,Zprime_4000GeV_045,0.829374689009199,4000.0,0.45
28,Zprime_4000GeV_060,0.8034207506818937,4000.0,0.6
29,Zprime_4000GeV_075,0.7603897482440722,4000.0,0.75
