,name,auc,mass,nu
0,Zprime_1500GeV_015,0.8455628203044281,1500.0,0.15
1,Zprime_1500GeV_030,0.8302011588686686,1500.0,0.3
2,Zprime_1500GeV_045,0.8034996252217319,1500.0,0.45
3,Zprime_1500GeV_060,0.7856834888155827,1500.0,0.6
4,Zprime_1500GeV_075,0.7324842608296263,1500.0,0.75
5,Zprime_2000GeV_015,0.8408783036045435,2000.0,0.15
6,Zprime_2000GeV_030,0.8252333190286949,2000.0,0.3
7,Zprime_2000GeV_045,0.8006377910445719,2000.0,0.45
8,Zprime_2000GeV_060,0.770756659985841,2000.0,0.6
9,Zprime_2000GeV_075,0.7492420982853472,2000.0,0.75
10,Zprime_2500GeV_015,0.8365254379049063,2500.0,0.15
11,Zprime_2500GeV_030,0.8210548518094163,2500.0,0.3
12,Zprime_2500GeV_045,0.7995832720011339,2500.0,0.45
13,Zprime_2500GeV_060,0.7716948316965481,2500.0,0.6
14,Zprime_2500GeV_075,0.7324589275233537,2500.0,0.75
15,Zprime_3000GeV_015,0.8458728123597454,3000.0,0.15
16,Zprime_3000GeV_030,0.8217991529442794,3000.0,0.3
17,Zprime_3000GeV_045,0.7954772704707906,3000.0,0.45
18,Zprime_3000GeV_060,0.7649393208086136,3000.0,0.6
19,Zprime_3000GeV_075,0.736178678705257,3000.0,0.75
20,Zprime_3500GeV_015,0.8455432102648148,3500.0,0.15
21,Zprime_3500GeV_030,0.8274440276438009,3500.0,0.3
22,Zprime_3500GeV_045,0.7995048085302547,3500.0,0.45
23,Zprime_3500GeV_060,0.773177613076318,3500.0,0.6
24,Zprime_3500GeV_075,0.7291173778522624,3500.0,0.75
25,Zprime_4000GeV_015,0.8559664411473916,4000.0,0.15
26,Zprime_4000GeV_030,0.8413816919716918,4000.0,0.3
27,Zprime_4000GeV_045,0.8032710588606897,4000.0,0.45
28,Zprime_4000GeV_060,0.7734064040613569,4000.0,0.6
29,Zprime_4000GeV_075,0.7285108394905546,4000.0,0.75
