,name,auc,mass,nu
0,Zprime_1500GeV_015,0.8747045679171501,1500.0,0.15
1,Zprime_1500GeV_030,0.8646462502403962,1500.0,0.3
2,Zprime_1500GeV_045,0.8480935173352245,1500.0,0.45
3,Zprime_1500GeV_060,0.8237440516560077,1500.0,0.6
4,Zprime_1500GeV_075,0.787223954121595,1500.0,0.75
5,Zprime_2000GeV_015,0.8694702279877836,2000.0,0.15
6,Zprime_2000GeV_030,0.8563274422866205,2000.0,0.3
7,Zprime_2000GeV_045,0.8361839415764162,2000.0,0.45
8,Zprime_2000GeV_060,0.8144969295889248,2000.0,0.6
9,Zprime_2000GeV_075,0.7913248629657492,2000.0,0.75
10,Zprime_2500GeV_015,0.868131812876285,2500.0,0.15
11,Zprime_2500GeV_030,0.852575704868424,2500.0,0.3
12,Zprime_2500GeV_045,0.8339003160276193,2500.0,0.45
13,Zprime_2500GeV_060,0.8105493034694342,2500.0,0.6
14,Zprime_2500GeV_075,0.779481039864575,2500.0,0.75
15,Zprime_3000GeV_015,0.8744662434969489,3000.0,0.15
16,Zprime_3000GeV_030,0.8520674967512589,3000.0,0.3
17,Zprime_3000GeV_045,0.832133246497513,3000.0,0.45
18,Zprime_3000GeV_060,0.8034026197653654,3000.0,0.6
19,Zprime_3000GeV_075,0.770514074921936,3000.0,0.75
20,Zprime_3500GeV_015,0.869458701077713,3500.0,0.15
21,Zprime_3500GeV_030,0.8564430675624278,3500.0,0.3
22,Zprime_3500GeV_045,0.8292530261928227,3500.0,0.45
23,Zprime_3500GeV_060,0.8044225927461802,3500.0,0.6
24,Zprime_3500GeV_075,0.7654081152507413,3500.0,0.75
25,Zprime_4000GeV_015,0.8710761115747023,4000.0,0.15
26,Zprime_4000GeV_030,0.8594198538530395,4000.0,0.3
27,Zprime_4000GeV_045,0.831242251720303,4000.0,0.45
28,Zprime_4000GeV_060,0.8031261676276306,4000.0,0.6
29,Zprime_4000GeV_075,0.7594019788605926,4000.0,0.75
