,name,auc,mass,nu
0,Zprime_1500GeV_015,0.8832270244921371,1500.0,0.15
1,Zprime_1500GeV_030,0.8801627747122113,1500.0,0.3
2,Zprime_1500GeV_045,0.8609653884088648,1500.0,0.45
3,Zprime_1500GeV_060,0.844004530593362,1500.0,0.6
4,Zprime_1500GeV_075,0.8081042705736532,1500.0,0.75
5,Zprime_2000GeV_015,0.8856982413813578,2000.0,0.15
6,Zprime_2000GeV_030,0.8726008372053304,2000.0,0.3
7,Zprime_2000GeV_045,0.8538252346439015,2000.0,0.45
8,Zprime_2000GeV_060,0.8278948448567024,2000.0,0.6
9,Zprime_2000GeV_075,0.8048219728761844,2000.0,0.75
10,Zprime_2500GeV_015,0.8793421150419746,2500.0,0.15
11,Zprime_2500GeV_030,0.8644897525882332,2500.0,0.3
12,Zprime_2500GeV_045,0.8492074461440249,2500.0,0.45
13,Zprime_2500GeV_060,0.8278139438081094,2500.0,0.6
14,Zprime_2500GeV_075,0.7912646311189562,2500.0,0.75
15,Zprime_3000GeV_015,0.8840625239408613,3000.0,0.15
16,Zprime_3000GeV_030,0.8655855253875793,3000.0,0.3
17,Zprime_3000GeV_045,0.8449348546155736,3000.0,0.45
18,Zprime_3000GeV_060,0.8179486697274716,3000.0,0.6
19,Zprime_3000GeV_075,0.7886774869031286,3000.0,0.75
20,Zprime_3500GeV_015,0.8800715448710784,3500.0,0.15
21,Zprime_3500GeV_030,0.8696425985303149,3500.0,0.3
22,Zprime_3500GeV_045,0.8462954481260379,3500.0,0.45
23,Zprime_3500GeV_060,0.8195791300499135,3500.0,0.6
24,Zprime_3500GeV_075,0.7867615057367539,3500.0,0.75
25,Zprime_4000GeV_015,0.8867042117833851,4000.0,0.15
26,Zprime_4000GeV_030,0.8748966460552667,4000.0,0.3
27,Zprime_4000GeV_045,0.8471355622289839,4000.0,0.45
28,Zprime_4000GeV_060,0.8190048965142522,4000.0,0.6
29,Zprime_4000GeV_075,0.7774106352261441,4000.0,0.75
