,name,auc,mass,nu
0,Zprime_1500GeV_015,0.8766557041512761,1500.0,0.15
1,Zprime_1500GeV_030,0.8668009011427014,1500.0,0.3
2,Zprime_1500GeV_045,0.8431459610366764,1500.0,0.45
3,Zprime_1500GeV_060,0.8206018363821134,1500.0,0.6
4,Zprime_1500GeV_075,0.7779496190286445,1500.0,0.75
5,Zprime_2000GeV_015,0.8749579793217933,2000.0,0.15
6,Zprime_2000GeV_030,0.8598963659494449,2000.0,0.3
7,Zprime_2000GeV_045,0.8401634854121676,2000.0,0.45
8,Zprime_2000GeV_060,0.8124244307022254,2000.0,0.6
9,Zprime_2000GeV_075,0.7894454298979897,2000.0,0.75
10,Zprime_2500GeV_015,0.8708990233784988,2500.0,0.15
11,Zprime_2500GeV_030,0.8551475279001198,2500.0,0.3
12,Zprime_2500GeV_045,0.8359333878204915,2500.0,0.45
13,Zprime_2500GeV_060,0.8100792548869196,2500.0,0.6
14,Zprime_2500GeV_075,0.774614156148973,2500.0,0.75
15,Zprime_3000GeV_015,0.8748198220882564,3000.0,0.15
16,Zprime_3000GeV_030,0.8521257879820671,3000.0,0.3
17,Zprime_3000GeV_045,0.8295303025303895,3000.0,0.45
18,Zprime_3000GeV_060,0.8014337252898012,3000.0,0.6
19,Zprime_3000GeV_075,0.7695722468680062,3000.0,0.75
20,Zprime_3500GeV_015,0.8661780661419936,3500.0,0.15
21,Zprime_3500GeV_030,0.8549162006431514,3500.0,0.3
22,Zprime_3500GeV_045,0.826891674113607,3500.0,0.45
23,Zprime_3500GeV_060,0.8034872743534989,3500.0,0.6
24,Zprime_3500GeV_075,0.764120332173091,3500.0,0.75
25,Zprime_4000GeV_015,0.8711840935501705,4000.0,0.15
26,Zprime_4000GeV_030,0.8603023673604516,4000.0,0.3
27,Zprime_4000GeV_045,0.8291121403851025,4000.0,0.45
28,Zprime_4000GeV_060,0.8016975213041324,4000.0,0.6
29,Zprime_4000GeV_075,0.7590960615688124,4000.0,0.75
