,name,auc,mass,nu
0,Zprime_1500GeV_015,0.8831352420347774,1500.0,0.15
1,Zprime_1500GeV_030,0.8783283660237078,1500.0,0.3
2,Zprime_1500GeV_045,0.8589085002961551,1500.0,0.45
3,Zprime_1500GeV_060,0.83615489386434,1500.0,0.6
4,Zprime_1500GeV_075,0.8020033713439669,1500.0,0.75
5,Zprime_2000GeV_015,0.8850896393287209,2000.0,0.15
6,Zprime_2000GeV_030,0.8692338543518849,2000.0,0.3
7,Zprime_2000GeV_045,0.851555156385535,2000.0,0.45
8,Zprime_2000GeV_060,0.8262504290453418,2000.0,0.6
9,Zprime_2000GeV_075,0.8040388228807265,2000.0,0.75
10,Zprime_2500GeV_015,0.8804131565567161,2500.0,0.15
11,Zprime_2500GeV_030,0.8639654618887076,2500.0,0.3
12,Zprime_2500GeV_045,0.8477884580733084,2500.0,0.45
13,Zprime_2500GeV_060,0.8246403982641274,2500.0,0.6
14,Zprime_2500GeV_075,0.7917735343032853,2500.0,0.75
15,Zprime_3000GeV_015,0.8864369544431154,3000.0,0.15
16,Zprime_3000GeV_030,0.8663795003172916,3000.0,0.3
17,Zprime_3000GeV_045,0.8457705067139971,3000.0,0.45
18,Zprime_3000GeV_060,0.8169938051050858,3000.0,0.6
19,Zprime_3000GeV_075,0.786883804192674,3000.0,0.75
20,Zprime_3500GeV_015,0.8794100480143265,3500.0,0.15
21,Zprime_3500GeV_030,0.8704298295632834,3500.0,0.3
22,Zprime_3500GeV_045,0.8466387897058674,3500.0,0.45
23,Zprime_3500GeV_060,0.8181049601435044,3500.0,0.6
24,Zprime_3500GeV_075,0.7823607279446522,3500.0,0.75
25,Zprime_4000GeV_015,0.8865822562918355,4000.0,0.15
26,Zprime_4000GeV_030,0.8746963309983229,4000.0,0.3
27,Zprime_4000GeV_045,0.8462077207844414,4000.0,0.45
28,Zprime_4000GeV_060,0.8187448207122973,4000.0,0.6
29,Zprime_4000GeV_075,0.778235963990741,4000.0,0.75
