,name,auc,mass,nu
0,Zprime_1500GeV_015,0.8736953112009161,1500.0,0.15
1,Zprime_1500GeV_030,0.8617789960205166,1500.0,0.3
2,Zprime_1500GeV_045,0.846242301562429,1500.0,0.45
3,Zprime_1500GeV_060,0.8266463821866796,1500.0,0.6
4,Zprime_1500GeV_075,0.7871696113606645,1500.0,0.75
5,Zprime_2000GeV_015,0.8702241850175759,2000.0,0.15
6,Zprime_2000GeV_030,0.857604697000214,2000.0,0.3
7,Zprime_2000GeV_045,0.8363723336006721,2000.0,0.45
8,Zprime_2000GeV_060,0.814666762651587,2000.0,0.6
9,Zprime_2000GeV_075,0.7903507416829807,2000.0,0.75
10,Zprime_2500GeV_015,0.8648638735547478,2500.0,0.15
11,Zprime_2500GeV_030,0.8497846915692595,2500.0,0.3
12,Zprime_2500GeV_045,0.8331962538975497,2500.0,0.45
13,Zprime_2500GeV_060,0.8105672383194202,2500.0,0.6
14,Zprime_2500GeV_075,0.7759273200904979,2500.0,0.75
15,Zprime_3000GeV_015,0.8695611351359319,3000.0,0.15
16,Zprime_3000GeV_030,0.8477159127845497,3000.0,0.3
17,Zprime_3000GeV_045,0.82888481638113,3000.0,0.45
18,Zprime_3000GeV_060,0.8026335627045472,3000.0,0.6
19,Zprime_3000GeV_075,0.7724215519616662,3000.0,0.75
20,Zprime_3500GeV_015,0.8647685240540948,3500.0,0.15
21,Zprime_3500GeV_030,0.8520448235268361,3500.0,0.3
22,Zprime_3500GeV_045,0.8264015355041825,3500.0,0.45
23,Zprime_3500GeV_060,0.8042481241246093,3500.0,0.6
24,Zprime_3500GeV_075,0.7687612693910877,3500.0,0.75
25,Zprime_4000GeV_015,0.8714498899140676,4000.0,0.15
26,Zprime_4000GeV_030,0.8586579908742127,4000.0,0.3
27,Zprime_4000GeV_045,0.8297463436201755,4000.0,0.45
28,Zprime_4000GeV_060,0.8047369156503155,4000.0,0.6
29,Zprime_4000GeV_075,0.7624570970331471,4000.0,0.75
