,name,auc,mass,nu
0,Zprime_1500GeV_015,0.8833003570407654,1500.0,0.15
1,Zprime_1500GeV_030,0.8729850959577494,1500.0,0.3
2,Zprime_1500GeV_045,0.8529443318657721,1500.0,0.45
3,Zprime_1500GeV_060,0.8337842332936525,1500.0,0.6
4,Zprime_1500GeV_075,0.8036297476319392,1500.0,0.75
5,Zprime_2000GeV_015,0.8804406496682798,2000.0,0.15
6,Zprime_2000GeV_030,0.8666428068301424,2000.0,0.3
7,Zprime_2000GeV_045,0.8484632492946708,2000.0,0.45
8,Zprime_2000GeV_060,0.822463422298264,2000.0,0.6
9,Zprime_2000GeV_075,0.801979274833112,2000.0,0.75
10,Zprime_2500GeV_015,0.8726117953884694,2500.0,0.15
11,Zprime_2500GeV_030,0.8578583152250066,2500.0,0.3
12,Zprime_2500GeV_045,0.8428427503343984,2500.0,0.45
13,Zprime_2500GeV_060,0.8199898582347485,2500.0,0.6
14,Zprime_2500GeV_075,0.7868814255715986,2500.0,0.75
15,Zprime_3000GeV_015,0.8768207875222945,3000.0,0.15
16,Zprime_3000GeV_030,0.8578702653438994,3000.0,0.3
17,Zprime_3000GeV_045,0.8364724816884548,3000.0,0.45
18,Zprime_3000GeV_060,0.8130626062355097,3000.0,0.6
19,Zprime_3000GeV_075,0.7845768651282367,3000.0,0.75
20,Zprime_3500GeV_015,0.8697315031117007,3500.0,0.15
21,Zprime_3500GeV_030,0.8584527926547156,3500.0,0.3
22,Zprime_3500GeV_045,0.8347561434189591,3500.0,0.45
23,Zprime_3500GeV_060,0.8127859372479128,3500.0,0.6
24,Zprime_3500GeV_075,0.779331754114563,3500.0,0.75
25,Zprime_4000GeV_015,0.8775236117179614,4000.0,0.15
26,Zprime_4000GeV_030,0.8657800886039021,4000.0,0.3
27,Zprime_4000GeV_045,0.8364534754115485,4000.0,0.45
28,Zprime_4000GeV_060,0.812715113551899,4000.0,0.6
29,Zprime_4000GeV_075,0.7710692226666,4000.0,0.75
