,name,auc,mass,nu
0,Zprime_1500GeV_015,0.8713995820511815,1500.0,0.15
1,Zprime_1500GeV_030,0.8575282743032735,1500.0,0.3
2,Zprime_1500GeV_045,0.8412454410030046,1500.0,0.45
3,Zprime_1500GeV_060,0.8227347140979149,1500.0,0.6
4,Zprime_1500GeV_075,0.782683717597344,1500.0,0.75
5,Zprime_2000GeV_015,0.8697412861405744,2000.0,0.15
6,Zprime_2000GeV_030,0.857775313347866,2000.0,0.3
7,Zprime_2000GeV_045,0.8340478844305819,2000.0,0.45
8,Zprime_2000GeV_060,0.8113539301501632,2000.0,0.6
9,Zprime_2000GeV_075,0.7862821874784122,2000.0,0.75
10,Zprime_2500GeV_015,0.8711795009659066,2500.0,0.15
11,Zprime_2500GeV_030,0.8535087465023266,2500.0,0.3
12,Zprime_2500GeV_045,0.8357603548452541,2500.0,0.45
13,Zprime_2500GeV_060,0.8066256408184397,2500.0,0.6
14,Zprime_2500GeV_075,0.7732081934103587,2500.0,0.75
15,Zprime_3000GeV_015,0.8746236616161942,3000.0,0.15
16,Zprime_3000GeV_030,0.8522483255201587,3000.0,0.3
17,Zprime_3000GeV_045,0.8302663906862837,3000.0,0.45
18,Zprime_3000GeV_060,0.8024709568376456,3000.0,0.6
19,Zprime_3000GeV_075,0.767901942985015,3000.0,0.75
20,Zprime_3500GeV_015,0.8674690986642218,3500.0,0.15
21,Zprime_3500GeV_030,0.8557639549405632,3500.0,0.3
22,Zprime_3500GeV_045,0.8274324343122579,3500.0,0.45
23,Zprime_3500GeV_060,0.8024216958969425,3500.0,0.6
24,Zprime_3500GeV_075,0.7633596429031843,3500.0,0.75
25,Zprime_4000GeV_015,0.8717023647418269,4000.0,0.15
26,Zprime_4000GeV_030,0.8604556913156132,4000.0,0.3
27,Zprime_4000GeV_045,0.8296925198229719,4000.0,0.45
28,Zprime_4000GeV_060,0.8020639774014702,4000.0,0.6
29,Zprime_4000GeV_075,0.7561015973689803,4000.0,0.75
