,name,auc,mass,nu
0,Zprime_1500GeV_015,0.8301624012346025,1500.0,0.15
1,Zprime_1500GeV_030,0.8100803848242835,1500.0,0.3
2,Zprime_1500GeV_045,0.7910069247779496,1500.0,0.45
3,Zprime_1500GeV_060,0.7624190880779601,1500.0,0.6
4,Zprime_1500GeV_075,0.7106187289570041,1500.0,0.75
5,Zprime_2000GeV_015,0.8249730126651474,2000.0,0.15
6,Zprime_2000GeV_030,0.811322937059352,2000.0,0.3
7,Zprime_2000GeV_045,0.7859071433433614,2000.0,0.45
8,Zprime_2000GeV_060,0.7567422387071333,2000.0,0.6
9,Zprime_2000GeV_075,0.7300291085026963,2000.0,0.75
10,Zprime_2500GeV_015,0.8214416257872043,2500.0,0.15
11,Zprime_2500GeV_030,0.8054699347699716,2500.0,0.3
12,Zprime_2500GeV_045,0.7851704677921112,2500.0,0.45
13,Zprime_2500GeV_060,0.7560237623681793,2500.0,0.6
14,Zprime_2500GeV_075,0.713874810114695,2500.0,0.75
15,Zprime_3000GeV_015,0.8263812947336486,3000.0,0.15
16,Zprime_3000GeV_030,0.8016502171869795,3000.0,0.3
17,Zprime_3000GeV_045,0.7792473132239021,3000.0,0.45
18,Zprime_3000GeV_060,0.7496579341477825,3000.0,0.6
19,Zprime_3000GeV_075,0.7203899880504621,3000.0,0.75
20,Zprime_3500GeV_015,0.8241536150760623,3500.0,0.15
21,Zprime_3500GeV_030,0.8080804193004545,3500.0,0.3
22,Zprime_3500GeV_045,0.7787966080336499,3500.0,0.45
23,Zprime_3500GeV_060,0.7569802736130828,3500.0,0.6
24,Zprime_3500GeV_075,0.7173761226419149,3500.0,0.75
25,Zprime_4000GeV_015,0.8357088251934635,4000.0,0.15
26,Zprime_4000GeV_030,0.8225480196290977,4000.0,0.3
27,Zprime_4000GeV_045,0.7875948589356208,4000.0,0.45
28,Zprime_4000GeV_060,0.758761821421795,4000.0,0.6
29,Zprime_4000GeV_075,0.7165939989435925,4000.0,0.75
