,name,auc,mass,nu
0,Zprime_1500GeV_015,0.8726791649618018,1500.0,0.15
1,Zprime_1500GeV_030,0.864655364166052,1500.0,0.3
2,Zprime_1500GeV_045,0.8420643419506347,1500.0,0.45
3,Zprime_1500GeV_060,0.8239442699937007,1500.0,0.6
4,Zprime_1500GeV_075,0.7762541806953306,1500.0,0.75
5,Zprime_2000GeV_015,0.8742565865889362,2000.0,0.15
6,Zprime_2000GeV_030,0.8591304056370175,2000.0,0.3
7,Zprime_2000GeV_045,0.8382409569736804,2000.0,0.45
8,Zprime_2000GeV_060,0.8117703962981581,2000.0,0.6
9,Zprime_2000GeV_075,0.7872270488594575,2000.0,0.75
10,Zprime_2500GeV_015,0.8682386239006078,2500.0,0.15
11,Zprime_2500GeV_030,0.8524042688795173,2500.0,0.3
12,Zprime_2500GeV_045,0.8330065312094479,2500.0,0.45
13,Zprime_2500GeV_060,0.8075016797571208,2500.0,0.6
14,Zprime_2500GeV_075,0.7708977607609622,2500.0,0.75
15,Zprime_3000GeV_015,0.8688779620998048,3000.0,0.15
16,Zprime_3000GeV_030,0.8494442654114911,3000.0,0.3
17,Zprime_3000GeV_045,0.8282138286346334,3000.0,0.45
18,Zprime_3000GeV_060,0.7973328030227413,3000.0,0.6
19,Zprime_3000GeV_075,0.7647617246259691,3000.0,0.75
20,Zprime_3500GeV_015,0.8637106524386706,3500.0,0.15
21,Zprime_3500GeV_030,0.8510497730005198,3500.0,0.3
22,Zprime_3500GeV_045,0.8241470429590205,3500.0,0.45
23,Zprime_3500GeV_060,0.8000666363780828,3500.0,0.6
24,Zprime_3500GeV_075,0.7630901873576554,3500.0,0.75
25,Zprime_4000GeV_015,0.8677800534031485,4000.0,0.15
26,Zprime_4000GeV_030,0.8563698202169053,4000.0,0.3
27,Zprime_4000GeV_045,0.8256973296013475,4000.0,0.45
28,Zprime_4000GeV_060,0.7986846729673291,4000.0,0.6
29,Zprime_4000GeV_075,0.7574229984370142,4000.0,0.75
