,name,auc,mass,nu
0,Zprime_1500GeV_015,0.8855730821903731,1500.0,0.15
1,Zprime_1500GeV_030,0.8746520197515941,1500.0,0.3
2,Zprime_1500GeV_045,0.8535006244840347,1500.0,0.45
3,Zprime_1500GeV_060,0.8342294563589775,1500.0,0.6
4,Zprime_1500GeV_075,0.7951809481395661,1500.0,0.75
5,Zprime_2000GeV_015,0.8770881320754175,2000.0,0.15
6,Zprime_2000GeV_030,0.8632173988638,2000.0,0.3
7,Zprime_2000GeV_045,0.8424379749492609,2000.0,0.45
8,Zprime_2000GeV_060,0.8202861339853167,2000.0,0.6
9,Zprime_2000GeV_075,0.7967600880253884,2000.0,0.75
10,Zprime_2500GeV_015,0.8717136011840052,2500.0,0.15
11,Zprime_2500GeV_030,0.8584819477701396,2500.0,0.3
12,Zprime_2500GeV_045,0.839325780778599,2500.0,0.45
13,Zprime_2500GeV_060,0.8144417400060084,2500.0,0.6
14,Zprime_2500GeV_075,0.781087244795857,2500.0,0.75
15,Zprime_3000GeV_015,0.8750690296550244,3000.0,0.15
16,Zprime_3000GeV_030,0.8550405107428268,3000.0,0.3
17,Zprime_3000GeV_045,0.8341868006453879,3000.0,0.45
18,Zprime_3000GeV_060,0.8070853052651877,3000.0,0.6
19,Zprime_3000GeV_075,0.7748710712300046,3000.0,0.75
20,Zprime_3500GeV_015,0.8688646927227216,3500.0,0.15
21,Zprime_3500GeV_030,0.8576239457295602,3500.0,0.3
22,Zprime_3500GeV_045,0.8309450741994964,3500.0,0.45
23,Zprime_3500GeV_060,0.8070968118256318,3500.0,0.6
24,Zprime_3500GeV_075,0.772364412788449,3500.0,0.75
25,Zprime_4000GeV_015,0.8734079795155655,4000.0,0.15
26,Zprime_4000GeV_030,0.8618903053489171,4000.0,0.3
27,Zprime_4000GeV_045,0.8328020784280328,4000.0,0.45
28,Zprime_4000GeV_060,0.807898288525615,4000.0,0.6
29,Zprime_4000GeV_075,0.7657513894399719,4000.0,0.75
