,name,auc,mass,nu
0,Zprime_1500GeV_015,0.8801581507492998,1500.0,0.15
1,Zprime_1500GeV_030,0.8750781287974689,1500.0,0.3
2,Zprime_1500GeV_045,0.8570650260609805,1500.0,0.45
3,Zprime_1500GeV_060,0.8367737652430021,1500.0,0.6
4,Zprime_1500GeV_075,0.7972664823895969,1500.0,0.75
5,Zprime_2000GeV_015,0.8842567105376902,2000.0,0.15
6,Zprime_2000GeV_030,0.8687571695984349,2000.0,0.3
7,Zprime_2000GeV_045,0.850693169705315,2000.0,0.45
8,Zprime_2000GeV_060,0.82592438805569,2000.0,0.6
9,Zprime_2000GeV_075,0.8017633272392958,2000.0,0.75
10,Zprime_2500GeV_015,0.8755622629728758,2500.0,0.15
11,Zprime_2500GeV_030,0.861506822009452,2500.0,0.3
12,Zprime_2500GeV_045,0.8444260824332077,2500.0,0.45
13,Zprime_2500GeV_060,0.8245336684660138,2500.0,0.6
14,Zprime_2500GeV_075,0.7873994460684008,2500.0,0.75
15,Zprime_3000GeV_015,0.879110164585166,3000.0,0.15
16,Zprime_3000GeV_030,0.8614242519612808,3000.0,0.3
17,Zprime_3000GeV_045,0.8408038037309394,3000.0,0.45
18,Zprime_3000GeV_060,0.8142209449306353,3000.0,0.6
19,Zprime_3000GeV_075,0.7838703645675436,3000.0,0.75
20,Zprime_3500GeV_015,0.878542166572479,3500.0,0.15
21,Zprime_3500GeV_030,0.8668638822929725,3500.0,0.3
22,Zprime_3500GeV_045,0.8434053682391445,3500.0,0.45
23,Zprime_3500GeV_060,0.8158994611603473,3500.0,0.6
24,Zprime_3500GeV_075,0.782275031154656,3500.0,0.75
25,Zprime_4000GeV_015,0.883286233362441,4000.0,0.15
26,Zprime_4000GeV_030,0.873317465112535,4000.0,0.3
27,Zprime_4000GeV_045,0.8448461215161168,4000.0,0.45
28,Zprime_4000GeV_060,0.8162120959080439,4000.0,0.6
29,Zprime_4000GeV_075,0.7743264789467316,4000.0,0.75
