,name,auc,mass,nu
0,Zprime_1500GeV_015,0.8499018184603713,1500.0,0.15
1,Zprime_1500GeV_030,0.8269301181164765,1500.0,0.3
2,Zprime_1500GeV_045,0.8073201014899111,1500.0,0.45
3,Zprime_1500GeV_060,0.7767237316774622,1500.0,0.6
4,Zprime_1500GeV_075,0.7255248296888107,1500.0,0.75
5,Zprime_2000GeV_015,0.8364042320661533,2000.0,0.15
6,Zprime_2000GeV_030,0.8239013083709712,2000.0,0.3
7,Zprime_2000GeV_045,0.7979972129084664,2000.0,0.45
8,Zprime_2000GeV_060,0.7699488302939566,2000.0,0.6
9,Zprime_2000GeV_075,0.743956821722841,2000.0,0.75
10,Zprime_2500GeV_015,0.8296414670115004,2500.0,0.15
11,Zprime_2500GeV_030,0.8152574075467963,2500.0,0.3
12,Zprime_2500GeV_045,0.7953961293104455,2500.0,0.45
13,Zprime_2500GeV_060,0.7678672890863822,2500.0,0.6
14,Zprime_2500GeV_075,0.7311573735919172,2500.0,0.75
15,Zprime_3000GeV_015,0.8300495087529025,3000.0,0.15
16,Zprime_3000GeV_030,0.8107648547065126,3000.0,0.3
17,Zprime_3000GeV_045,0.7870305018000028,3000.0,0.45
18,Zprime_3000GeV_060,0.7624917572448217,3000.0,0.6
19,Zprime_3000GeV_075,0.7320545382124013,3000.0,0.75
20,Zprime_3500GeV_015,0.8251729166171711,3500.0,0.15
21,Zprime_3500GeV_030,0.810754495071422,3500.0,0.3
22,Zprime_3500GeV_045,0.7840175498838381,3500.0,0.45
23,Zprime_3500GeV_060,0.7642950206469582,3500.0,0.6
24,Zprime_3500GeV_075,0.7289467470241932,3500.0,0.75
25,Zprime_4000GeV_015,0.8325407136805056,4000.0,0.15
26,Zprime_4000GeV_030,0.8198873529951138,4000.0,0.3
27,Zprime_4000GeV_045,0.7879406954423503,4000.0,0.45
28,Zprime_4000GeV_060,0.7613281745844427,4000.0,0.6
29,Zprime_4000GeV_075,0.7195032995593955,4000.0,0.75
