,name,auc,mass,nu
0,Zprime_1500GeV_015,0.8849617829991799,1500.0,0.15
1,Zprime_1500GeV_030,0.8751996478062122,1500.0,0.3
2,Zprime_1500GeV_045,0.8577209703869165,1500.0,0.45
3,Zprime_1500GeV_060,0.8408809089470595,1500.0,0.6
4,Zprime_1500GeV_075,0.8058072250898085,1500.0,0.75
5,Zprime_2000GeV_015,0.878254457951365,2000.0,0.15
6,Zprime_2000GeV_030,0.8640410931201243,2000.0,0.3
7,Zprime_2000GeV_045,0.84522308901314,2000.0,0.45
8,Zprime_2000GeV_060,0.8235804602891585,2000.0,0.6
9,Zprime_2000GeV_075,0.8036460919922245,2000.0,0.75
10,Zprime_2500GeV_015,0.872658853570391,2500.0,0.15
11,Zprime_2500GeV_030,0.8568748845588485,2500.0,0.3
12,Zprime_2500GeV_045,0.842118899048408,2500.0,0.45
13,Zprime_2500GeV_060,0.8211717706623933,2500.0,0.6
14,Zprime_2500GeV_075,0.787926746444912,2500.0,0.75
15,Zprime_3000GeV_015,0.8774761013521717,3000.0,0.15
16,Zprime_3000GeV_030,0.8591961716858827,3000.0,0.3
17,Zprime_3000GeV_045,0.8375456841414306,3000.0,0.45
18,Zprime_3000GeV_060,0.8134727433256963,3000.0,0.6
19,Zprime_3000GeV_075,0.785728483600276,3000.0,0.75
20,Zprime_3500GeV_015,0.8723591731004487,3500.0,0.15
21,Zprime_3500GeV_030,0.8627706294186233,3500.0,0.3
22,Zprime_3500GeV_045,0.8381699856600678,3500.0,0.45
23,Zprime_3500GeV_060,0.8137882636631327,3500.0,0.6
24,Zprime_3500GeV_075,0.7830264492286537,3500.0,0.75
25,Zprime_4000GeV_015,0.8791415087577118,4000.0,0.15
26,Zprime_4000GeV_030,0.8672979985970569,4000.0,0.3
27,Zprime_4000GeV_045,0.8391817783218527,4000.0,0.45
28,Zprime_4000GeV_060,0.8139248384942837,4000.0,0.6
29,Zprime_4000GeV_075,0.7738270346558379,4000.0,0.75
