,name,auc,mass,nu
0,Zprime_1500GeV_015,0.875459612916244,1500.0,0.15
1,Zprime_1500GeV_030,0.8699490359844202,1500.0,0.3
2,Zprime_1500GeV_045,0.8513465004626255,1500.0,0.45
3,Zprime_1500GeV_060,0.8328448508909635,1500.0,0.6
4,Zprime_1500GeV_075,0.7975079205097254,1500.0,0.75
5,Zprime_2000GeV_015,0.8777143353068071,2000.0,0.15
6,Zprime_2000GeV_030,0.8615883391290841,2000.0,0.3
7,Zprime_2000GeV_045,0.842699381242102,2000.0,0.45
8,Zprime_2000GeV_060,0.8201154362774021,2000.0,0.6
9,Zprime_2000GeV_075,0.7935504966522684,2000.0,0.75
10,Zprime_2500GeV_015,0.87359741664486,2500.0,0.15
11,Zprime_2500GeV_030,0.8577056057100504,2500.0,0.3
12,Zprime_2500GeV_045,0.8400804163634203,2500.0,0.45
13,Zprime_2500GeV_060,0.8184613991595618,2500.0,0.6
14,Zprime_2500GeV_075,0.7839887583672678,2500.0,0.75
15,Zprime_3000GeV_015,0.8789760380485356,3000.0,0.15
16,Zprime_3000GeV_030,0.8594825191702578,3000.0,0.3
17,Zprime_3000GeV_045,0.8380687739621947,3000.0,0.45
18,Zprime_3000GeV_060,0.8104314843468163,3000.0,0.6
19,Zprime_3000GeV_075,0.7810502986693694,3000.0,0.75
20,Zprime_3500GeV_015,0.8745454232547778,3500.0,0.15
21,Zprime_3500GeV_030,0.8649497198800079,3500.0,0.3
22,Zprime_3500GeV_045,0.8405388138152826,3500.0,0.45
23,Zprime_3500GeV_060,0.8124744543857433,3500.0,0.6
24,Zprime_3500GeV_075,0.7775463344935757,3500.0,0.75
25,Zprime_4000GeV_015,0.8834202240513216,4000.0,0.15
26,Zprime_4000GeV_030,0.869951809012729,4000.0,0.3
27,Zprime_4000GeV_045,0.8412490876311881,4000.0,0.45
28,Zprime_4000GeV_060,0.8126262855359421,4000.0,0.6
29,Zprime_4000GeV_075,0.7702201367176496,4000.0,0.75
