,name,auc,mass,nu
0,Zprime_1500GeV_015,0.8483995521576586,1500.0,0.15
1,Zprime_1500GeV_030,0.828141741885172,1500.0,0.3
2,Zprime_1500GeV_045,0.8065947578479974,1500.0,0.45
3,Zprime_1500GeV_060,0.7803878619936766,1500.0,0.6
4,Zprime_1500GeV_075,0.7293343339656347,1500.0,0.75
5,Zprime_2000GeV_015,0.8368187882432603,2000.0,0.15
6,Zprime_2000GeV_030,0.8231817929087699,2000.0,0.3
7,Zprime_2000GeV_045,0.7968679730896785,2000.0,0.45
8,Zprime_2000GeV_060,0.7710756722463433,2000.0,0.6
9,Zprime_2000GeV_075,0.741552206282715,2000.0,0.75
10,Zprime_2500GeV_015,0.8328073304396222,2500.0,0.15
11,Zprime_2500GeV_030,0.8172749613378973,2500.0,0.3
12,Zprime_2500GeV_045,0.796574863264655,2500.0,0.45
13,Zprime_2500GeV_060,0.7720256163142605,2500.0,0.6
14,Zprime_2500GeV_075,0.7322132477882863,2500.0,0.75
15,Zprime_3000GeV_015,0.8354208610066192,3000.0,0.15
16,Zprime_3000GeV_030,0.8143169822517964,3000.0,0.3
17,Zprime_3000GeV_045,0.7928913763859254,3000.0,0.45
18,Zprime_3000GeV_060,0.7655040853413015,3000.0,0.6
19,Zprime_3000GeV_075,0.7356354276210213,3000.0,0.75
20,Zprime_3500GeV_015,0.829921027864122,3500.0,0.15
21,Zprime_3500GeV_030,0.8143918210094223,3500.0,0.3
22,Zprime_3500GeV_045,0.7903987898873761,3500.0,0.45
23,Zprime_3500GeV_060,0.7666204408615225,3500.0,0.6
24,Zprime_3500GeV_075,0.7298100640281896,3500.0,0.75
25,Zprime_4000GeV_015,0.8374538230799913,4000.0,0.15
26,Zprime_4000GeV_030,0.8242092387702521,4000.0,0.3
27,Zprime_4000GeV_045,0.7932983128738592,4000.0,0.45
28,Zprime_4000GeV_060,0.766851894838961,4000.0,0.6
29,Zprime_4000GeV_075,0.7240547441327557,4000.0,0.75
