,name,auc,mass,nu
0,Zprime_1500GeV_015,0.8293281851081677,1500.0,0.15
1,Zprime_1500GeV_030,0.8053603619787099,1500.0,0.3
2,Zprime_1500GeV_045,0.7840994417527808,1500.0,0.45
3,Zprime_1500GeV_060,0.7604149644964112,1500.0,0.6
4,Zprime_1500GeV_075,0.7030359256574288,1500.0,0.75
5,Zprime_2000GeV_015,0.8198214951108825,2000.0,0.15
6,Zprime_2000GeV_030,0.8059246938437048,2000.0,0.3
7,Zprime_2000GeV_045,0.7828286887512013,2000.0,0.45
8,Zprime_2000GeV_060,0.754593804443016,2000.0,0.6
9,Zprime_2000GeV_075,0.7275817251039712,2000.0,0.75
10,Zprime_2500GeV_015,0.819476914748643,2500.0,0.15
11,Zprime_2500GeV_030,0.80308974076269,2500.0,0.3
12,Zprime_2500GeV_045,0.7824734164971692,2500.0,0.45
13,Zprime_2500GeV_060,0.7543367528241939,2500.0,0.6
14,Zprime_2500GeV_075,0.7177602754279137,2500.0,0.75
15,Zprime_3000GeV_015,0.8281725122520319,3000.0,0.15
16,Zprime_3000GeV_030,0.8038613995550198,3000.0,0.3
17,Zprime_3000GeV_045,0.7795593652806458,3000.0,0.45
18,Zprime_3000GeV_060,0.7499943556891211,3000.0,0.6
19,Zprime_3000GeV_075,0.7231322878343964,3000.0,0.75
20,Zprime_3500GeV_015,0.8251657478655863,3500.0,0.15
21,Zprime_3500GeV_030,0.8098796057789699,3500.0,0.3
22,Zprime_3500GeV_045,0.7783270100360183,3500.0,0.45
23,Zprime_3500GeV_060,0.756496101278333,3500.0,0.6
24,Zprime_3500GeV_075,0.7186871965106786,3500.0,0.75
25,Zprime_4000GeV_015,0.8365281172870332,4000.0,0.15
26,Zprime_4000GeV_030,0.8179835088373911,4000.0,0.3
27,Zprime_4000GeV_045,0.7831655918668611,4000.0,0.45
28,Zprime_4000GeV_060,0.7534066866726814,4000.0,0.6
29,Zprime_4000GeV_075,0.7157936256729415,4000.0,0.75
