,name,auc,mass,nu
0,Zprime_1500GeV_015,0.8313816132413361,1500.0,0.15
1,Zprime_1500GeV_030,0.8179140680971392,1500.0,0.3
2,Zprime_1500GeV_045,0.7933316920541517,1500.0,0.45
3,Zprime_1500GeV_060,0.7673349198458356,1500.0,0.6
4,Zprime_1500GeV_075,0.7155802439578384,1500.0,0.75
5,Zprime_2000GeV_015,0.834531329938687,2000.0,0.15
6,Zprime_2000GeV_030,0.8198996617162924,2000.0,0.3
7,Zprime_2000GeV_045,0.7932065642109154,2000.0,0.45
8,Zprime_2000GeV_060,0.7631288014058797,2000.0,0.6
9,Zprime_2000GeV_075,0.7353082203144131,2000.0,0.75
10,Zprime_2500GeV_015,0.8328243468465653,2500.0,0.15
11,Zprime_2500GeV_030,0.8153966954949514,2500.0,0.3
12,Zprime_2500GeV_045,0.7951924381154167,2500.0,0.45
13,Zprime_2500GeV_060,0.7627649260027566,2500.0,0.6
14,Zprime_2500GeV_075,0.7196131219504079,2500.0,0.75
15,Zprime_3000GeV_015,0.8366388912276661,3000.0,0.15
16,Zprime_3000GeV_030,0.812849378341405,3000.0,0.3
17,Zprime_3000GeV_045,0.7887917229846624,3000.0,0.45
18,Zprime_3000GeV_060,0.755673732834626,3000.0,0.6
19,Zprime_3000GeV_075,0.7242851367487706,3000.0,0.75
20,Zprime_3500GeV_015,0.8298770173280774,3500.0,0.15
21,Zprime_3500GeV_030,0.8156698989490537,3500.0,0.3
22,Zprime_3500GeV_045,0.7832145319146989,3500.0,0.45
23,Zprime_3500GeV_060,0.7610338537260665,3500.0,0.6
24,Zprime_3500GeV_075,0.7206968651970264,3500.0,0.75
25,Zprime_4000GeV_015,0.8333379794246408,4000.0,0.15
26,Zprime_4000GeV_030,0.8236080098938351,4000.0,0.3
27,Zprime_4000GeV_045,0.7875132193403138,4000.0,0.45
28,Zprime_4000GeV_060,0.7635738082650774,4000.0,0.6
29,Zprime_4000GeV_075,0.7176799879121216,4000.0,0.75
