,name,auc,mass,nu
0,Zprime_1500GeV_015,0.8743639452350658,1500.0,0.15
1,Zprime_1500GeV_030,0.8667531520974181,1500.0,0.3
2,Zprime_1500GeV_045,0.8506949484984601,1500.0,0.45
3,Zprime_1500GeV_060,0.826257640633576,1500.0,0.6
4,Zprime_1500GeV_075,0.7936156115381333,1500.0,0.75
5,Zprime_2000GeV_015,0.8741326378350017,2000.0,0.15
6,Zprime_2000GeV_030,0.8619664085722158,2000.0,0.3
7,Zprime_2000GeV_045,0.8401360955543817,2000.0,0.45
8,Zprime_2000GeV_060,0.8188823963637595,2000.0,0.6
9,Zprime_2000GeV_075,0.7963923561079171,2000.0,0.75
10,Zprime_2500GeV_015,0.8705062856081844,2500.0,0.15
11,Zprime_2500GeV_030,0.8550839802707217,2500.0,0.3
12,Zprime_2500GeV_045,0.8369475938813422,2500.0,0.45
13,Zprime_2500GeV_060,0.812464110315896,2500.0,0.6
14,Zprime_2500GeV_075,0.7799326516455625,2500.0,0.75
15,Zprime_3000GeV_015,0.8749133017214203,3000.0,0.15
16,Zprime_3000GeV_030,0.8526890263699856,3000.0,0.3
17,Zprime_3000GeV_045,0.8320271441684375,3000.0,0.45
18,Zprime_3000GeV_060,0.8044877157969795,3000.0,0.6
19,Zprime_3000GeV_075,0.7731423213361032,3000.0,0.75
20,Zprime_3500GeV_015,0.8710140767504801,3500.0,0.15
21,Zprime_3500GeV_030,0.8572246636223197,3500.0,0.3
22,Zprime_3500GeV_045,0.8298486481432069,3500.0,0.45
23,Zprime_3500GeV_060,0.8064459595882254,3500.0,0.6
24,Zprime_3500GeV_075,0.7690414034635382,3500.0,0.75
25,Zprime_4000GeV_015,0.8740004883153565,4000.0,0.15
26,Zprime_4000GeV_030,0.8635832144039519,4000.0,0.3
27,Zprime_4000GeV_045,0.8328043951452424,4000.0,0.45
28,Zprime_4000GeV_060,0.8045285068643663,4000.0,0.6
29,Zprime_4000GeV_075,0.7621772360080774,4000.0,0.75
