,name,auc,mass,nu
0,Zprime_1500GeV_015,0.837634964585517,1500.0,0.15
1,Zprime_1500GeV_030,0.8179439855487481,1500.0,0.3
2,Zprime_1500GeV_045,0.8022177693434671,1500.0,0.45
3,Zprime_1500GeV_060,0.7695316626303224,1500.0,0.6
4,Zprime_1500GeV_075,0.7303157126059021,1500.0,0.75
5,Zprime_2000GeV_015,0.8296835551856536,2000.0,0.15
6,Zprime_2000GeV_030,0.8166436584186142,2000.0,0.3
7,Zprime_2000GeV_045,0.7899885744078143,2000.0,0.45
8,Zprime_2000GeV_060,0.7652630387527867,2000.0,0.6
9,Zprime_2000GeV_075,0.7366720354393391,2000.0,0.75
10,Zprime_2500GeV_015,0.8305579177762406,2500.0,0.15
11,Zprime_2500GeV_030,0.8124645180602605,2500.0,0.3
12,Zprime_2500GeV_045,0.7923225534703834,2500.0,0.45
13,Zprime_2500GeV_060,0.7623436823037533,2500.0,0.6
14,Zprime_2500GeV_075,0.7238486893531413,2500.0,0.75
15,Zprime_3000GeV_015,0.840607504826593,3000.0,0.15
16,Zprime_3000GeV_030,0.8137052316545909,3000.0,0.3
17,Zprime_3000GeV_045,0.7905912485321227,3000.0,0.45
18,Zprime_3000GeV_060,0.7604328205510245,3000.0,0.6
19,Zprime_3000GeV_075,0.7260529909635453,3000.0,0.75
20,Zprime_3500GeV_015,0.8408476901479104,3500.0,0.15
21,Zprime_3500GeV_030,0.8229240836472828,3500.0,0.3
22,Zprime_3500GeV_045,0.7935504673440165,3500.0,0.45
23,Zprime_3500GeV_060,0.7667541406134458,3500.0,0.6
24,Zprime_3500GeV_075,0.7230006553220746,3500.0,0.75
25,Zprime_4000GeV_015,0.8475532919595086,4000.0,0.15
26,Zprime_4000GeV_030,0.8336429979797136,4000.0,0.3
27,Zprime_4000GeV_045,0.7980604048540042,4000.0,0.45
28,Zprime_4000GeV_060,0.7682405045581486,4000.0,0.6
29,Zprime_4000GeV_075,0.7223372460092251,4000.0,0.75
