,name,auc,mass,nu
0,Zprime_1500GeV_015,0.8352370603083143,1500.0,0.15
1,Zprime_1500GeV_030,0.8211931000450149,1500.0,0.3
2,Zprime_1500GeV_045,0.7954057652822895,1500.0,0.45
3,Zprime_1500GeV_060,0.7725993956047036,1500.0,0.6
4,Zprime_1500GeV_075,0.7240169750321871,1500.0,0.75
5,Zprime_2000GeV_015,0.8353542334628553,2000.0,0.15
6,Zprime_2000GeV_030,0.8215747567196048,2000.0,0.3
7,Zprime_2000GeV_045,0.7960728020708672,2000.0,0.45
8,Zprime_2000GeV_060,0.767437635508738,2000.0,0.6
9,Zprime_2000GeV_075,0.7404840498858887,2000.0,0.75
10,Zprime_2500GeV_015,0.8324034763857969,2500.0,0.15
11,Zprime_2500GeV_030,0.8159488862638224,2500.0,0.3
12,Zprime_2500GeV_045,0.7954592003499955,2500.0,0.45
13,Zprime_2500GeV_060,0.7659135676849466,2500.0,0.6
14,Zprime_2500GeV_075,0.7249714870615718,2500.0,0.75
15,Zprime_3000GeV_015,0.8365538542778994,3000.0,0.15
16,Zprime_3000GeV_030,0.8117841249913924,3000.0,0.3
17,Zprime_3000GeV_045,0.7885897227448208,3000.0,0.45
18,Zprime_3000GeV_060,0.7586098900160858,3000.0,0.6
19,Zprime_3000GeV_075,0.7257476038106929,3000.0,0.75
20,Zprime_3500GeV_015,0.8302230039177168,3500.0,0.15
21,Zprime_3500GeV_030,0.8156685991111244,3500.0,0.3
22,Zprime_3500GeV_045,0.785190782392554,3500.0,0.45
23,Zprime_3500GeV_060,0.761812541113168,3500.0,0.6
24,Zprime_3500GeV_075,0.7257484315242146,3500.0,0.75
25,Zprime_4000GeV_015,0.8355813190618565,4000.0,0.15
26,Zprime_4000GeV_030,0.8245890732647357,4000.0,0.3
27,Zprime_4000GeV_045,0.7895438485597963,4000.0,0.45
28,Zprime_4000GeV_060,0.7639426791874405,4000.0,0.6
29,Zprime_4000GeV_075,0.7205494795685706,4000.0,0.75
