,name,auc,mass,nu
0,Zprime_1500GeV_015,0.8834042837418471,1500.0,0.15
1,Zprime_1500GeV_030,0.879257986440592,1500.0,0.3
2,Zprime_1500GeV_045,0.8576316407294045,1500.0,0.45
3,Zprime_1500GeV_060,0.8416769856808588,1500.0,0.6
4,Zprime_1500GeV_075,0.8085971224426812,1500.0,0.75
5,Zprime_2000GeV_015,0.883119833883151,2000.0,0.15
6,Zprime_2000GeV_030,0.8687697557005998,2000.0,0.3
7,Zprime_2000GeV_045,0.8500115415783935,2000.0,0.45
8,Zprime_2000GeV_060,0.8261063958813433,2000.0,0.6
9,Zprime_2000GeV_075,0.8046593775741234,2000.0,0.75
10,Zprime_2500GeV_015,0.8772151618831523,2500.0,0.15
11,Zprime_2500GeV_030,0.8619448131470103,2500.0,0.3
12,Zprime_2500GeV_045,0.8455296154936011,2500.0,0.45
13,Zprime_2500GeV_060,0.825075877931981,2500.0,0.6
14,Zprime_2500GeV_075,0.789593575407869,2500.0,0.75
15,Zprime_3000GeV_015,0.8824128203070808,3000.0,0.15
16,Zprime_3000GeV_030,0.8632727338974178,3000.0,0.3
17,Zprime_3000GeV_045,0.8417576711809124,3000.0,0.45
18,Zprime_3000GeV_060,0.8161871294094618,3000.0,0.6
19,Zprime_3000GeV_075,0.7857410902375324,3000.0,0.75
20,Zprime_3500GeV_015,0.8764742677601014,3500.0,0.15
21,Zprime_3500GeV_030,0.8669629510216291,3500.0,0.3
22,Zprime_3500GeV_045,0.8425505477583265,3500.0,0.45
23,Zprime_3500GeV_060,0.8173145830885906,3500.0,0.6
24,Zprime_3500GeV_075,0.7828133621245327,3500.0,0.75
25,Zprime_4000GeV_015,0.884712430677792,4000.0,0.15
26,Zprime_4000GeV_030,0.8734945541388938,4000.0,0.3
27,Zprime_4000GeV_045,0.8434369877681279,4000.0,0.45
28,Zprime_4000GeV_060,0.8174489641663517,4000.0,0.6
29,Zprime_4000GeV_075,0.7755475842886785,4000.0,0.75
