,name,auc,mass,nu
0,Zprime_1500GeV_015,0.8749389284666678,1500.0,0.15
1,Zprime_1500GeV_030,0.8644850394249931,1500.0,0.3
2,Zprime_1500GeV_045,0.8462842486173394,1500.0,0.45
3,Zprime_1500GeV_060,0.8232631503835351,1500.0,0.6
4,Zprime_1500GeV_075,0.7911511429140669,1500.0,0.75
5,Zprime_2000GeV_015,0.8692878592696784,2000.0,0.15
6,Zprime_2000GeV_030,0.8585583054297314,2000.0,0.3
7,Zprime_2000GeV_045,0.8359481568270432,2000.0,0.45
8,Zprime_2000GeV_060,0.814099876121438,2000.0,0.6
9,Zprime_2000GeV_075,0.7921492850611588,2000.0,0.75
10,Zprime_2500GeV_015,0.8669744491734956,2500.0,0.15
11,Zprime_2500GeV_030,0.8504792247800113,2500.0,0.3
12,Zprime_2500GeV_045,0.8333859345593049,2500.0,0.45
13,Zprime_2500GeV_060,0.8105087393152114,2500.0,0.6
14,Zprime_2500GeV_075,0.7779172378872915,2500.0,0.75
15,Zprime_3000GeV_015,0.8691015942721406,3000.0,0.15
16,Zprime_3000GeV_030,0.8484639399160796,3000.0,0.3
17,Zprime_3000GeV_045,0.828380066167716,3000.0,0.45
18,Zprime_3000GeV_060,0.8025303403232091,3000.0,0.6
19,Zprime_3000GeV_075,0.7719180743862402,3000.0,0.75
20,Zprime_3500GeV_015,0.865668975239984,3500.0,0.15
21,Zprime_3500GeV_030,0.8517799587137749,3500.0,0.3
22,Zprime_3500GeV_045,0.8258412296441514,3500.0,0.45
23,Zprime_3500GeV_060,0.8041608733402219,3500.0,0.6
24,Zprime_3500GeV_075,0.7666881741222982,3500.0,0.75
25,Zprime_4000GeV_015,0.869022233784783,4000.0,0.15
26,Zprime_4000GeV_030,0.8560644489817163,4000.0,0.3
27,Zprime_4000GeV_045,0.8287006306423268,4000.0,0.45
28,Zprime_4000GeV_060,0.8026872497136256,4000.0,0.6
29,Zprime_4000GeV_075,0.7615466186183534,4000.0,0.75
