,name,auc,mass,nu
0,Zprime_1500GeV_015,0.8815594096402876,1500.0,0.15
1,Zprime_1500GeV_030,0.8757110182870259,1500.0,0.3
2,Zprime_1500GeV_045,0.8557490744744705,1500.0,0.45
3,Zprime_1500GeV_060,0.8359793592409575,1500.0,0.6
4,Zprime_1500GeV_075,0.8054416845669908,1500.0,0.75
5,Zprime_2000GeV_015,0.881656361375873,2000.0,0.15
6,Zprime_2000GeV_030,0.86785931546827,2000.0,0.3
7,Zprime_2000GeV_045,0.8477393907795908,2000.0,0.45
8,Zprime_2000GeV_060,0.8233535188021571,2000.0,0.6
9,Zprime_2000GeV_075,0.8011769506495381,2000.0,0.75
10,Zprime_2500GeV_015,0.8800703105307868,2500.0,0.15
11,Zprime_2500GeV_030,0.862821574216885,2500.0,0.3
12,Zprime_2500GeV_045,0.8447909289072866,2500.0,0.45
13,Zprime_2500GeV_060,0.8234037656499371,2500.0,0.6
14,Zprime_2500GeV_075,0.7889905864358342,2500.0,0.75
15,Zprime_3000GeV_015,0.8856377027550817,3000.0,0.15
16,Zprime_3000GeV_030,0.8644304672675442,3000.0,0.3
17,Zprime_3000GeV_045,0.8441920154810851,3000.0,0.45
18,Zprime_3000GeV_060,0.8144924781160792,3000.0,0.6
19,Zprime_3000GeV_075,0.7834928238444355,3000.0,0.75
20,Zprime_3500GeV_015,0.8811969901856505,3500.0,0.15
21,Zprime_3500GeV_030,0.8696103414712182,3500.0,0.3
22,Zprime_3500GeV_045,0.8428761940985716,3500.0,0.45
23,Zprime_3500GeV_060,0.8163749090756025,3500.0,0.6
24,Zprime_3500GeV_075,0.7793068089037858,3500.0,0.75
25,Zprime_4000GeV_015,0.8859437388533458,4000.0,0.15
26,Zprime_4000GeV_030,0.8736281510990225,4000.0,0.3
27,Zprime_4000GeV_045,0.8444325153341614,4000.0,0.45
28,Zprime_4000GeV_060,0.8141774735632977,4000.0,0.6
29,Zprime_4000GeV_075,0.7753221766808842,4000.0,0.75
