,name,auc,mass,nu
0,Zprime_1500GeV_015,0.8775396649683411,1500.0,0.15
1,Zprime_1500GeV_030,0.8614387427960363,1500.0,0.3
2,Zprime_1500GeV_045,0.8468020531655861,1500.0,0.45
3,Zprime_1500GeV_060,0.8246633852776412,1500.0,0.6
4,Zprime_1500GeV_075,0.7905626505761866,1500.0,0.75
5,Zprime_2000GeV_015,0.8683187577345504,2000.0,0.15
6,Zprime_2000GeV_030,0.8552135850444544,2000.0,0.3
7,Zprime_2000GeV_045,0.8333782922494973,2000.0,0.45
8,Zprime_2000GeV_060,0.8098080281140241,2000.0,0.6
9,Zprime_2000GeV_075,0.7881564303699556,2000.0,0.75
10,Zprime_2500GeV_015,0.8622196561988307,2500.0,0.15
11,Zprime_2500GeV_030,0.8487668219920554,2500.0,0.3
12,Zprime_2500GeV_045,0.8301855074455451,2500.0,0.45
13,Zprime_2500GeV_060,0.8063720240175837,2500.0,0.6
14,Zprime_2500GeV_075,0.7719257682236651,2500.0,0.75
15,Zprime_3000GeV_015,0.86551322297361,3000.0,0.15
16,Zprime_3000GeV_030,0.8450783731392073,3000.0,0.3
17,Zprime_3000GeV_045,0.8255596547081845,3000.0,0.45
18,Zprime_3000GeV_060,0.7977627770465436,3000.0,0.6
19,Zprime_3000GeV_075,0.7676432370874143,3000.0,0.75
20,Zprime_3500GeV_015,0.8605627063480719,3500.0,0.15
21,Zprime_3500GeV_030,0.8467821029545274,3500.0,0.3
22,Zprime_3500GeV_045,0.8240681071267387,3500.0,0.45
23,Zprime_3500GeV_060,0.7996566677351225,3500.0,0.6
24,Zprime_3500GeV_075,0.7622870203257274,3500.0,0.75
25,Zprime_4000GeV_015,0.8663036888743252,4000.0,0.15
26,Zprime_4000GeV_030,0.8524126757991117,4000.0,0.3
27,Zprime_4000GeV_045,0.8242066929823461,4000.0,0.45
28,Zprime_4000GeV_060,0.7989130915224828,4000.0,0.6
29,Zprime_4000GeV_075,0.7580490315958569,4000.0,0.75
