,name,auc,mass,nu
0,Zprime_1500GeV_015,0.8736071486623583,1500.0,0.15
1,Zprime_1500GeV_030,0.8643898715491242,1500.0,0.3
2,Zprime_1500GeV_045,0.8449600613525092,1500.0,0.45
3,Zprime_1500GeV_060,0.8227825185839265,1500.0,0.6
4,Zprime_1500GeV_075,0.7864571561393786,1500.0,0.75
5,Zprime_2000GeV_015,0.8750344789433624,2000.0,0.15
6,Zprime_2000GeV_030,0.8607579465065229,2000.0,0.3
7,Zprime_2000GeV_045,0.8402196816806058,2000.0,0.45
8,Zprime_2000GeV_060,0.8130399883925559,2000.0,0.6
9,Zprime_2000GeV_075,0.7893566076246725,2000.0,0.75
10,Zprime_2500GeV_015,0.8697827425733906,2500.0,0.15
11,Zprime_2500GeV_030,0.8550679694642059,2500.0,0.3
12,Zprime_2500GeV_045,0.8355348940027247,2500.0,0.45
13,Zprime_2500GeV_060,0.8114945819748363,2500.0,0.6
14,Zprime_2500GeV_075,0.7739293281209942,2500.0,0.75
15,Zprime_3000GeV_015,0.8735002323222,3000.0,0.15
16,Zprime_3000GeV_030,0.8531359543556185,3000.0,0.3
17,Zprime_3000GeV_045,0.830696128976591,3000.0,0.45
18,Zprime_3000GeV_060,0.8009475203493474,3000.0,0.6
19,Zprime_3000GeV_075,0.7682839197765412,3000.0,0.75
20,Zprime_3500GeV_015,0.866137451330384,3500.0,0.15
21,Zprime_3500GeV_030,0.8547448328210285,3500.0,0.3
22,Zprime_3500GeV_045,0.8282085793216499,3500.0,0.45
23,Zprime_3500GeV_060,0.803160273358467,3500.0,0.6
24,Zprime_3500GeV_075,0.7649376154870869,3500.0,0.75
25,Zprime_4000GeV_015,0.8710558297121428,4000.0,0.15
26,Zprime_4000GeV_030,0.8590237157442527,4000.0,0.3
27,Zprime_4000GeV_045,0.8294128578747011,4000.0,0.45
28,Zprime_4000GeV_060,0.8014269670388159,4000.0,0.6
29,Zprime_4000GeV_075,0.7588705842918556,4000.0,0.75
