,name,auc,mass,nu
0,Zprime_1500GeV_015,0.8334861873240254,1500.0,0.15
1,Zprime_1500GeV_030,0.8190169191444215,1500.0,0.3
2,Zprime_1500GeV_045,0.7929611963387907,1500.0,0.45
3,Zprime_1500GeV_060,0.7748683032220763,1500.0,0.6
4,Zprime_1500GeV_075,0.7156155423365685,1500.0,0.75
5,Zprime_2000GeV_015,0.8376233728707073,2000.0,0.15
6,Zprime_2000GeV_030,0.8219253244628875,2000.0,0.3
7,Zprime_2000GeV_045,0.7953776548957778,2000.0,0.45
8,Zprime_2000GeV_060,0.7669277318899076,2000.0,0.6
9,Zprime_2000GeV_075,0.7381667835249573,2000.0,0.75
10,Zprime_2500GeV_015,0.834314635348621,2500.0,0.15
11,Zprime_2500GeV_030,0.8180736811045033,2500.0,0.3
12,Zprime_2500GeV_045,0.7977271153672593,2500.0,0.45
13,Zprime_2500GeV_060,0.7665889150709277,2500.0,0.6
14,Zprime_2500GeV_075,0.7243188067044679,2500.0,0.75
15,Zprime_3000GeV_015,0.8387703884620442,3000.0,0.15
16,Zprime_3000GeV_030,0.8146944998409864,3000.0,0.3
17,Zprime_3000GeV_045,0.7921150894358684,3000.0,0.45
18,Zprime_3000GeV_060,0.7600004760379058,3000.0,0.6
19,Zprime_3000GeV_075,0.7305607056642918,3000.0,0.75
20,Zprime_3500GeV_015,0.8352771928639058,3500.0,0.15
21,Zprime_3500GeV_030,0.8202608211226559,3500.0,0.3
22,Zprime_3500GeV_045,0.789324866447899,3500.0,0.45
23,Zprime_3500GeV_060,0.7655414133564853,3500.0,0.6
24,Zprime_3500GeV_075,0.725741233724378,3500.0,0.75
25,Zprime_4000GeV_015,0.8425441476764879,4000.0,0.15
26,Zprime_4000GeV_030,0.8304045649212192,4000.0,0.3
27,Zprime_4000GeV_045,0.7946497869486088,4000.0,0.45
28,Zprime_4000GeV_060,0.767919281632049,4000.0,0.6
29,Zprime_4000GeV_075,0.7235821364031907,4000.0,0.75
