,name,auc,mass,nu
0,Zprime_1500GeV_015,0.8723200923709861,1500.0,0.15
1,Zprime_1500GeV_030,0.8619882200529612,1500.0,0.3
2,Zprime_1500GeV_045,0.8438293027191575,1500.0,0.45
3,Zprime_1500GeV_060,0.822175935167847,1500.0,0.6
4,Zprime_1500GeV_075,0.7878904377389616,1500.0,0.75
5,Zprime_2000GeV_015,0.8658736179315204,2000.0,0.15
6,Zprime_2000GeV_030,0.8536450751273398,2000.0,0.3
7,Zprime_2000GeV_045,0.8339778553807904,2000.0,0.45
8,Zprime_2000GeV_060,0.8115741915552943,2000.0,0.6
9,Zprime_2000GeV_075,0.7912834322141228,2000.0,0.75
10,Zprime_2500GeV_015,0.8583683863299207,2500.0,0.15
11,Zprime_2500GeV_030,0.8452132674827639,2500.0,0.3
12,Zprime_2500GeV_045,0.8288167723786881,2500.0,0.45
13,Zprime_2500GeV_060,0.8077113968704703,2500.0,0.6
14,Zprime_2500GeV_075,0.7745111020687603,2500.0,0.75
15,Zprime_3000GeV_015,0.8614100458632287,3000.0,0.15
16,Zprime_3000GeV_030,0.8420001376821742,3000.0,0.3
17,Zprime_3000GeV_045,0.8227640456542652,3000.0,0.45
18,Zprime_3000GeV_060,0.7979799951072131,3000.0,0.6
19,Zprime_3000GeV_075,0.7680058074287804,3000.0,0.75
20,Zprime_3500GeV_015,0.8588927280183924,3500.0,0.15
21,Zprime_3500GeV_030,0.8452191567500273,3500.0,0.3
22,Zprime_3500GeV_045,0.8196752150822432,3500.0,0.45
23,Zprime_3500GeV_060,0.7997533677774822,3500.0,0.6
24,Zprime_3500GeV_075,0.7659725301877873,3500.0,0.75
25,Zprime_4000GeV_015,0.8631384143551746,4000.0,0.15
26,Zprime_4000GeV_030,0.8506459276370699,4000.0,0.3
27,Zprime_4000GeV_045,0.8240716701458948,4000.0,0.45
28,Zprime_4000GeV_060,0.7983775464756542,4000.0,0.6
29,Zprime_4000GeV_075,0.760991982417064,4000.0,0.75
