,name,auc,mass,nu
0,Zprime_1500GeV_015,0.875240082356656,1500.0,0.15
1,Zprime_1500GeV_030,0.8713399002910116,1500.0,0.3
2,Zprime_1500GeV_045,0.8529258290418128,1500.0,0.45
3,Zprime_1500GeV_060,0.8365081727885871,1500.0,0.6
4,Zprime_1500GeV_075,0.8044183106223843,1500.0,0.75
5,Zprime_2000GeV_015,0.8770521892152462,2000.0,0.15
6,Zprime_2000GeV_030,0.8623636088906383,2000.0,0.3
7,Zprime_2000GeV_045,0.8439616439314684,2000.0,0.45
8,Zprime_2000GeV_060,0.8226677296038971,2000.0,0.6
9,Zprime_2000GeV_075,0.799197680349331,2000.0,0.75
10,Zprime_2500GeV_015,0.8727826058408487,2500.0,0.15
11,Zprime_2500GeV_030,0.8573436229180161,2500.0,0.3
12,Zprime_2500GeV_045,0.8416306999939798,2500.0,0.45
13,Zprime_2500GeV_060,0.8211513868478832,2500.0,0.6
14,Zprime_2500GeV_075,0.7856425277622843,2500.0,0.75
15,Zprime_3000GeV_015,0.8799230037167923,3000.0,0.15
16,Zprime_3000GeV_030,0.8596244988742688,3000.0,0.3
17,Zprime_3000GeV_045,0.8400385243247066,3000.0,0.45
18,Zprime_3000GeV_060,0.8125777957005363,3000.0,0.6
19,Zprime_3000GeV_075,0.7837914975312146,3000.0,0.75
20,Zprime_3500GeV_015,0.874980574995706,3500.0,0.15
21,Zprime_3500GeV_030,0.8652860195699664,3500.0,0.3
22,Zprime_3500GeV_045,0.8397469634671317,3500.0,0.45
23,Zprime_3500GeV_060,0.8128986430417469,3500.0,0.6
24,Zprime_3500GeV_075,0.7802759228223969,3500.0,0.75
25,Zprime_4000GeV_015,0.8833611229505187,4000.0,0.15
26,Zprime_4000GeV_030,0.8698661582965197,4000.0,0.3
27,Zprime_4000GeV_045,0.8411241672009294,4000.0,0.45
28,Zprime_4000GeV_060,0.814980944726652,4000.0,0.6
29,Zprime_4000GeV_075,0.7723522778276887,4000.0,0.75
