,name,auc,mass,nu
0,Zprime_1500GeV_015,0.8338971064938074,1500.0,0.15
1,Zprime_1500GeV_030,0.8078796359501836,1500.0,0.3
2,Zprime_1500GeV_045,0.7918015579267964,1500.0,0.45
3,Zprime_1500GeV_060,0.7639239323377354,1500.0,0.6
4,Zprime_1500GeV_075,0.7104726522671604,1500.0,0.75
5,Zprime_2000GeV_015,0.8254747544869108,2000.0,0.15
6,Zprime_2000GeV_030,0.8069605343183498,2000.0,0.3
7,Zprime_2000GeV_045,0.7799539040387159,2000.0,0.45
8,Zprime_2000GeV_060,0.7487317327652634,2000.0,0.6
9,Zprime_2000GeV_075,0.72324742934425,2000.0,0.75
10,Zprime_2500GeV_015,0.8218550327797328,2500.0,0.15
11,Zprime_2500GeV_030,0.8048639464775021,2500.0,0.3
12,Zprime_2500GeV_045,0.7815774515622717,2500.0,0.45
13,Zprime_2500GeV_060,0.7518067617291231,2500.0,0.6
14,Zprime_2500GeV_075,0.7137996769572268,2500.0,0.75
15,Zprime_3000GeV_015,0.8287247412474189,3000.0,0.15
16,Zprime_3000GeV_030,0.8043710624072062,3000.0,0.3
17,Zprime_3000GeV_045,0.7785541592131895,3000.0,0.45
18,Zprime_3000GeV_060,0.7489557782368566,3000.0,0.6
19,Zprime_3000GeV_075,0.7182500545496102,3000.0,0.75
20,Zprime_3500GeV_015,0.8239789482611359,3500.0,0.15
21,Zprime_3500GeV_030,0.8076783267328265,3500.0,0.3
22,Zprime_3500GeV_045,0.7774240971857149,3500.0,0.45
23,Zprime_3500GeV_060,0.7541012744848132,3500.0,0.6
24,Zprime_3500GeV_075,0.7140707962700357,3500.0,0.75
25,Zprime_4000GeV_015,0.8357137062324983,4000.0,0.15
26,Zprime_4000GeV_030,0.8194582293836068,4000.0,0.3
27,Zprime_4000GeV_045,0.785365007227702,4000.0,0.45
28,Zprime_4000GeV_060,0.7559880236966182,4000.0,0.6
29,Zprime_4000GeV_075,0.7125218782070456,4000.0,0.75
