,name,auc,mass,nu
0,Zprime_1500GeV_015,0.8182931545700657,1500.0,0.15
1,Zprime_1500GeV_030,0.8062837743592779,1500.0,0.3
2,Zprime_1500GeV_045,0.7792761343878222,1500.0,0.45
3,Zprime_1500GeV_060,0.7570113605447749,1500.0,0.6
4,Zprime_1500GeV_075,0.7070572202066338,1500.0,0.75
5,Zprime_2000GeV_015,0.8135372591093563,2000.0,0.15
6,Zprime_2000GeV_030,0.7995569453115344,2000.0,0.3
7,Zprime_2000GeV_045,0.7718069947669304,2000.0,0.45
8,Zprime_2000GeV_060,0.7453984416414938,2000.0,0.6
9,Zprime_2000GeV_075,0.7250762978568245,2000.0,0.75
10,Zprime_2500GeV_015,0.813794547209646,2500.0,0.15
11,Zprime_2500GeV_030,0.7964281478595858,2500.0,0.3
12,Zprime_2500GeV_045,0.7755868322630799,2500.0,0.45
13,Zprime_2500GeV_060,0.7472751163839506,2500.0,0.6
14,Zprime_2500GeV_075,0.7118130782414972,2500.0,0.75
15,Zprime_3000GeV_015,0.8254984324476332,3000.0,0.15
16,Zprime_3000GeV_030,0.8004347669335219,3000.0,0.3
17,Zprime_3000GeV_045,0.774784921097359,3000.0,0.45
18,Zprime_3000GeV_060,0.7446505998174614,3000.0,0.6
19,Zprime_3000GeV_075,0.7144054943006343,3000.0,0.75
20,Zprime_3500GeV_015,0.8250077188832853,3500.0,0.15
21,Zprime_3500GeV_030,0.8089152314277822,3500.0,0.3
22,Zprime_3500GeV_045,0.7787510169880995,3500.0,0.45
23,Zprime_3500GeV_060,0.7512886705610964,3500.0,0.6
24,Zprime_3500GeV_075,0.7133697413089253,3500.0,0.75
25,Zprime_4000GeV_015,0.8367260548735924,4000.0,0.15
26,Zprime_4000GeV_030,0.8183797320578535,4000.0,0.3
27,Zprime_4000GeV_045,0.7840151586528963,4000.0,0.45
28,Zprime_4000GeV_060,0.7562150684467221,4000.0,0.6
29,Zprime_4000GeV_075,0.7106031616088806,4000.0,0.75
