,name,auc,mass,nu
0,Zprime_1500GeV_015,0.8799393208191572,1500.0,0.15
1,Zprime_1500GeV_030,0.871794605929705,1500.0,0.3
2,Zprime_1500GeV_045,0.8507925687388147,1500.0,0.45
3,Zprime_1500GeV_060,0.8285058527350203,1500.0,0.6
4,Zprime_1500GeV_075,0.7949623911819348,1500.0,0.75
5,Zprime_2000GeV_015,0.8766989580512302,2000.0,0.15
6,Zprime_2000GeV_030,0.8644195636119352,2000.0,0.3
7,Zprime_2000GeV_045,0.8435094403266172,2000.0,0.45
8,Zprime_2000GeV_060,0.8205163388108517,2000.0,0.6
9,Zprime_2000GeV_075,0.7980654966694934,2000.0,0.75
10,Zprime_2500GeV_015,0.872621889484991,2500.0,0.15
11,Zprime_2500GeV_030,0.8580924998201187,2500.0,0.3
12,Zprime_2500GeV_045,0.8398450162899374,2500.0,0.45
13,Zprime_2500GeV_060,0.8167518838496095,2500.0,0.6
14,Zprime_2500GeV_075,0.7821067445732213,2500.0,0.75
15,Zprime_3000GeV_015,0.878651068941007,3000.0,0.15
16,Zprime_3000GeV_030,0.8565111526490852,3000.0,0.3
17,Zprime_3000GeV_045,0.8365338074079315,3000.0,0.45
18,Zprime_3000GeV_060,0.8081602221367957,3000.0,0.6
19,Zprime_3000GeV_075,0.7752799990260077,3000.0,0.75
20,Zprime_3500GeV_015,0.8738678119207794,3500.0,0.15
21,Zprime_3500GeV_030,0.8616211651724713,3500.0,0.3
22,Zprime_3500GeV_045,0.8336901702841825,3500.0,0.45
23,Zprime_3500GeV_060,0.8103337032469626,3500.0,0.6
24,Zprime_3500GeV_075,0.7742624188904645,3500.0,0.75
25,Zprime_4000GeV_015,0.8790801521587268,4000.0,0.15
26,Zprime_4000GeV_030,0.8684774005426569,4000.0,0.3
27,Zprime_4000GeV_045,0.8380719340541661,4000.0,0.45
28,Zprime_4000GeV_060,0.810464837946127,4000.0,0.6
29,Zprime_4000GeV_075,0.7682204924205246,4000.0,0.75
