,name,auc,mass,nu
0,Zprime_1500GeV_015,0.8857148428815115,1500.0,0.15
1,Zprime_1500GeV_030,0.8813582840036603,1500.0,0.3
2,Zprime_1500GeV_045,0.8593401047446512,1500.0,0.45
3,Zprime_1500GeV_060,0.8441539802435432,1500.0,0.6
4,Zprime_1500GeV_075,0.8045345301855551,1500.0,0.75
5,Zprime_2000GeV_015,0.8867482285923072,2000.0,0.15
6,Zprime_2000GeV_030,0.8727928627260886,2000.0,0.3
7,Zprime_2000GeV_045,0.8522531461734248,2000.0,0.45
8,Zprime_2000GeV_060,0.8277922309894772,2000.0,0.6
9,Zprime_2000GeV_075,0.8034933784230458,2000.0,0.75
10,Zprime_2500GeV_015,0.880159548958187,2500.0,0.15
11,Zprime_2500GeV_030,0.8645853521733158,2500.0,0.3
12,Zprime_2500GeV_045,0.8475802227795616,2500.0,0.45
13,Zprime_2500GeV_060,0.8258028352468928,2500.0,0.6
14,Zprime_2500GeV_075,0.7896376988651127,2500.0,0.75
15,Zprime_3000GeV_015,0.8836970316019863,3000.0,0.15
16,Zprime_3000GeV_030,0.8644123904364172,3000.0,0.3
17,Zprime_3000GeV_045,0.8441968106128369,3000.0,0.45
18,Zprime_3000GeV_060,0.8170348430646345,3000.0,0.6
19,Zprime_3000GeV_075,0.7884037890370783,3000.0,0.75
20,Zprime_3500GeV_015,0.8771658271234987,3500.0,0.15
21,Zprime_3500GeV_030,0.8676564953575833,3500.0,0.3
22,Zprime_3500GeV_045,0.8443715487773789,3500.0,0.45
23,Zprime_3500GeV_060,0.8178892350336735,3500.0,0.6
24,Zprime_3500GeV_075,0.7831016716084397,3500.0,0.75
25,Zprime_4000GeV_015,0.8851511250742112,4000.0,0.15
26,Zprime_4000GeV_030,0.8742800119655668,4000.0,0.3
27,Zprime_4000GeV_045,0.8440642636389548,4000.0,0.45
28,Zprime_4000GeV_060,0.8170641451592794,4000.0,0.6
29,Zprime_4000GeV_075,0.7761584853054639,4000.0,0.75
