,name,auc,mass,nu
0,Zprime_1500GeV_015,0.8828301179112648,1500.0,0.15
1,Zprime_1500GeV_030,0.8808896433047253,1500.0,0.3
2,Zprime_1500GeV_045,0.8602293932896572,1500.0,0.45
3,Zprime_1500GeV_060,0.8435248150014896,1500.0,0.6
4,Zprime_1500GeV_075,0.8018298093552702,1500.0,0.75
5,Zprime_2000GeV_015,0.8904435875271645,2000.0,0.15
6,Zprime_2000GeV_030,0.8768630716390012,2000.0,0.3
7,Zprime_2000GeV_045,0.8567364599412159,2000.0,0.45
8,Zprime_2000GeV_060,0.8327440543505965,2000.0,0.6
9,Zprime_2000GeV_075,0.8066181818082919,2000.0,0.75
10,Zprime_2500GeV_015,0.8853416762231128,2500.0,0.15
11,Zprime_2500GeV_030,0.8707386297836481,2500.0,0.3
12,Zprime_2500GeV_045,0.8530183584740192,2500.0,0.45
13,Zprime_2500GeV_060,0.8319108652489609,2500.0,0.6
14,Zprime_2500GeV_075,0.7943700581931095,2500.0,0.75
15,Zprime_3000GeV_015,0.8885921472557008,3000.0,0.15
16,Zprime_3000GeV_030,0.8700591632313466,3000.0,0.3
17,Zprime_3000GeV_045,0.8496636765453373,3000.0,0.45
18,Zprime_3000GeV_060,0.8211391604059073,3000.0,0.6
19,Zprime_3000GeV_075,0.7899779025508668,3000.0,0.75
20,Zprime_3500GeV_015,0.8869077710532968,3500.0,0.15
21,Zprime_3500GeV_030,0.8766280540324499,3500.0,0.3
22,Zprime_3500GeV_045,0.8531024246216269,3500.0,0.45
23,Zprime_3500GeV_060,0.8244215848253299,3500.0,0.6
24,Zprime_3500GeV_075,0.7894868076146276,3500.0,0.75
25,Zprime_4000GeV_015,0.8916713474127639,4000.0,0.15
26,Zprime_4000GeV_030,0.8811590307497514,4000.0,0.3
27,Zprime_4000GeV_045,0.8542791787342313,4000.0,0.45
28,Zprime_4000GeV_060,0.823615445992242,4000.0,0.6
29,Zprime_4000GeV_075,0.780257916353643,4000.0,0.75
