,name,auc,mass,nu
0,Zprime_1500GeV_015,0.8728855003334998,1500.0,0.15
1,Zprime_1500GeV_030,0.8624472184827242,1500.0,0.3
2,Zprime_1500GeV_045,0.8392700861056641,1500.0,0.45
3,Zprime_1500GeV_060,0.8223659674312941,1500.0,0.6
4,Zprime_1500GeV_075,0.7773606383732721,1500.0,0.75
5,Zprime_2000GeV_015,0.8762608766740431,2000.0,0.15
6,Zprime_2000GeV_030,0.8627447416630427,2000.0,0.3
7,Zprime_2000GeV_045,0.8389898666082554,2000.0,0.45
8,Zprime_2000GeV_060,0.8151953537645846,2000.0,0.6
9,Zprime_2000GeV_075,0.7888238099719196,2000.0,0.75
10,Zprime_2500GeV_015,0.8736106674953196,2500.0,0.15
11,Zprime_2500GeV_030,0.8563695327318435,2500.0,0.3
12,Zprime_2500GeV_045,0.8377719038954116,2500.0,0.45
13,Zprime_2500GeV_060,0.8120281074271352,2500.0,0.6
14,Zprime_2500GeV_075,0.7733247676656803,2500.0,0.75
15,Zprime_3000GeV_015,0.8773467155801444,3000.0,0.15
16,Zprime_3000GeV_030,0.8538596422532647,3000.0,0.3
17,Zprime_3000GeV_045,0.8339240179768592,3000.0,0.45
18,Zprime_3000GeV_060,0.8038921591537069,3000.0,0.6
19,Zprime_3000GeV_075,0.768382096122846,3000.0,0.75
20,Zprime_3500GeV_015,0.873560663168673,3500.0,0.15
21,Zprime_3500GeV_030,0.85865797734145,3500.0,0.3
22,Zprime_3500GeV_045,0.8313294040168919,3500.0,0.45
23,Zprime_3500GeV_060,0.8054863656959832,3500.0,0.6
24,Zprime_3500GeV_075,0.7641049911907525,3500.0,0.75
25,Zprime_4000GeV_015,0.8785501981913302,4000.0,0.15
26,Zprime_4000GeV_030,0.8656938515628168,4000.0,0.3
27,Zprime_4000GeV_045,0.8342290091216678,4000.0,0.45
28,Zprime_4000GeV_060,0.8040935141076466,4000.0,0.6
29,Zprime_4000GeV_075,0.7582524237483559,4000.0,0.75
