,name,auc,mass,nu
0,Zprime_1500GeV_015,0.8799516986060276,1500.0,0.15
1,Zprime_1500GeV_030,0.876935124171293,1500.0,0.3
2,Zprime_1500GeV_045,0.8559629275881826,1500.0,0.45
3,Zprime_1500GeV_060,0.838452904550987,1500.0,0.6
4,Zprime_1500GeV_075,0.8064980548221491,1500.0,0.75
5,Zprime_2000GeV_015,0.8803331514658785,2000.0,0.15
6,Zprime_2000GeV_030,0.8666332755242995,2000.0,0.3
7,Zprime_2000GeV_045,0.8490340440435757,2000.0,0.45
8,Zprime_2000GeV_060,0.8255323411631331,2000.0,0.6
9,Zprime_2000GeV_075,0.8044219440106454,2000.0,0.75
10,Zprime_2500GeV_015,0.8735064194545514,2500.0,0.15
11,Zprime_2500GeV_030,0.8593603524003799,2500.0,0.3
12,Zprime_2500GeV_045,0.8436585605198827,2500.0,0.45
13,Zprime_2500GeV_060,0.8230194017579351,2500.0,0.6
14,Zprime_2500GeV_075,0.7902879542609496,2500.0,0.75
15,Zprime_3000GeV_015,0.8762642794715526,3000.0,0.15
16,Zprime_3000GeV_030,0.85905615685482,3000.0,0.3
17,Zprime_3000GeV_045,0.8378411823640288,3000.0,0.45
18,Zprime_3000GeV_060,0.8130252058554748,3000.0,0.6
19,Zprime_3000GeV_075,0.7839727287351286,3000.0,0.75
20,Zprime_3500GeV_015,0.8737405270242216,3500.0,0.15
21,Zprime_3500GeV_030,0.8620323847102074,3500.0,0.3
22,Zprime_3500GeV_045,0.8386467621784348,3500.0,0.45
23,Zprime_3500GeV_060,0.8144946780645715,3500.0,0.6
24,Zprime_3500GeV_075,0.7820044690816897,3500.0,0.75
25,Zprime_4000GeV_015,0.8799726422167375,4000.0,0.15
26,Zprime_4000GeV_030,0.8673638466634105,4000.0,0.3
27,Zprime_4000GeV_045,0.8409094720798509,4000.0,0.45
28,Zprime_4000GeV_060,0.8140579098592067,4000.0,0.6
29,Zprime_4000GeV_075,0.7748382686131896,4000.0,0.75
