,name,auc,mass,nu
0,Zprime_1500GeV_015,0.8700493523381406,1500.0,0.15
1,Zprime_1500GeV_030,0.8638119958281995,1500.0,0.3
2,Zprime_1500GeV_045,0.847703146182851,1500.0,0.45
3,Zprime_1500GeV_060,0.8278223617636546,1500.0,0.6
4,Zprime_1500GeV_075,0.7871844004047175,1500.0,0.75
5,Zprime_2000GeV_015,0.8729252425419648,2000.0,0.15
6,Zprime_2000GeV_030,0.8608693783086729,2000.0,0.3
7,Zprime_2000GeV_045,0.8407458122323999,2000.0,0.45
8,Zprime_2000GeV_060,0.8152263275888719,2000.0,0.6
9,Zprime_2000GeV_075,0.7900651460039633,2000.0,0.75
10,Zprime_2500GeV_015,0.8678843459157737,2500.0,0.15
11,Zprime_2500GeV_030,0.8535806838752529,2500.0,0.3
12,Zprime_2500GeV_045,0.8357703203426744,2500.0,0.45
13,Zprime_2500GeV_060,0.8152138832598232,2500.0,0.6
14,Zprime_2500GeV_075,0.7773175544490507,2500.0,0.75
15,Zprime_3000GeV_015,0.8721216591996739,3000.0,0.15
16,Zprime_3000GeV_030,0.8542945039037391,3000.0,0.3
17,Zprime_3000GeV_045,0.8326569315760115,3000.0,0.45
18,Zprime_3000GeV_060,0.8053733148427892,3000.0,0.6
19,Zprime_3000GeV_075,0.7750361879566722,3000.0,0.75
20,Zprime_3500GeV_015,0.8700241683079741,3500.0,0.15
21,Zprime_3500GeV_030,0.8588222136203398,3500.0,0.3
22,Zprime_3500GeV_045,0.8343087318856723,3500.0,0.45
23,Zprime_3500GeV_060,0.808122326482696,3500.0,0.6
24,Zprime_3500GeV_075,0.773918235142452,3500.0,0.75
25,Zprime_4000GeV_015,0.8773694625140783,4000.0,0.15
26,Zprime_4000GeV_030,0.8668608555743381,4000.0,0.3
27,Zprime_4000GeV_045,0.8370672003856475,4000.0,0.45
28,Zprime_4000GeV_060,0.8074469893002603,4000.0,0.6
29,Zprime_4000GeV_075,0.7652240914179799,4000.0,0.75
