,name,auc,mass,nu
0,Zprime_1500GeV_015,0.8773430216373056,1500.0,0.15
1,Zprime_1500GeV_030,0.8676278247886098,1500.0,0.3
2,Zprime_1500GeV_045,0.84782558326721,1500.0,0.45
3,Zprime_1500GeV_060,0.828176179633629,1500.0,0.6
4,Zprime_1500GeV_075,0.7910914984203626,1500.0,0.75
5,Zprime_2000GeV_015,0.8694226649319309,2000.0,0.15
6,Zprime_2000GeV_030,0.8565256285977265,2000.0,0.3
7,Zprime_2000GeV_045,0.8354416013246005,2000.0,0.45
8,Zprime_2000GeV_060,0.8129574287168324,2000.0,0.6
9,Zprime_2000GeV_075,0.7925611448087269,2000.0,0.75
10,Zprime_2500GeV_015,0.8658034663322873,2500.0,0.15
11,Zprime_2500GeV_030,0.8506235597227662,2500.0,0.3
12,Zprime_2500GeV_045,0.8330842641906424,2500.0,0.45
13,Zprime_2500GeV_060,0.808797421799912,2500.0,0.6
14,Zprime_2500GeV_075,0.7759965466383995,2500.0,0.75
15,Zprime_3000GeV_015,0.8711959816256869,3000.0,0.15
16,Zprime_3000GeV_030,0.8494863187307268,3000.0,0.3
17,Zprime_3000GeV_045,0.8296899402614455,3000.0,0.45
18,Zprime_3000GeV_060,0.8006108441774428,3000.0,0.6
19,Zprime_3000GeV_075,0.7684192144666171,3000.0,0.75
20,Zprime_3500GeV_015,0.8642496232814956,3500.0,0.15
21,Zprime_3500GeV_030,0.8530959146332775,3500.0,0.3
22,Zprime_3500GeV_045,0.8271342002506755,3500.0,0.45
23,Zprime_3500GeV_060,0.8021750926679635,3500.0,0.6
24,Zprime_3500GeV_075,0.7638207318121266,3500.0,0.75
25,Zprime_4000GeV_015,0.8707326062499996,4000.0,0.15
26,Zprime_4000GeV_030,0.8592623877963323,4000.0,0.3
27,Zprime_4000GeV_045,0.8285581487360402,4000.0,0.45
28,Zprime_4000GeV_060,0.8025661074136697,4000.0,0.6
29,Zprime_4000GeV_075,0.7602944547638407,4000.0,0.75
