,name,auc,mass,nu
0,Zprime_1500GeV_015,0.8682585434754584,1500.0,0.15
1,Zprime_1500GeV_030,0.8604912247425383,1500.0,0.3
2,Zprime_1500GeV_045,0.8367274027811118,1500.0,0.45
3,Zprime_1500GeV_060,0.8150153944457545,1500.0,0.6
4,Zprime_1500GeV_075,0.7693325592803484,1500.0,0.75
5,Zprime_2000GeV_015,0.8699931254010961,2000.0,0.15
6,Zprime_2000GeV_030,0.8568386086935271,2000.0,0.3
7,Zprime_2000GeV_045,0.8330122416787502,2000.0,0.45
8,Zprime_2000GeV_060,0.8066100121345988,2000.0,0.6
9,Zprime_2000GeV_075,0.7817039307720245,2000.0,0.75
10,Zprime_2500GeV_015,0.8650817948016138,2500.0,0.15
11,Zprime_2500GeV_030,0.8509957477603937,2500.0,0.3
12,Zprime_2500GeV_045,0.8329761251477358,2500.0,0.45
13,Zprime_2500GeV_060,0.8054589744666744,2500.0,0.6
14,Zprime_2500GeV_075,0.7698918082532459,2500.0,0.75
15,Zprime_3000GeV_015,0.8718215069642409,3000.0,0.15
16,Zprime_3000GeV_030,0.8490527266904653,3000.0,0.3
17,Zprime_3000GeV_045,0.8265109710535801,3000.0,0.45
18,Zprime_3000GeV_060,0.7971549678229416,3000.0,0.6
19,Zprime_3000GeV_075,0.7623224050769865,3000.0,0.75
20,Zprime_3500GeV_015,0.8651899711867305,3500.0,0.15
21,Zprime_3500GeV_030,0.8508098791280008,3500.0,0.3
22,Zprime_3500GeV_045,0.8246026186648532,3500.0,0.45
23,Zprime_3500GeV_060,0.8002316491522407,3500.0,0.6
24,Zprime_3500GeV_075,0.7604466610803146,3500.0,0.75
25,Zprime_4000GeV_015,0.8681809505839378,4000.0,0.15
26,Zprime_4000GeV_030,0.8572243698104575,4000.0,0.3
27,Zprime_4000GeV_045,0.8246019249383016,4000.0,0.45
28,Zprime_4000GeV_060,0.7993518131786235,4000.0,0.6
29,Zprime_4000GeV_075,0.7518339431614451,4000.0,0.75
