,name,auc,mass,nu
0,Zprime_1500GeV_015,0.8793806856079501,1500.0,0.15
1,Zprime_1500GeV_030,0.8763519650152056,1500.0,0.3
2,Zprime_1500GeV_045,0.8622979211610593,1500.0,0.45
3,Zprime_1500GeV_060,0.8407809884092176,1500.0,0.6
4,Zprime_1500GeV_075,0.801921961842034,1500.0,0.75
5,Zprime_2000GeV_015,0.8824059665284594,2000.0,0.15
6,Zprime_2000GeV_030,0.867834467516064,2000.0,0.3
7,Zprime_2000GeV_045,0.8487965670364155,2000.0,0.45
8,Zprime_2000GeV_060,0.8260516303667206,2000.0,0.6
9,Zprime_2000GeV_075,0.8019315206790218,2000.0,0.75
10,Zprime_2500GeV_015,0.879331600044928,2500.0,0.15
11,Zprime_2500GeV_030,0.8632569912860554,2500.0,0.3
12,Zprime_2500GeV_045,0.8456527737020977,2500.0,0.45
13,Zprime_2500GeV_060,0.8238373268411309,2500.0,0.6
14,Zprime_2500GeV_075,0.7854419739824146,2500.0,0.75
15,Zprime_3000GeV_015,0.8833608248211462,3000.0,0.15
16,Zprime_3000GeV_030,0.8634207089829901,3000.0,0.3
17,Zprime_3000GeV_045,0.8423759927906919,3000.0,0.45
18,Zprime_3000GeV_060,0.8153403979007579,3000.0,0.6
19,Zprime_3000GeV_075,0.7839645473729365,3000.0,0.75
20,Zprime_3500GeV_015,0.8809851407967154,3500.0,0.15
21,Zprime_3500GeV_030,0.8676125608355769,3500.0,0.3
22,Zprime_3500GeV_045,0.842884841798421,3500.0,0.45
23,Zprime_3500GeV_060,0.8186009012193549,3500.0,0.6
24,Zprime_3500GeV_075,0.7835758239869366,3500.0,0.75
25,Zprime_4000GeV_015,0.8832051763965217,4000.0,0.15
26,Zprime_4000GeV_030,0.872195939106341,4000.0,0.3
27,Zprime_4000GeV_045,0.8441686070629157,4000.0,0.45
28,Zprime_4000GeV_060,0.8152611582920706,4000.0,0.6
29,Zprime_4000GeV_075,0.7753633511558198,4000.0,0.75
