,name,auc,mass,nu
0,Zprime_1500GeV_015,0.8809894475863783,1500.0,0.15
1,Zprime_1500GeV_030,0.8699210998209971,1500.0,0.3
2,Zprime_1500GeV_045,0.8482803574240467,1500.0,0.45
3,Zprime_1500GeV_060,0.828879988858914,1500.0,0.6
4,Zprime_1500GeV_075,0.7888770483523609,1500.0,0.75
5,Zprime_2000GeV_015,0.8762653538670848,2000.0,0.15
6,Zprime_2000GeV_030,0.86182407895587,2000.0,0.3
7,Zprime_2000GeV_045,0.8379350956391848,2000.0,0.45
8,Zprime_2000GeV_060,0.8142329757067597,2000.0,0.6
9,Zprime_2000GeV_075,0.7917390344948629,2000.0,0.75
10,Zprime_2500GeV_015,0.8711101951848017,2500.0,0.15
11,Zprime_2500GeV_030,0.855038931545377,2500.0,0.3
12,Zprime_2500GeV_045,0.8365310707609154,2500.0,0.45
13,Zprime_2500GeV_060,0.8118695424244226,2500.0,0.6
14,Zprime_2500GeV_075,0.7759076359076993,2500.0,0.75
15,Zprime_3000GeV_015,0.874744918007528,3000.0,0.15
16,Zprime_3000GeV_030,0.8540477561664817,3000.0,0.3
17,Zprime_3000GeV_045,0.8318419150790576,3000.0,0.45
18,Zprime_3000GeV_060,0.8017036336897289,3000.0,0.6
19,Zprime_3000GeV_075,0.7691658015433807,3000.0,0.75
20,Zprime_3500GeV_015,0.8697930643095193,3500.0,0.15
21,Zprime_3500GeV_030,0.8563966387568277,3500.0,0.3
22,Zprime_3500GeV_045,0.8293033874211935,3500.0,0.45
23,Zprime_3500GeV_060,0.8044836307354393,3500.0,0.6
24,Zprime_3500GeV_075,0.7666292488505007,3500.0,0.75
25,Zprime_4000GeV_015,0.8735404019283665,4000.0,0.15
26,Zprime_4000GeV_030,0.8611639906799311,4000.0,0.3
27,Zprime_4000GeV_045,0.8306706985952126,4000.0,0.45
28,Zprime_4000GeV_060,0.8035491033251234,4000.0,0.6
29,Zprime_4000GeV_075,0.7602065740824808,4000.0,0.75
