,name,auc,mass,nu
0,Zprime_1500GeV_015,0.8817182189812661,1500.0,0.15
1,Zprime_1500GeV_030,0.8777082228214811,1500.0,0.3
2,Zprime_1500GeV_045,0.8627556052575691,1500.0,0.45
3,Zprime_1500GeV_060,0.8422502622509909,1500.0,0.6
4,Zprime_1500GeV_075,0.801762979618465,1500.0,0.75
5,Zprime_2000GeV_015,0.8874993489272713,2000.0,0.15
6,Zprime_2000GeV_030,0.8741045478954348,2000.0,0.3
7,Zprime_2000GeV_045,0.8550233341433355,2000.0,0.45
8,Zprime_2000GeV_060,0.8313504275001372,2000.0,0.6
9,Zprime_2000GeV_075,0.8048961312018527,2000.0,0.75
10,Zprime_2500GeV_015,0.8815881605011554,2500.0,0.15
11,Zprime_2500GeV_030,0.8673460278766852,2500.0,0.3
12,Zprime_2500GeV_045,0.8502602534041603,2500.0,0.45
13,Zprime_2500GeV_060,0.828884831666027,2500.0,0.6
14,Zprime_2500GeV_075,0.7918061696758675,2500.0,0.75
15,Zprime_3000GeV_015,0.8855087457130709,3000.0,0.15
16,Zprime_3000GeV_030,0.8673250929047348,3000.0,0.3
17,Zprime_3000GeV_045,0.846553530469845,3000.0,0.45
18,Zprime_3000GeV_060,0.8186947554736599,3000.0,0.6
19,Zprime_3000GeV_075,0.7901862466595649,3000.0,0.75
20,Zprime_3500GeV_015,0.881266024411437,3500.0,0.15
21,Zprime_3500GeV_030,0.8712017225086878,3500.0,0.3
22,Zprime_3500GeV_045,0.847018107576791,3500.0,0.45
23,Zprime_3500GeV_060,0.8205611082722336,3500.0,0.6
24,Zprime_3500GeV_075,0.7850682179536763,3500.0,0.75
25,Zprime_4000GeV_015,0.882887697406311,4000.0,0.15
26,Zprime_4000GeV_030,0.8749302084260107,4000.0,0.3
27,Zprime_4000GeV_045,0.8466801260087556,4000.0,0.45
28,Zprime_4000GeV_060,0.8177378898743537,4000.0,0.6
29,Zprime_4000GeV_075,0.7765357438194675,4000.0,0.75
