,name,auc,mass,nu
0,Zprime_1500GeV_015,0.8714994217471643,1500.0,0.15
1,Zprime_1500GeV_030,0.8614442243600174,1500.0,0.3
2,Zprime_1500GeV_045,0.8438636180454913,1500.0,0.45
3,Zprime_1500GeV_060,0.8207793112101143,1500.0,0.6
4,Zprime_1500GeV_075,0.7776317941007899,1500.0,0.75
5,Zprime_2000GeV_015,0.8725870037088475,2000.0,0.15
6,Zprime_2000GeV_030,0.8599997085144069,2000.0,0.3
7,Zprime_2000GeV_045,0.8380723586612986,2000.0,0.45
8,Zprime_2000GeV_060,0.8096836586565744,2000.0,0.6
9,Zprime_2000GeV_075,0.7864453040645472,2000.0,0.75
10,Zprime_2500GeV_015,0.8663188740574232,2500.0,0.15
11,Zprime_2500GeV_030,0.8517842369958621,2500.0,0.3
12,Zprime_2500GeV_045,0.8333226271215557,2500.0,0.45
13,Zprime_2500GeV_060,0.8086996376259201,2500.0,0.6
14,Zprime_2500GeV_075,0.7732771083710583,2500.0,0.75
15,Zprime_3000GeV_015,0.8662360452914347,3000.0,0.15
16,Zprime_3000GeV_030,0.8478762212264761,3000.0,0.3
17,Zprime_3000GeV_045,0.8276895908168096,3000.0,0.45
18,Zprime_3000GeV_060,0.7998029074542541,3000.0,0.6
19,Zprime_3000GeV_075,0.7697149134187378,3000.0,0.75
20,Zprime_3500GeV_015,0.8612193956379717,3500.0,0.15
21,Zprime_3500GeV_030,0.8499617524445876,3500.0,0.3
22,Zprime_3500GeV_045,0.8248034405720023,3500.0,0.45
23,Zprime_3500GeV_060,0.8007547716710035,3500.0,0.6
24,Zprime_3500GeV_075,0.7654220703880367,3500.0,0.75
25,Zprime_4000GeV_015,0.8672099409954626,4000.0,0.15
26,Zprime_4000GeV_030,0.8569821608954141,4000.0,0.3
27,Zprime_4000GeV_045,0.8278384548380362,4000.0,0.45
28,Zprime_4000GeV_060,0.8006006531666514,4000.0,0.6
29,Zprime_4000GeV_075,0.7575540043298549,4000.0,0.75
