,name,auc,mass,nu
0,Zprime_1500GeV_015,0.8702885005222024,1500.0,0.15
1,Zprime_1500GeV_030,0.858498973428548,1500.0,0.3
2,Zprime_1500GeV_045,0.83753982499513,1500.0,0.45
3,Zprime_1500GeV_060,0.8166077095970712,1500.0,0.6
4,Zprime_1500GeV_075,0.7780999510566353,1500.0,0.75
5,Zprime_2000GeV_015,0.8693556095674403,2000.0,0.15
6,Zprime_2000GeV_030,0.8573004546458485,2000.0,0.3
7,Zprime_2000GeV_045,0.8334808164516359,2000.0,0.45
8,Zprime_2000GeV_060,0.8087119926352305,2000.0,0.6
9,Zprime_2000GeV_075,0.7834481246193493,2000.0,0.75
10,Zprime_2500GeV_015,0.8655205385025369,2500.0,0.15
11,Zprime_2500GeV_030,0.851702858000774,2500.0,0.3
12,Zprime_2500GeV_045,0.8327606087894532,2500.0,0.45
13,Zprime_2500GeV_060,0.8077700630146913,2500.0,0.6
14,Zprime_2500GeV_075,0.7685547198335224,2500.0,0.75
15,Zprime_3000GeV_015,0.8681379493572893,3000.0,0.15
16,Zprime_3000GeV_030,0.847912274126015,3000.0,0.3
17,Zprime_3000GeV_045,0.8279062362866318,3000.0,0.45
18,Zprime_3000GeV_060,0.8006833471997865,3000.0,0.6
19,Zprime_3000GeV_075,0.7693805245241836,3000.0,0.75
20,Zprime_3500GeV_015,0.8644172065422245,3500.0,0.15
21,Zprime_3500GeV_030,0.8492293745722302,3500.0,0.3
22,Zprime_3500GeV_045,0.8244003275785898,3500.0,0.45
23,Zprime_3500GeV_060,0.8011410578640665,3500.0,0.6
24,Zprime_3500GeV_075,0.7617142795754372,3500.0,0.75
25,Zprime_4000GeV_015,0.8678153131833234,4000.0,0.15
26,Zprime_4000GeV_030,0.8562792613940703,4000.0,0.3
27,Zprime_4000GeV_045,0.826424087587892,4000.0,0.45
28,Zprime_4000GeV_060,0.8001733912631938,4000.0,0.6
29,Zprime_4000GeV_075,0.7564824786794249,4000.0,0.75
