,name,auc,mass,nu
0,Zprime_1500GeV_015,0.8260528592220585,1500.0,0.15
1,Zprime_1500GeV_030,0.8056815287936651,1500.0,0.3
2,Zprime_1500GeV_045,0.7873080071217754,1500.0,0.45
3,Zprime_1500GeV_060,0.7596496076690684,1500.0,0.6
4,Zprime_1500GeV_075,0.7137471000916921,1500.0,0.75
5,Zprime_2000GeV_015,0.8211681162974702,2000.0,0.15
6,Zprime_2000GeV_030,0.8076447062990821,2000.0,0.3
7,Zprime_2000GeV_045,0.7827045835087387,2000.0,0.45
8,Zprime_2000GeV_060,0.7553315141941002,2000.0,0.6
9,Zprime_2000GeV_075,0.7261323060682725,2000.0,0.75
10,Zprime_2500GeV_015,0.8202625105465645,2500.0,0.15
11,Zprime_2500GeV_030,0.8028930344010232,2500.0,0.3
12,Zprime_2500GeV_045,0.7829389423376462,2500.0,0.45
13,Zprime_2500GeV_060,0.7547896513880832,2500.0,0.6
14,Zprime_2500GeV_075,0.7141591943991469,2500.0,0.75
15,Zprime_3000GeV_015,0.8256577798519517,3000.0,0.15
16,Zprime_3000GeV_030,0.8021712561497247,3000.0,0.3
17,Zprime_3000GeV_045,0.7792655819672357,3000.0,0.45
18,Zprime_3000GeV_060,0.7504701874653278,3000.0,0.6
19,Zprime_3000GeV_075,0.7203687251434459,3000.0,0.75
20,Zprime_3500GeV_015,0.8203428333126263,3500.0,0.15
21,Zprime_3500GeV_030,0.8060791747723858,3500.0,0.3
22,Zprime_3500GeV_045,0.7788454442912943,3500.0,0.45
23,Zprime_3500GeV_060,0.7550349389278774,3500.0,0.6
24,Zprime_3500GeV_075,0.7162901357913283,3500.0,0.75
25,Zprime_4000GeV_015,0.8324138771499214,4000.0,0.15
26,Zprime_4000GeV_030,0.8164531536258937,4000.0,0.3
27,Zprime_4000GeV_045,0.7832186788720343,4000.0,0.45
28,Zprime_4000GeV_060,0.7550508497299953,4000.0,0.6
29,Zprime_4000GeV_075,0.7153399400878645,4000.0,0.75
