,name,auc,mass,nu
0,Zprime_1500GeV_015,0.8801356138354698,1500.0,0.15
1,Zprime_1500GeV_030,0.8771996261441278,1500.0,0.3
2,Zprime_1500GeV_045,0.8543247413612676,1500.0,0.45
3,Zprime_1500GeV_060,0.8389341291908958,1500.0,0.6
4,Zprime_1500GeV_075,0.8033336877123135,1500.0,0.75
5,Zprime_2000GeV_015,0.8815565757935466,2000.0,0.15
6,Zprime_2000GeV_030,0.866609332064859,2000.0,0.3
7,Zprime_2000GeV_045,0.8483315383992307,2000.0,0.45
8,Zprime_2000GeV_060,0.8247572285319322,2000.0,0.6
9,Zprime_2000GeV_075,0.8023831340033692,2000.0,0.75
10,Zprime_2500GeV_015,0.8772451284973226,2500.0,0.15
11,Zprime_2500GeV_030,0.8627042897491939,2500.0,0.3
12,Zprime_2500GeV_045,0.8430771155090983,2500.0,0.45
13,Zprime_2500GeV_060,0.8210337348133314,2500.0,0.6
14,Zprime_2500GeV_075,0.7871400700437192,2500.0,0.75
15,Zprime_3000GeV_015,0.8818013523661759,3000.0,0.15
16,Zprime_3000GeV_030,0.8630309436857537,3000.0,0.3
17,Zprime_3000GeV_045,0.8390689581330479,3000.0,0.45
18,Zprime_3000GeV_060,0.8136163852780658,3000.0,0.6
19,Zprime_3000GeV_075,0.7829711270877693,3000.0,0.75
20,Zprime_3500GeV_015,0.8794544236820304,3500.0,0.15
21,Zprime_3500GeV_030,0.8660111324022223,3500.0,0.3
22,Zprime_3500GeV_045,0.8411121935097098,3500.0,0.45
23,Zprime_3500GeV_060,0.8165830102025365,3500.0,0.6
24,Zprime_3500GeV_075,0.7809528490395772,3500.0,0.75
25,Zprime_4000GeV_015,0.882073092519901,4000.0,0.15
26,Zprime_4000GeV_030,0.8710676514503635,4000.0,0.3
27,Zprime_4000GeV_045,0.8418333713072401,4000.0,0.45
28,Zprime_4000GeV_060,0.8140091952441155,4000.0,0.6
29,Zprime_4000GeV_075,0.7767234743442752,4000.0,0.75
