,name,auc,mass,nu
0,Zprime_1500GeV_015,0.8457651854426017,1500.0,0.15
1,Zprime_1500GeV_030,0.825661235119205,1500.0,0.3
2,Zprime_1500GeV_045,0.8058590921559228,1500.0,0.45
3,Zprime_1500GeV_060,0.7782822549316767,1500.0,0.6
4,Zprime_1500GeV_075,0.729043506019141,1500.0,0.75
5,Zprime_2000GeV_015,0.8349967871298176,2000.0,0.15
6,Zprime_2000GeV_030,0.8212442243443785,2000.0,0.3
7,Zprime_2000GeV_045,0.7972980252302326,2000.0,0.45
8,Zprime_2000GeV_060,0.7685491788185118,2000.0,0.6
9,Zprime_2000GeV_075,0.7436654012609091,2000.0,0.75
10,Zprime_2500GeV_015,0.8284024185425201,2500.0,0.15
11,Zprime_2500GeV_030,0.8141136412455854,2500.0,0.3
12,Zprime_2500GeV_045,0.7934394614155587,2500.0,0.45
13,Zprime_2500GeV_060,0.7667333167743606,2500.0,0.6
14,Zprime_2500GeV_075,0.7300590557997406,2500.0,0.75
15,Zprime_3000GeV_015,0.8330171037222901,3000.0,0.15
16,Zprime_3000GeV_030,0.8115351705506697,3000.0,0.3
17,Zprime_3000GeV_045,0.7885797167457566,3000.0,0.45
18,Zprime_3000GeV_060,0.76035877762002,3000.0,0.6
19,Zprime_3000GeV_075,0.7314189391929213,3000.0,0.75
20,Zprime_3500GeV_015,0.8301530690338362,3500.0,0.15
21,Zprime_3500GeV_030,0.8165712135952986,3500.0,0.3
22,Zprime_3500GeV_045,0.7906599597214318,3500.0,0.45
23,Zprime_3500GeV_060,0.7657657838125222,3500.0,0.6
24,Zprime_3500GeV_075,0.7265604078037042,3500.0,0.75
25,Zprime_4000GeV_015,0.8428340672982859,4000.0,0.15
26,Zprime_4000GeV_030,0.8289829256900174,4000.0,0.3
27,Zprime_4000GeV_045,0.7946009687797366,4000.0,0.45
28,Zprime_4000GeV_060,0.7656741513955009,4000.0,0.6
29,Zprime_4000GeV_075,0.7221284475297294,4000.0,0.75
