,name,auc,mass,nu
0,Zprime_1500GeV_015,0.8815281148583887,1500.0,0.15
1,Zprime_1500GeV_030,0.8757781179135926,1500.0,0.3
2,Zprime_1500GeV_045,0.8600868062456749,1500.0,0.45
3,Zprime_1500GeV_060,0.8388947861528027,1500.0,0.6
4,Zprime_1500GeV_075,0.8012462699519551,1500.0,0.75
5,Zprime_2000GeV_015,0.8856259227517644,2000.0,0.15
6,Zprime_2000GeV_030,0.8697070320626302,2000.0,0.3
7,Zprime_2000GeV_045,0.8515414757172417,2000.0,0.45
8,Zprime_2000GeV_060,0.8273130920065666,2000.0,0.6
9,Zprime_2000GeV_075,0.8029271052669273,2000.0,0.75
10,Zprime_2500GeV_015,0.877575588022085,2500.0,0.15
11,Zprime_2500GeV_030,0.8633311891866229,2500.0,0.3
12,Zprime_2500GeV_045,0.8467274241558403,2500.0,0.45
13,Zprime_2500GeV_060,0.8245436823328212,2500.0,0.6
14,Zprime_2500GeV_075,0.7885425782285731,2500.0,0.75
15,Zprime_3000GeV_015,0.8819033653756254,3000.0,0.15
16,Zprime_3000GeV_030,0.8635030119688573,3000.0,0.3
17,Zprime_3000GeV_045,0.8421570749480889,3000.0,0.45
18,Zprime_3000GeV_060,0.815360950225011,3000.0,0.6
19,Zprime_3000GeV_075,0.7853400955565836,3000.0,0.75
20,Zprime_3500GeV_015,0.8796759247178361,3500.0,0.15
21,Zprime_3500GeV_030,0.8685416498566004,3500.0,0.3
22,Zprime_3500GeV_045,0.8437540751123216,3500.0,0.45
23,Zprime_3500GeV_060,0.81633801479709,3500.0,0.6
24,Zprime_3500GeV_075,0.7840472906192257,3500.0,0.75
25,Zprime_4000GeV_015,0.8870108714307534,4000.0,0.15
26,Zprime_4000GeV_030,0.8740832715989979,4000.0,0.3
27,Zprime_4000GeV_045,0.8446769100102876,4000.0,0.45
28,Zprime_4000GeV_060,0.8178719510615485,4000.0,0.6
29,Zprime_4000GeV_075,0.7750107276576151,4000.0,0.75
