,name,auc,mass,nu
0,Zprime_1500GeV_015,0.8790622495249731,1500.0,0.15
1,Zprime_1500GeV_030,0.8761513265649006,1500.0,0.3
2,Zprime_1500GeV_045,0.85537550410587,1500.0,0.45
3,Zprime_1500GeV_060,0.8363388360410685,1500.0,0.6
4,Zprime_1500GeV_075,0.8059147944574012,1500.0,0.75
5,Zprime_2000GeV_015,0.8795980259884992,2000.0,0.15
6,Zprime_2000GeV_030,0.8639122626316595,2000.0,0.3
7,Zprime_2000GeV_045,0.8458199236164272,2000.0,0.45
8,Zprime_2000GeV_060,0.8232615038122209,2000.0,0.6
9,Zprime_2000GeV_075,0.8000467841124219,2000.0,0.75
10,Zprime_2500GeV_015,0.8753227405097755,2500.0,0.15
11,Zprime_2500GeV_030,0.8584004625757663,2500.0,0.3
12,Zprime_2500GeV_045,0.8436217874666718,2500.0,0.45
13,Zprime_2500GeV_060,0.8197029297028002,2500.0,0.6
14,Zprime_2500GeV_075,0.784987246329408,2500.0,0.75
15,Zprime_3000GeV_015,0.8796995199510009,3000.0,0.15
16,Zprime_3000GeV_030,0.8606388720911845,3000.0,0.3
17,Zprime_3000GeV_045,0.8385971455142871,3000.0,0.45
18,Zprime_3000GeV_060,0.8117120699641373,3000.0,0.6
19,Zprime_3000GeV_075,0.7827625563186409,3000.0,0.75
20,Zprime_3500GeV_015,0.8749273022865615,3500.0,0.15
21,Zprime_3500GeV_030,0.8637357766464177,3500.0,0.3
22,Zprime_3500GeV_045,0.8409984344129803,3500.0,0.45
23,Zprime_3500GeV_060,0.8140998783141165,3500.0,0.6
24,Zprime_3500GeV_075,0.7802351746809334,3500.0,0.75
25,Zprime_4000GeV_015,0.8825614078763265,4000.0,0.15
26,Zprime_4000GeV_030,0.869740628031867,4000.0,0.3
27,Zprime_4000GeV_045,0.8405869470653059,4000.0,0.45
28,Zprime_4000GeV_060,0.8138268716882125,4000.0,0.6
29,Zprime_4000GeV_075,0.7726180935496332,4000.0,0.75
