,name,auc,mass,nu
0,Zprime_1500GeV_015,0.8445880112025979,1500.0,0.15
1,Zprime_1500GeV_030,0.8146694445207608,1500.0,0.3
2,Zprime_1500GeV_045,0.7971546390258268,1500.0,0.45
3,Zprime_1500GeV_060,0.7701119454949096,1500.0,0.6
4,Zprime_1500GeV_075,0.7100215166639043,1500.0,0.75
5,Zprime_2000GeV_015,0.8357435100181808,2000.0,0.15
6,Zprime_2000GeV_030,0.8179222101407018,2000.0,0.3
7,Zprime_2000GeV_045,0.7939974380357944,2000.0,0.45
8,Zprime_2000GeV_060,0.7626775820970906,2000.0,0.6
9,Zprime_2000GeV_075,0.7336786636343344,2000.0,0.75
10,Zprime_2500GeV_015,0.8339291430802029,2500.0,0.15
11,Zprime_2500GeV_030,0.8164832911809827,2500.0,0.3
12,Zprime_2500GeV_045,0.7931723892366744,2500.0,0.45
13,Zprime_2500GeV_060,0.7630860964362987,2500.0,0.6
14,Zprime_2500GeV_075,0.7236705698518086,2500.0,0.75
15,Zprime_3000GeV_015,0.8365061333291648,3000.0,0.15
16,Zprime_3000GeV_030,0.8134905718040248,3000.0,0.3
17,Zprime_3000GeV_045,0.7881197525904766,3000.0,0.45
18,Zprime_3000GeV_060,0.7588380450658272,3000.0,0.6
19,Zprime_3000GeV_075,0.7251121882782278,3000.0,0.75
20,Zprime_3500GeV_015,0.8301728591697899,3500.0,0.15
21,Zprime_3500GeV_030,0.8127720051389831,3500.0,0.3
22,Zprime_3500GeV_045,0.7849001638860003,3500.0,0.45
23,Zprime_3500GeV_060,0.7617083620556072,3500.0,0.6
24,Zprime_3500GeV_075,0.7203813759614972,3500.0,0.75
25,Zprime_4000GeV_015,0.8367325041887068,4000.0,0.15
26,Zprime_4000GeV_030,0.8226996318938944,4000.0,0.3
27,Zprime_4000GeV_045,0.7875719424247312,4000.0,0.45
28,Zprime_4000GeV_060,0.7605127487572696,4000.0,0.6
29,Zprime_4000GeV_075,0.7151321448443064,4000.0,0.75
