,name,auc,mass,nu
0,Zprime_1500GeV_015,0.8747754482627191,1500.0,0.15
1,Zprime_1500GeV_030,0.8662127887661488,1500.0,0.3
2,Zprime_1500GeV_045,0.8463360235817118,1500.0,0.45
3,Zprime_1500GeV_060,0.8305148268281145,1500.0,0.6
4,Zprime_1500GeV_075,0.7975674254841458,1500.0,0.75
5,Zprime_2000GeV_015,0.8701256753783044,2000.0,0.15
6,Zprime_2000GeV_030,0.8547083661041303,2000.0,0.3
7,Zprime_2000GeV_045,0.836054502869803,2000.0,0.45
8,Zprime_2000GeV_060,0.8154327825617452,2000.0,0.6
9,Zprime_2000GeV_075,0.7911053570415144,2000.0,0.75
10,Zprime_2500GeV_015,0.8672808346914389,2500.0,0.15
11,Zprime_2500GeV_030,0.8490633759102114,2500.0,0.3
12,Zprime_2500GeV_045,0.8343283911400476,2500.0,0.45
13,Zprime_2500GeV_060,0.8122868110979223,2500.0,0.6
14,Zprime_2500GeV_075,0.7778242629756968,2500.0,0.75
15,Zprime_3000GeV_015,0.8714983764488973,3000.0,0.15
16,Zprime_3000GeV_030,0.8525327635510788,3000.0,0.3
17,Zprime_3000GeV_045,0.8308132719193646,3000.0,0.45
18,Zprime_3000GeV_060,0.8040789427991106,3000.0,0.6
19,Zprime_3000GeV_075,0.7762132247769468,3000.0,0.75
20,Zprime_3500GeV_015,0.8641535936550049,3500.0,0.15
21,Zprime_3500GeV_030,0.8537149255597571,3500.0,0.3
22,Zprime_3500GeV_045,0.8299633649959409,3500.0,0.45
23,Zprime_3500GeV_060,0.8065849045349506,3500.0,0.6
24,Zprime_3500GeV_075,0.7730673262859353,3500.0,0.75
25,Zprime_4000GeV_015,0.8720736585089762,4000.0,0.15
26,Zprime_4000GeV_030,0.8603772467212711,4000.0,0.3
27,Zprime_4000GeV_045,0.8316542703812854,4000.0,0.45
28,Zprime_4000GeV_060,0.8057213024327203,4000.0,0.6
29,Zprime_4000GeV_075,0.7653003930845609,4000.0,0.75
