,name,auc,mass,nu
0,Zprime_1500GeV_015,0.8753032557783248,1500.0,0.15
1,Zprime_1500GeV_030,0.8698471977716584,1500.0,0.3
2,Zprime_1500GeV_045,0.8466527677699036,1500.0,0.45
3,Zprime_1500GeV_060,0.8277923424866438,1500.0,0.6
4,Zprime_1500GeV_075,0.7812546913359083,1500.0,0.75
5,Zprime_2000GeV_015,0.8811082640872202,2000.0,0.15
6,Zprime_2000GeV_030,0.8688778255202054,2000.0,0.3
7,Zprime_2000GeV_045,0.8452237450007093,2000.0,0.45
8,Zprime_2000GeV_060,0.8183251324985173,2000.0,0.6
9,Zprime_2000GeV_075,0.7909389540992602,2000.0,0.75
10,Zprime_2500GeV_015,0.8785605102829607,2500.0,0.15
11,Zprime_2500GeV_030,0.8614739760876834,2500.0,0.3
12,Zprime_2500GeV_045,0.8425137943602534,2500.0,0.45
13,Zprime_2500GeV_060,0.8181802987271634,2500.0,0.6
14,Zprime_2500GeV_075,0.7787489860546032,2500.0,0.75
15,Zprime_3000GeV_015,0.8808087187063778,3000.0,0.15
16,Zprime_3000GeV_030,0.8594790781235299,3000.0,0.3
17,Zprime_3000GeV_045,0.8378951335015703,3000.0,0.45
18,Zprime_3000GeV_060,0.8086420437939353,3000.0,0.6
19,Zprime_3000GeV_075,0.7755342580618365,3000.0,0.75
20,Zprime_3500GeV_015,0.8724917037218504,3500.0,0.15
21,Zprime_3500GeV_030,0.861210683380587,3500.0,0.3
22,Zprime_3500GeV_045,0.835333781873097,3500.0,0.45
23,Zprime_3500GeV_060,0.8103630328475449,3500.0,0.6
24,Zprime_3500GeV_075,0.7733226440634267,3500.0,0.75
25,Zprime_4000GeV_015,0.8773868721406716,4000.0,0.15
26,Zprime_4000GeV_030,0.8680121990375498,4000.0,0.3
27,Zprime_4000GeV_045,0.83644970789766,4000.0,0.45
28,Zprime_4000GeV_060,0.8099984353981743,4000.0,0.6
29,Zprime_4000GeV_075,0.7659902013945983,4000.0,0.75
