,name,auc,mass,nu
0,Zprime_1500GeV_015,0.8496442203675783,1500.0,0.15
1,Zprime_1500GeV_030,0.8278797495440395,1500.0,0.3
2,Zprime_1500GeV_045,0.8040228653176699,1500.0,0.45
3,Zprime_1500GeV_060,0.7800635244549856,1500.0,0.6
4,Zprime_1500GeV_075,0.721265445482282,1500.0,0.75
5,Zprime_2000GeV_015,0.8447221276277534,2000.0,0.15
6,Zprime_2000GeV_030,0.8257615598697927,2000.0,0.3
7,Zprime_2000GeV_045,0.8000959643264454,2000.0,0.45
8,Zprime_2000GeV_060,0.7678398907936311,2000.0,0.6
9,Zprime_2000GeV_075,0.7386985839386122,2000.0,0.75
10,Zprime_2500GeV_015,0.844883650467849,2500.0,0.15
11,Zprime_2500GeV_030,0.8249776359476773,2500.0,0.3
12,Zprime_2500GeV_045,0.8012949368023561,2500.0,0.45
13,Zprime_2500GeV_060,0.7699480804986992,2500.0,0.6
14,Zprime_2500GeV_075,0.7277673725715368,2500.0,0.75
15,Zprime_3000GeV_015,0.8482819370140859,3000.0,0.15
16,Zprime_3000GeV_030,0.8243314308190706,3000.0,0.3
17,Zprime_3000GeV_045,0.7996486335320134,3000.0,0.45
18,Zprime_3000GeV_060,0.7658804717562322,3000.0,0.6
19,Zprime_3000GeV_075,0.7329486380557595,3000.0,0.75
20,Zprime_3500GeV_015,0.8419591265778069,3500.0,0.15
21,Zprime_3500GeV_030,0.8243377241437011,3500.0,0.3
22,Zprime_3500GeV_045,0.7970335004825231,3500.0,0.45
23,Zprime_3500GeV_060,0.7691680833744536,3500.0,0.6
24,Zprime_3500GeV_075,0.7274988397576383,3500.0,0.75
25,Zprime_4000GeV_015,0.8503573343479316,4000.0,0.15
26,Zprime_4000GeV_030,0.8352135448157986,4000.0,0.3
27,Zprime_4000GeV_045,0.7977477619676218,4000.0,0.45
28,Zprime_4000GeV_060,0.7689881275596933,4000.0,0.6
29,Zprime_4000GeV_075,0.7236839648508486,4000.0,0.75
