,name,auc,mass,nu
0,Zprime_1500GeV_015,0.8826033475140732,1500.0,0.15
1,Zprime_1500GeV_030,0.8691115454681863,1500.0,0.3
2,Zprime_1500GeV_045,0.8540688313836007,1500.0,0.45
3,Zprime_1500GeV_060,0.8307297583841631,1500.0,0.6
4,Zprime_1500GeV_075,0.7956250380190049,1500.0,0.75
5,Zprime_2000GeV_015,0.8763838912553836,2000.0,0.15
6,Zprime_2000GeV_030,0.8636170737379024,2000.0,0.3
7,Zprime_2000GeV_045,0.8435197935217329,2000.0,0.45
8,Zprime_2000GeV_060,0.8209315498286412,2000.0,0.6
9,Zprime_2000GeV_075,0.7999598429946765,2000.0,0.75
10,Zprime_2500GeV_015,0.8729873814623865,2500.0,0.15
11,Zprime_2500GeV_030,0.8578845363342243,2500.0,0.3
12,Zprime_2500GeV_045,0.8402359978982623,2500.0,0.45
13,Zprime_2500GeV_060,0.8174660295192515,2500.0,0.6
14,Zprime_2500GeV_075,0.783755840160209,2500.0,0.75
15,Zprime_3000GeV_015,0.8742308047595494,3000.0,0.15
16,Zprime_3000GeV_030,0.8542616854873617,3000.0,0.3
17,Zprime_3000GeV_045,0.8346946641512398,3000.0,0.45
18,Zprime_3000GeV_060,0.8070754716752353,3000.0,0.6
19,Zprime_3000GeV_075,0.7761636077294574,3000.0,0.75
20,Zprime_3500GeV_015,0.8684015353834973,3500.0,0.15
21,Zprime_3500GeV_030,0.8560685315588985,3500.0,0.3
22,Zprime_3500GeV_045,0.8309328837322892,3500.0,0.45
23,Zprime_3500GeV_060,0.80861606009591,3500.0,0.6
24,Zprime_3500GeV_075,0.7707705728159512,3500.0,0.75
25,Zprime_4000GeV_015,0.8719372184900385,4000.0,0.15
26,Zprime_4000GeV_030,0.8603906565386041,4000.0,0.3
27,Zprime_4000GeV_045,0.8328194879881783,4000.0,0.45
28,Zprime_4000GeV_060,0.8071144175498355,4000.0,0.6
29,Zprime_4000GeV_075,0.766110882317582,4000.0,0.75
