,name,auc,mass,nu
0,Zprime_1500GeV_015,0.8861842646099924,1500.0,0.15
1,Zprime_1500GeV_030,0.8816989995287176,1500.0,0.3
2,Zprime_1500GeV_045,0.859274109509046,1500.0,0.45
3,Zprime_1500GeV_060,0.8424567323591206,1500.0,0.6
4,Zprime_1500GeV_075,0.8123664451658521,1500.0,0.75
5,Zprime_2000GeV_015,0.885116992357967,2000.0,0.15
6,Zprime_2000GeV_030,0.8699491972012332,2000.0,0.3
7,Zprime_2000GeV_045,0.8518528416430796,2000.0,0.45
8,Zprime_2000GeV_060,0.8287742727538511,2000.0,0.6
9,Zprime_2000GeV_075,0.8065947240249585,2000.0,0.75
10,Zprime_2500GeV_015,0.8817767915811237,2500.0,0.15
11,Zprime_2500GeV_030,0.8650616610243829,2500.0,0.3
12,Zprime_2500GeV_045,0.8489723927879008,2500.0,0.45
13,Zprime_2500GeV_060,0.8264253445882026,2500.0,0.6
14,Zprime_2500GeV_075,0.7965562759271032,2500.0,0.75
15,Zprime_3000GeV_015,0.8860857503565138,3000.0,0.15
16,Zprime_3000GeV_030,0.8659487900906883,3000.0,0.3
17,Zprime_3000GeV_045,0.8449404670456437,3000.0,0.45
18,Zprime_3000GeV_060,0.8180900563805424,3000.0,0.6
19,Zprime_3000GeV_075,0.790131988469935,3000.0,0.75
20,Zprime_3500GeV_015,0.8791916505976279,3500.0,0.15
21,Zprime_3500GeV_030,0.8685050927931112,3500.0,0.3
22,Zprime_3500GeV_045,0.8436694485356226,3500.0,0.45
23,Zprime_3500GeV_060,0.8186945503506676,3500.0,0.6
24,Zprime_3500GeV_075,0.7839196854454041,3500.0,0.75
25,Zprime_4000GeV_015,0.882927591530407,4000.0,0.15
26,Zprime_4000GeV_030,0.8732168820256851,4000.0,0.3
27,Zprime_4000GeV_045,0.8430427964359684,4000.0,0.45
28,Zprime_4000GeV_060,0.8163469335937452,4000.0,0.6
29,Zprime_4000GeV_075,0.7775907021430959,4000.0,0.75
