,name,auc,mass,nu
0,Zprime_1500GeV_015,0.8740144479133386,1500.0,0.15
1,Zprime_1500GeV_030,0.8627670644388885,1500.0,0.3
2,Zprime_1500GeV_045,0.8403061344383345,1500.0,0.45
3,Zprime_1500GeV_060,0.821834243576737,1500.0,0.6
4,Zprime_1500GeV_075,0.782007467630131,1500.0,0.75
5,Zprime_2000GeV_015,0.8717167877604981,2000.0,0.15
6,Zprime_2000GeV_030,0.8572444614238786,2000.0,0.3
7,Zprime_2000GeV_045,0.8364002178259012,2000.0,0.45
8,Zprime_2000GeV_060,0.8103357824735514,2000.0,0.6
9,Zprime_2000GeV_075,0.784295075252569,2000.0,0.75
10,Zprime_2500GeV_015,0.8651489660157701,2500.0,0.15
11,Zprime_2500GeV_030,0.8491857377151549,2500.0,0.3
12,Zprime_2500GeV_045,0.83113131037413,2500.0,0.45
13,Zprime_2500GeV_060,0.808272544026496,2500.0,0.6
14,Zprime_2500GeV_075,0.7722417311936667,2500.0,0.75
15,Zprime_3000GeV_015,0.8661862631406986,3000.0,0.15
16,Zprime_3000GeV_030,0.8461854027109886,3000.0,0.3
17,Zprime_3000GeV_045,0.825239566672022,3000.0,0.45
18,Zprime_3000GeV_060,0.7979424734745277,3000.0,0.6
19,Zprime_3000GeV_075,0.7677271230332675,3000.0,0.75
20,Zprime_3500GeV_015,0.8575221819917456,3500.0,0.15
21,Zprime_3500GeV_030,0.8475774772964686,3500.0,0.3
22,Zprime_3500GeV_045,0.8218858833162326,3500.0,0.45
23,Zprime_3500GeV_060,0.798003291399275,3500.0,0.6
24,Zprime_3500GeV_075,0.7621810622663401,3500.0,0.75
25,Zprime_4000GeV_015,0.8611211707896351,4000.0,0.15
26,Zprime_4000GeV_030,0.850706829769386,4000.0,0.3
27,Zprime_4000GeV_045,0.8219804948514036,4000.0,0.45
28,Zprime_4000GeV_060,0.7977524822438684,4000.0,0.6
29,Zprime_4000GeV_075,0.7542431863977259,4000.0,0.75
