,name,auc,mass,nu
0,Zprime_1500GeV_015,0.8708114036316894,1500.0,0.15
1,Zprime_1500GeV_030,0.8650512915885599,1500.0,0.3
2,Zprime_1500GeV_045,0.8474460283056969,1500.0,0.45
3,Zprime_1500GeV_060,0.8240378309719606,1500.0,0.6
4,Zprime_1500GeV_075,0.7866524133766626,1500.0,0.75
5,Zprime_2000GeV_015,0.8727596433611567,2000.0,0.15
6,Zprime_2000GeV_030,0.8601051331193201,2000.0,0.3
7,Zprime_2000GeV_045,0.8364226069668541,2000.0,0.45
8,Zprime_2000GeV_060,0.81186080751061,2000.0,0.6
9,Zprime_2000GeV_075,0.7892739501021444,2000.0,0.75
10,Zprime_2500GeV_015,0.8685285416855071,2500.0,0.15
11,Zprime_2500GeV_030,0.8543290196667118,2500.0,0.3
12,Zprime_2500GeV_045,0.8348646840947824,2500.0,0.45
13,Zprime_2500GeV_060,0.8097355060178397,2500.0,0.6
14,Zprime_2500GeV_075,0.774552407693917,2500.0,0.75
15,Zprime_3000GeV_015,0.8740505485221297,3000.0,0.15
16,Zprime_3000GeV_030,0.8522872350426767,3000.0,0.3
17,Zprime_3000GeV_045,0.8311361614462942,3000.0,0.45
18,Zprime_3000GeV_060,0.8026680287704409,3000.0,0.6
19,Zprime_3000GeV_075,0.7700399660622418,3000.0,0.75
20,Zprime_3500GeV_015,0.8673547150863055,3500.0,0.15
21,Zprime_3500GeV_030,0.8558599813458503,3500.0,0.3
22,Zprime_3500GeV_045,0.8291528709508029,3500.0,0.45
23,Zprime_3500GeV_060,0.8050487807070243,3500.0,0.6
24,Zprime_3500GeV_075,0.7658894439431051,3500.0,0.75
25,Zprime_4000GeV_015,0.8725341149386366,4000.0,0.15
26,Zprime_4000GeV_030,0.8618498111050386,4000.0,0.3
27,Zprime_4000GeV_045,0.8321342941871119,4000.0,0.45
28,Zprime_4000GeV_060,0.8042982281259774,4000.0,0.6
29,Zprime_4000GeV_075,0.7616140444336541,4000.0,0.75
