,name,auc,mass,nu
0,Zprime_1500GeV_015,0.8735611406621041,1500.0,0.15
1,Zprime_1500GeV_030,0.8651384682687453,1500.0,0.3
2,Zprime_1500GeV_045,0.8483073704489367,1500.0,0.45
3,Zprime_1500GeV_060,0.8335412226652117,1500.0,0.6
4,Zprime_1500GeV_075,0.7881830096764995,1500.0,0.75
5,Zprime_2000GeV_015,0.8755352410231367,2000.0,0.15
6,Zprime_2000GeV_030,0.8615858048427498,2000.0,0.3
7,Zprime_2000GeV_045,0.8408049081560361,2000.0,0.45
8,Zprime_2000GeV_060,0.8167351056627179,2000.0,0.6
9,Zprime_2000GeV_075,0.7886361023762032,2000.0,0.75
10,Zprime_2500GeV_015,0.8719814442395795,2500.0,0.15
11,Zprime_2500GeV_030,0.8567592234230876,2500.0,0.3
12,Zprime_2500GeV_045,0.8378834418190936,2500.0,0.45
13,Zprime_2500GeV_060,0.8155353661725184,2500.0,0.6
14,Zprime_2500GeV_075,0.7764552707359522,2500.0,0.75
15,Zprime_3000GeV_015,0.8779405643663422,3000.0,0.15
16,Zprime_3000GeV_030,0.857959052410497,3000.0,0.3
17,Zprime_3000GeV_045,0.835868035253015,3000.0,0.45
18,Zprime_3000GeV_060,0.8073360314958125,3000.0,0.6
19,Zprime_3000GeV_075,0.7779183480193463,3000.0,0.75
20,Zprime_3500GeV_015,0.8725566971572699,3500.0,0.15
21,Zprime_3500GeV_030,0.8619491388735321,3500.0,0.3
22,Zprime_3500GeV_045,0.8380819186006334,3500.0,0.45
23,Zprime_3500GeV_060,0.8106132998055562,3500.0,0.6
24,Zprime_3500GeV_075,0.7728835138154785,3500.0,0.75
25,Zprime_4000GeV_015,0.8803163589943945,4000.0,0.15
26,Zprime_4000GeV_030,0.8679115781232883,4000.0,0.3
27,Zprime_4000GeV_045,0.8388256874930481,4000.0,0.45
28,Zprime_4000GeV_060,0.8090666201245408,4000.0,0.6
29,Zprime_4000GeV_075,0.7667537196783782,4000.0,0.75
