,name,auc,mass,nu
0,Zprime_1500GeV_015,0.884276217086764,1500.0,0.15
1,Zprime_1500GeV_030,0.880403435183874,1500.0,0.3
2,Zprime_1500GeV_045,0.860795513817382,1500.0,0.45
3,Zprime_1500GeV_060,0.843448608075649,1500.0,0.6
4,Zprime_1500GeV_075,0.8023599128729979,1500.0,0.75
5,Zprime_2000GeV_015,0.8866325506835342,2000.0,0.15
6,Zprime_2000GeV_030,0.8737812685282356,2000.0,0.3
7,Zprime_2000GeV_045,0.8533469531564031,2000.0,0.45
8,Zprime_2000GeV_060,0.8288575994535888,2000.0,0.6
9,Zprime_2000GeV_075,0.8043076921403236,2000.0,0.75
10,Zprime_2500GeV_015,0.8820914222397103,2500.0,0.15
11,Zprime_2500GeV_030,0.8656531202432203,2500.0,0.3
12,Zprime_2500GeV_045,0.8468209485367424,2500.0,0.45
13,Zprime_2500GeV_060,0.8262620705973249,2500.0,0.6
14,Zprime_2500GeV_075,0.7896306407376261,2500.0,0.75
15,Zprime_3000GeV_015,0.8847955038621483,3000.0,0.15
16,Zprime_3000GeV_030,0.8639709086755469,3000.0,0.3
17,Zprime_3000GeV_045,0.8428293713167482,3000.0,0.45
18,Zprime_3000GeV_060,0.8169648135963603,3000.0,0.6
19,Zprime_3000GeV_075,0.7862329109908376,3000.0,0.75
20,Zprime_3500GeV_015,0.8780788023253142,3500.0,0.15
21,Zprime_3500GeV_030,0.8666859450196941,3500.0,0.3
22,Zprime_3500GeV_045,0.8417508493900974,3500.0,0.45
23,Zprime_3500GeV_060,0.8181665845929862,3500.0,0.6
24,Zprime_3500GeV_075,0.786409973787117,3500.0,0.75
25,Zprime_4000GeV_015,0.8800402895411209,4000.0,0.15
26,Zprime_4000GeV_030,0.869527281431704,4000.0,0.3
27,Zprime_4000GeV_045,0.8427325690121192,4000.0,0.45
28,Zprime_4000GeV_060,0.8148624903061414,4000.0,0.6
29,Zprime_4000GeV_075,0.7778247347931865,4000.0,0.75
