,name,auc,mass,nu
0,Zprime_1500GeV_015,0.841518436830315,1500.0,0.15
1,Zprime_1500GeV_030,0.8189250534155296,1500.0,0.3
2,Zprime_1500GeV_045,0.8004583539316799,1500.0,0.45
3,Zprime_1500GeV_060,0.7719248511324112,1500.0,0.6
4,Zprime_1500GeV_075,0.7217727375971542,1500.0,0.75
5,Zprime_2000GeV_015,0.8306485099058523,2000.0,0.15
6,Zprime_2000GeV_030,0.8149452855260099,2000.0,0.3
7,Zprime_2000GeV_045,0.787668736164842,2000.0,0.45
8,Zprime_2000GeV_060,0.7607058143823083,2000.0,0.6
9,Zprime_2000GeV_075,0.7341834479342373,2000.0,0.75
10,Zprime_2500GeV_015,0.8251742843849271,2500.0,0.15
11,Zprime_2500GeV_030,0.8087550680574579,2500.0,0.3
12,Zprime_2500GeV_045,0.7884098060494614,2500.0,0.45
13,Zprime_2500GeV_060,0.7598172011489349,2500.0,0.6
14,Zprime_2500GeV_075,0.7197993562662597,2500.0,0.75
15,Zprime_3000GeV_015,0.8290808757292079,3000.0,0.15
16,Zprime_3000GeV_030,0.8070185322181427,3000.0,0.3
17,Zprime_3000GeV_045,0.7819962087184509,3000.0,0.45
18,Zprime_3000GeV_060,0.7541865084503883,3000.0,0.6
19,Zprime_3000GeV_075,0.7242599882343808,3000.0,0.75
20,Zprime_3500GeV_015,0.826165283612852,3500.0,0.15
21,Zprime_3500GeV_030,0.8099766580022983,3500.0,0.3
22,Zprime_3500GeV_045,0.7839406504453919,3500.0,0.45
23,Zprime_3500GeV_060,0.7578976028326372,3500.0,0.6
24,Zprime_3500GeV_075,0.7172788234283014,3500.0,0.75
25,Zprime_4000GeV_015,0.8372211719667232,4000.0,0.15
26,Zprime_4000GeV_030,0.8212839977642488,4000.0,0.3
27,Zprime_4000GeV_045,0.7866837510255462,4000.0,0.45
28,Zprime_4000GeV_060,0.756362543432292,4000.0,0.6
29,Zprime_4000GeV_075,0.7133770114392862,4000.0,0.75
