,name,auc,mass,nu
0,Zprime_1500GeV_015,0.8864263320834104,1500.0,0.15
1,Zprime_1500GeV_030,0.8823518339860137,1500.0,0.3
2,Zprime_1500GeV_045,0.8621330977856128,1500.0,0.45
3,Zprime_1500GeV_060,0.8444377351689681,1500.0,0.6
4,Zprime_1500GeV_075,0.809175011315014,1500.0,0.75
5,Zprime_2000GeV_015,0.8856914857185745,2000.0,0.15
6,Zprime_2000GeV_030,0.8714784640784453,2000.0,0.3
7,Zprime_2000GeV_045,0.852276267358477,2000.0,0.45
8,Zprime_2000GeV_060,0.8280123389898053,2000.0,0.6
9,Zprime_2000GeV_075,0.8063905846486463,2000.0,0.75
10,Zprime_2500GeV_015,0.8808082694085649,2500.0,0.15
11,Zprime_2500GeV_030,0.8652003016626095,2500.0,0.3
12,Zprime_2500GeV_045,0.8477416774963309,2500.0,0.45
13,Zprime_2500GeV_060,0.8261846702378431,2500.0,0.6
14,Zprime_2500GeV_075,0.7895542070422717,2500.0,0.75
15,Zprime_3000GeV_015,0.8852307967455961,3000.0,0.15
16,Zprime_3000GeV_030,0.8669782122191357,3000.0,0.3
17,Zprime_3000GeV_045,0.8448451502198089,3000.0,0.45
18,Zprime_3000GeV_060,0.8169973456824793,3000.0,0.6
19,Zprime_3000GeV_075,0.7867055627477669,3000.0,0.75
20,Zprime_3500GeV_015,0.8799154997707948,3500.0,0.15
21,Zprime_3500GeV_030,0.8702185953605651,3500.0,0.3
22,Zprime_3500GeV_045,0.8458481667731791,3500.0,0.45
23,Zprime_3500GeV_060,0.8184313878571948,3500.0,0.6
24,Zprime_3500GeV_075,0.7840919921791071,3500.0,0.75
25,Zprime_4000GeV_015,0.8880189205284379,4000.0,0.15
26,Zprime_4000GeV_030,0.8750297134316363,4000.0,0.3
27,Zprime_4000GeV_045,0.8462845218588877,4000.0,0.45
28,Zprime_4000GeV_060,0.8190539439144173,4000.0,0.6
29,Zprime_4000GeV_075,0.7756379173245526,4000.0,0.75
