,name,auc,mass,nu
0,Zprime_1500GeV_015,0.8737348967645866,1500.0,0.15
1,Zprime_1500GeV_030,0.857527217616241,1500.0,0.3
2,Zprime_1500GeV_045,0.8377049228931872,1500.0,0.45
3,Zprime_1500GeV_060,0.8188918693785266,1500.0,0.6
4,Zprime_1500GeV_075,0.7734667249299195,1500.0,0.75
5,Zprime_2000GeV_015,0.8687479530797462,2000.0,0.15
6,Zprime_2000GeV_030,0.855014059060101,2000.0,0.3
7,Zprime_2000GeV_045,0.8332465623399248,2000.0,0.45
8,Zprime_2000GeV_060,0.8092516288940346,2000.0,0.6
9,Zprime_2000GeV_075,0.7858075696612307,2000.0,0.75
10,Zprime_2500GeV_015,0.8690798612447302,2500.0,0.15
11,Zprime_2500GeV_030,0.8512179520647174,2500.0,0.3
12,Zprime_2500GeV_045,0.8341586362198393,2500.0,0.45
13,Zprime_2500GeV_060,0.806888297713859,2500.0,0.6
14,Zprime_2500GeV_075,0.7714610291383889,2500.0,0.75
15,Zprime_3000GeV_015,0.8755544839503764,3000.0,0.15
16,Zprime_3000GeV_030,0.8527860306360168,3000.0,0.3
17,Zprime_3000GeV_045,0.8310299929774705,3000.0,0.45
18,Zprime_3000GeV_060,0.8012930843405307,3000.0,0.6
19,Zprime_3000GeV_075,0.7670779028012724,3000.0,0.75
20,Zprime_3500GeV_015,0.8713141419483892,3500.0,0.15
21,Zprime_3500GeV_030,0.8577174497466498,3500.0,0.3
22,Zprime_3500GeV_045,0.8294059510011283,3500.0,0.45
23,Zprime_3500GeV_060,0.8038783049438702,3500.0,0.6
24,Zprime_3500GeV_075,0.7650936143698166,3500.0,0.75
25,Zprime_4000GeV_015,0.8781743053224189,4000.0,0.15
26,Zprime_4000GeV_030,0.8651403987069682,4000.0,0.3
27,Zprime_4000GeV_045,0.833127353120053,4000.0,0.45
28,Zprime_4000GeV_060,0.8048602423856299,4000.0,0.6
29,Zprime_4000GeV_075,0.760040454931827,4000.0,0.75
