,name,auc,mass,nu
0,Zprime_1500GeV_015,0.8794885825425561,1500.0,0.15
1,Zprime_1500GeV_030,0.8797793294052754,1500.0,0.3
2,Zprime_1500GeV_045,0.8632996541673958,1500.0,0.45
3,Zprime_1500GeV_060,0.8445669204598025,1500.0,0.6
4,Zprime_1500GeV_075,0.8114349446694425,1500.0,0.75
5,Zprime_2000GeV_015,0.8832345548346325,2000.0,0.15
6,Zprime_2000GeV_030,0.872986816693687,2000.0,0.3
7,Zprime_2000GeV_045,0.8528871629127065,2000.0,0.45
8,Zprime_2000GeV_060,0.8313409721859242,2000.0,0.6
9,Zprime_2000GeV_075,0.8046312508986485,2000.0,0.75
10,Zprime_2500GeV_015,0.8790704012047856,2500.0,0.15
11,Zprime_2500GeV_030,0.8650769891212082,2500.0,0.3
12,Zprime_2500GeV_045,0.8468335932137537,2500.0,0.45
13,Zprime_2500GeV_060,0.8274235483417604,2500.0,0.6
14,Zprime_2500GeV_075,0.79109396261593,2500.0,0.75
15,Zprime_3000GeV_015,0.8813794243165045,3000.0,0.15
16,Zprime_3000GeV_030,0.8630989030990964,3000.0,0.3
17,Zprime_3000GeV_045,0.8439923868236469,3000.0,0.45
18,Zprime_3000GeV_060,0.8186286970296883,3000.0,0.6
19,Zprime_3000GeV_075,0.7889209417917883,3000.0,0.75
20,Zprime_3500GeV_015,0.8763311848337355,3500.0,0.15
21,Zprime_3500GeV_030,0.8652520832607884,3500.0,0.3
22,Zprime_3500GeV_045,0.8431978420399615,3500.0,0.45
23,Zprime_3500GeV_060,0.8192395234548111,3500.0,0.6
24,Zprime_3500GeV_075,0.7875238171973702,3500.0,0.75
25,Zprime_4000GeV_015,0.879598123792031,4000.0,0.15
26,Zprime_4000GeV_030,0.8691782195363751,4000.0,0.3
27,Zprime_4000GeV_045,0.8443317115502649,4000.0,0.45
28,Zprime_4000GeV_060,0.8175329369334057,4000.0,0.6
29,Zprime_4000GeV_075,0.7771004820492944,4000.0,0.75
