,name,auc,mass,nu
0,Zprime_1500GeV_015,0.8760416024423008,1500.0,0.15
1,Zprime_1500GeV_030,0.8744381727133821,1500.0,0.3
2,Zprime_1500GeV_045,0.85379430877293,1500.0,0.45
3,Zprime_1500GeV_060,0.8375683329287648,1500.0,0.6
4,Zprime_1500GeV_075,0.8054847960255979,1500.0,0.75
5,Zprime_2000GeV_015,0.8777220251421844,2000.0,0.15
6,Zprime_2000GeV_030,0.8632919683192706,2000.0,0.3
7,Zprime_2000GeV_045,0.8438088938984789,2000.0,0.45
8,Zprime_2000GeV_060,0.8231949819113424,2000.0,0.6
9,Zprime_2000GeV_075,0.7989721003324071,2000.0,0.75
10,Zprime_2500GeV_015,0.8751216177035089,2500.0,0.15
11,Zprime_2500GeV_030,0.8586147626190086,2500.0,0.3
12,Zprime_2500GeV_045,0.8430068684708787,2500.0,0.45
13,Zprime_2500GeV_060,0.8204050122237485,2500.0,0.6
14,Zprime_2500GeV_075,0.7887586571794596,2500.0,0.75
15,Zprime_3000GeV_015,0.880119864997535,3000.0,0.15
16,Zprime_3000GeV_030,0.8603778714678462,3000.0,0.3
17,Zprime_3000GeV_045,0.8398968860537235,3000.0,0.45
18,Zprime_3000GeV_060,0.811946651404353,3000.0,0.6
19,Zprime_3000GeV_075,0.7833787057145455,3000.0,0.75
20,Zprime_3500GeV_015,0.8737097464253123,3500.0,0.15
21,Zprime_3500GeV_030,0.8647810922567628,3500.0,0.3
22,Zprime_3500GeV_045,0.8391908140821897,3500.0,0.45
23,Zprime_3500GeV_060,0.8133985377820211,3500.0,0.6
24,Zprime_3500GeV_075,0.781461056679988,3500.0,0.75
25,Zprime_4000GeV_015,0.88020472945546,4000.0,0.15
26,Zprime_4000GeV_030,0.8681336061143622,4000.0,0.3
27,Zprime_4000GeV_045,0.8404437587501649,4000.0,0.45
28,Zprime_4000GeV_060,0.812900901485754,4000.0,0.6
29,Zprime_4000GeV_075,0.7739587790417993,4000.0,0.75
