,name,auc,mass,nu
0,Zprime_1500GeV_015,0.8340978368299413,1500.0,0.15
1,Zprime_1500GeV_030,0.8195483006359142,1500.0,0.3
2,Zprime_1500GeV_045,0.7953180827604414,1500.0,0.45
3,Zprime_1500GeV_060,0.7735402331608563,1500.0,0.6
4,Zprime_1500GeV_075,0.7272705647238327,1500.0,0.75
5,Zprime_2000GeV_015,0.8285228799146649,2000.0,0.15
6,Zprime_2000GeV_030,0.813318580885665,2000.0,0.3
7,Zprime_2000GeV_045,0.7881746451867815,2000.0,0.45
8,Zprime_2000GeV_060,0.760624579566246,2000.0,0.6
9,Zprime_2000GeV_075,0.7315671458309876,2000.0,0.75
10,Zprime_2500GeV_015,0.8320366615781797,2500.0,0.15
11,Zprime_2500GeV_030,0.8117936420045563,2500.0,0.3
12,Zprime_2500GeV_045,0.7914845901469862,2500.0,0.45
13,Zprime_2500GeV_060,0.7590205246481375,2500.0,0.6
14,Zprime_2500GeV_075,0.7210642648332984,2500.0,0.75
15,Zprime_3000GeV_015,0.8415085304246441,3000.0,0.15
16,Zprime_3000GeV_030,0.8153910976826207,3000.0,0.3
17,Zprime_3000GeV_045,0.7894283086135079,3000.0,0.45
18,Zprime_3000GeV_060,0.757514493571815,3000.0,0.6
19,Zprime_3000GeV_075,0.7219550135603381,3000.0,0.75
20,Zprime_3500GeV_015,0.8402774762060736,3500.0,0.15
21,Zprime_3500GeV_030,0.8234671770125476,3500.0,0.3
22,Zprime_3500GeV_045,0.7914959598318247,3500.0,0.45
23,Zprime_3500GeV_060,0.7634821077048302,3500.0,0.6
24,Zprime_3500GeV_075,0.721897458209789,3500.0,0.75
25,Zprime_4000GeV_015,0.8463069177609416,4000.0,0.15
26,Zprime_4000GeV_030,0.830112121203868,4000.0,0.3
27,Zprime_4000GeV_045,0.7950093946300956,4000.0,0.45
28,Zprime_4000GeV_060,0.7654909660115852,4000.0,0.6
29,Zprime_4000GeV_075,0.7170742842148461,4000.0,0.75
