,name,auc,mass,nu
0,Zprime_1500GeV_015,0.8797940569807916,1500.0,0.15
1,Zprime_1500GeV_030,0.877211249701486,1500.0,0.3
2,Zprime_1500GeV_045,0.8597278404799621,1500.0,0.45
3,Zprime_1500GeV_060,0.8424213775194097,1500.0,0.6
4,Zprime_1500GeV_075,0.8081863776720034,1500.0,0.75
5,Zprime_2000GeV_015,0.8852504765077693,2000.0,0.15
6,Zprime_2000GeV_030,0.8720301108030943,2000.0,0.3
7,Zprime_2000GeV_045,0.8521984615285156,2000.0,0.45
8,Zprime_2000GeV_060,0.828010498132171,2000.0,0.6
9,Zprime_2000GeV_075,0.8047143390471507,2000.0,0.75
10,Zprime_2500GeV_015,0.8808965382615412,2500.0,0.15
11,Zprime_2500GeV_030,0.8647048870544305,2500.0,0.3
12,Zprime_2500GeV_045,0.8494832545496935,2500.0,0.45
13,Zprime_2500GeV_060,0.8279226284176681,2500.0,0.6
14,Zprime_2500GeV_075,0.7920991700238156,2500.0,0.75
15,Zprime_3000GeV_015,0.8859813875767827,3000.0,0.15
16,Zprime_3000GeV_030,0.8674324606160362,3000.0,0.3
17,Zprime_3000GeV_045,0.8460360767004897,3000.0,0.45
18,Zprime_3000GeV_060,0.8182287572874056,3000.0,0.6
19,Zprime_3000GeV_075,0.7895571452390819,3000.0,0.75
20,Zprime_3500GeV_015,0.880524928852879,3500.0,0.15
21,Zprime_3500GeV_030,0.8720781083712963,3500.0,0.3
22,Zprime_3500GeV_045,0.847772131212052,3500.0,0.45
23,Zprime_3500GeV_060,0.8210717108536549,3500.0,0.6
24,Zprime_3500GeV_075,0.7862822396974776,3500.0,0.75
25,Zprime_4000GeV_015,0.8882029550832339,4000.0,0.15
26,Zprime_4000GeV_030,0.8759051815836794,4000.0,0.3
27,Zprime_4000GeV_045,0.8483501524977205,4000.0,0.45
28,Zprime_4000GeV_060,0.8203815942343742,4000.0,0.6
29,Zprime_4000GeV_075,0.7790443770827248,4000.0,0.75
