,name,auc,mass,nu
0,Zprime_1500GeV_015,0.8701901788566849,1500.0,0.15
1,Zprime_1500GeV_030,0.8660160468492764,1500.0,0.3
2,Zprime_1500GeV_045,0.845911501816571,1500.0,0.45
3,Zprime_1500GeV_060,0.8282450568975783,1500.0,0.6
4,Zprime_1500GeV_075,0.7949070020263782,1500.0,0.75
5,Zprime_2000GeV_015,0.8722469079228911,2000.0,0.15
6,Zprime_2000GeV_030,0.8575848920218243,2000.0,0.3
7,Zprime_2000GeV_045,0.8390812485287814,2000.0,0.45
8,Zprime_2000GeV_060,0.8134383946114863,2000.0,0.6
9,Zprime_2000GeV_075,0.7909449828628994,2000.0,0.75
10,Zprime_2500GeV_015,0.8663501785339771,2500.0,0.15
11,Zprime_2500GeV_030,0.851539093645943,2500.0,0.3
12,Zprime_2500GeV_045,0.8353308928633906,2500.0,0.45
13,Zprime_2500GeV_060,0.8129451610713763,2500.0,0.6
14,Zprime_2500GeV_075,0.7767034567159045,2500.0,0.75
15,Zprime_3000GeV_015,0.8716740815522981,3000.0,0.15
16,Zprime_3000GeV_030,0.8527439924311886,3000.0,0.3
17,Zprime_3000GeV_045,0.8311223524117027,3000.0,0.45
18,Zprime_3000GeV_060,0.805712173562402,3000.0,0.6
19,Zprime_3000GeV_075,0.774226448966735,3000.0,0.75
20,Zprime_3500GeV_015,0.868052067872036,3500.0,0.15
21,Zprime_3500GeV_030,0.856669513381993,3500.0,0.3
22,Zprime_3500GeV_045,0.8323587685556393,3500.0,0.45
23,Zprime_3500GeV_060,0.8075055087065357,3500.0,0.6
24,Zprime_3500GeV_075,0.7713233423574407,3500.0,0.75
25,Zprime_4000GeV_015,0.8754782977727026,4000.0,0.15
26,Zprime_4000GeV_030,0.8628731182375937,4000.0,0.3
27,Zprime_4000GeV_045,0.8349513387602345,4000.0,0.45
28,Zprime_4000GeV_060,0.8084582634100694,4000.0,0.6
29,Zprime_4000GeV_075,0.767469403115304,4000.0,0.75
