,name,auc,mass,nu
0,Zprime_1500GeV_015,0.8761441278844915,1500.0,0.15
1,Zprime_1500GeV_030,0.8711694434640738,1500.0,0.3
2,Zprime_1500GeV_045,0.8536438154777606,1500.0,0.45
3,Zprime_1500GeV_060,0.8331494091214624,1500.0,0.6
4,Zprime_1500GeV_075,0.8015557237227986,1500.0,0.75
5,Zprime_2000GeV_015,0.8804503673417272,2000.0,0.15
6,Zprime_2000GeV_030,0.8655387624811897,2000.0,0.3
7,Zprime_2000GeV_045,0.8455930184669056,2000.0,0.45
8,Zprime_2000GeV_060,0.8231307889742892,2000.0,0.6
9,Zprime_2000GeV_075,0.8002598306470432,2000.0,0.75
10,Zprime_2500GeV_015,0.8767871962421039,2500.0,0.15
11,Zprime_2500GeV_030,0.8604482730489215,2500.0,0.3
12,Zprime_2500GeV_045,0.8435605760929556,2500.0,0.45
13,Zprime_2500GeV_060,0.8224553405521347,2500.0,0.6
14,Zprime_2500GeV_075,0.7843978046270211,2500.0,0.75
15,Zprime_3000GeV_015,0.8813239202690129,3000.0,0.15
16,Zprime_3000GeV_030,0.8628395096410674,3000.0,0.3
17,Zprime_3000GeV_045,0.8426023749763172,3000.0,0.45
18,Zprime_3000GeV_060,0.8140541012836001,3000.0,0.6
19,Zprime_3000GeV_075,0.7847929696583281,3000.0,0.75
20,Zprime_3500GeV_015,0.8788336390053307,3500.0,0.15
21,Zprime_3500GeV_030,0.8692097033168407,3500.0,0.3
22,Zprime_3500GeV_045,0.8450283183344403,3500.0,0.45
23,Zprime_3500GeV_060,0.8156518563363812,3500.0,0.6
24,Zprime_3500GeV_075,0.7797686927936057,3500.0,0.75
25,Zprime_4000GeV_015,0.8846214882862464,4000.0,0.15
26,Zprime_4000GeV_030,0.8727132384137666,4000.0,0.3
27,Zprime_4000GeV_045,0.8464575464533702,4000.0,0.45
28,Zprime_4000GeV_060,0.8153093609301244,4000.0,0.6
29,Zprime_4000GeV_075,0.7754434010233341,4000.0,0.75
