,name,auc,mass,nu
0,Zprime_1500GeV_015,0.8734936466921882,1500.0,0.15
1,Zprime_1500GeV_030,0.8626214397572155,1500.0,0.3
2,Zprime_1500GeV_045,0.8404814994820308,1500.0,0.45
3,Zprime_1500GeV_060,0.8176396289811383,1500.0,0.6
4,Zprime_1500GeV_075,0.785810065702421,1500.0,0.75
5,Zprime_2000GeV_015,0.8784745125589937,2000.0,0.15
6,Zprime_2000GeV_030,0.8617956386314526,2000.0,0.3
7,Zprime_2000GeV_045,0.8412103940374722,2000.0,0.45
8,Zprime_2000GeV_060,0.8143821130669262,2000.0,0.6
9,Zprime_2000GeV_075,0.7870633429956736,2000.0,0.75
10,Zprime_2500GeV_015,0.8756308021137383,2500.0,0.15
11,Zprime_2500GeV_030,0.858843126481872,2500.0,0.3
12,Zprime_2500GeV_045,0.8417807813307201,2500.0,0.45
13,Zprime_2500GeV_060,0.8176960650444978,2500.0,0.6
14,Zprime_2500GeV_075,0.7785359823339268,2500.0,0.75
15,Zprime_3000GeV_015,0.8855977731499121,3000.0,0.15
16,Zprime_3000GeV_030,0.8628488503447768,3000.0,0.3
17,Zprime_3000GeV_045,0.8421052355582253,3000.0,0.45
18,Zprime_3000GeV_060,0.8113165741314939,3000.0,0.6
19,Zprime_3000GeV_075,0.7781873076030715,3000.0,0.75
20,Zprime_3500GeV_015,0.8832427985326186,3500.0,0.15
21,Zprime_3500GeV_030,0.8705024448335433,3500.0,0.3
22,Zprime_3500GeV_045,0.8429398337305819,3500.0,0.45
23,Zprime_3500GeV_060,0.8138172374339169,3500.0,0.6
24,Zprime_3500GeV_075,0.7724209960895535,3500.0,0.75
25,Zprime_4000GeV_015,0.889077119218515,4000.0,0.15
26,Zprime_4000GeV_030,0.8767208540551894,4000.0,0.3
27,Zprime_4000GeV_045,0.844324176522488,4000.0,0.45
28,Zprime_4000GeV_060,0.8142796897787778,4000.0,0.6
29,Zprime_4000GeV_075,0.7702106477777404,4000.0,0.75
