,name,auc,mass,nu
0,Zprime_1500GeV_015,0.8863572033114551,1500.0,0.15
1,Zprime_1500GeV_030,0.880748443500001,1500.0,0.3
2,Zprime_1500GeV_045,0.859535290320838,1500.0,0.45
3,Zprime_1500GeV_060,0.8468106054171376,1500.0,0.6
4,Zprime_1500GeV_075,0.8073274272030234,1500.0,0.75
5,Zprime_2000GeV_015,0.885005199240103,2000.0,0.15
6,Zprime_2000GeV_030,0.8719902533907472,2000.0,0.3
7,Zprime_2000GeV_045,0.8530231424808803,2000.0,0.45
8,Zprime_2000GeV_060,0.8307703621028328,2000.0,0.6
9,Zprime_2000GeV_075,0.8073437185813023,2000.0,0.75
10,Zprime_2500GeV_015,0.8816586688551891,2500.0,0.15
11,Zprime_2500GeV_030,0.8659233468528732,2500.0,0.3
12,Zprime_2500GeV_045,0.847895929947964,2500.0,0.45
13,Zprime_2500GeV_060,0.8276537074052763,2500.0,0.6
14,Zprime_2500GeV_075,0.7928467760993433,2500.0,0.75
15,Zprime_3000GeV_015,0.8850678958290276,3000.0,0.15
16,Zprime_3000GeV_030,0.8658049311620364,3000.0,0.3
17,Zprime_3000GeV_045,0.8442066370897271,3000.0,0.45
18,Zprime_3000GeV_060,0.817603287615264,3000.0,0.6
19,Zprime_3000GeV_075,0.7902908666380974,3000.0,0.75
20,Zprime_3500GeV_015,0.8770687386151947,3500.0,0.15
21,Zprime_3500GeV_030,0.8674229601516907,3500.0,0.3
22,Zprime_3500GeV_045,0.8447507271692727,3500.0,0.45
23,Zprime_3500GeV_060,0.8192603592663232,3500.0,0.6
24,Zprime_3500GeV_075,0.7873516178935155,3500.0,0.75
25,Zprime_4000GeV_015,0.8820943787839947,4000.0,0.15
26,Zprime_4000GeV_030,0.8707772882406379,4000.0,0.3
27,Zprime_4000GeV_045,0.844057609723297,4000.0,0.45
28,Zprime_4000GeV_060,0.8162346399635827,4000.0,0.6
29,Zprime_4000GeV_075,0.7764672869005644,4000.0,0.75
