,name,auc,mass,nu
0,Zprime_1500GeV_015,0.8674657812578821,1500.0,0.15
1,Zprime_1500GeV_030,0.8562392482094439,1500.0,0.3
2,Zprime_1500GeV_045,0.8350854830466914,1500.0,0.45
3,Zprime_1500GeV_060,0.8178752021585423,1500.0,0.6
4,Zprime_1500GeV_075,0.7736685395735287,1500.0,0.75
5,Zprime_2000GeV_015,0.8690435503516521,2000.0,0.15
6,Zprime_2000GeV_030,0.8566168458398571,2000.0,0.3
7,Zprime_2000GeV_045,0.833407345843872,2000.0,0.45
8,Zprime_2000GeV_060,0.8071265121599525,2000.0,0.6
9,Zprime_2000GeV_075,0.7803374638976781,2000.0,0.75
10,Zprime_2500GeV_015,0.86356426802272,2500.0,0.15
11,Zprime_2500GeV_030,0.8481605151017304,2500.0,0.3
12,Zprime_2500GeV_045,0.8313178758329489,2500.0,0.45
13,Zprime_2500GeV_060,0.8074103995096839,2500.0,0.6
14,Zprime_2500GeV_075,0.7669567516421865,2500.0,0.75
15,Zprime_3000GeV_015,0.8649715061084299,3000.0,0.15
16,Zprime_3000GeV_030,0.8461533400149761,3000.0,0.3
17,Zprime_3000GeV_045,0.8253587552227253,3000.0,0.45
18,Zprime_3000GeV_060,0.7967021134239974,3000.0,0.6
19,Zprime_3000GeV_075,0.7657688308837745,3000.0,0.75
20,Zprime_3500GeV_015,0.8577286274321175,3500.0,0.15
21,Zprime_3500GeV_030,0.8450382965979462,3500.0,0.3
22,Zprime_3500GeV_045,0.8201042990710102,3500.0,0.45
23,Zprime_3500GeV_060,0.8002780915303362,3500.0,0.6
24,Zprime_3500GeV_075,0.7627187379141421,3500.0,0.75
25,Zprime_4000GeV_015,0.862630151936701,4000.0,0.15
26,Zprime_4000GeV_030,0.8511598319343243,4000.0,0.3
27,Zprime_4000GeV_045,0.8246475604694335,4000.0,0.45
28,Zprime_4000GeV_060,0.7973311848728943,4000.0,0.6
29,Zprime_4000GeV_075,0.7554714397957278,4000.0,0.75
