,name,auc,mass,nu
0,Zprime_1500GeV_015,0.8809225374743336,1500.0,0.15
1,Zprime_1500GeV_030,0.8778659994040285,1500.0,0.3
2,Zprime_1500GeV_045,0.858076532072257,1500.0,0.45
3,Zprime_1500GeV_060,0.8393900233816214,1500.0,0.6
4,Zprime_1500GeV_075,0.8010749402717946,1500.0,0.75
5,Zprime_2000GeV_015,0.8855497990777027,2000.0,0.15
6,Zprime_2000GeV_030,0.8711853145598863,2000.0,0.3
7,Zprime_2000GeV_045,0.8516741468263702,2000.0,0.45
8,Zprime_2000GeV_060,0.8267703597599231,2000.0,0.6
9,Zprime_2000GeV_075,0.8032240558729494,2000.0,0.75
10,Zprime_2500GeV_015,0.8788384324028946,2500.0,0.15
11,Zprime_2500GeV_030,0.8643728018897243,2500.0,0.3
12,Zprime_2500GeV_045,0.8463847150597946,2500.0,0.45
13,Zprime_2500GeV_060,0.8252269143671955,2500.0,0.6
14,Zprime_2500GeV_075,0.788406360432262,2500.0,0.75
15,Zprime_3000GeV_015,0.8836574152995208,3000.0,0.15
16,Zprime_3000GeV_030,0.86296847080226,3000.0,0.3
17,Zprime_3000GeV_045,0.8429332721370588,3000.0,0.45
18,Zprime_3000GeV_060,0.8148341438345501,3000.0,0.6
19,Zprime_3000GeV_075,0.7831734269183308,3000.0,0.75
20,Zprime_3500GeV_015,0.8808365322112335,3500.0,0.15
21,Zprime_3500GeV_030,0.8699830717539485,3500.0,0.3
22,Zprime_3500GeV_045,0.8450605472889332,3500.0,0.45
23,Zprime_3500GeV_060,0.8177655709999453,3500.0,0.6
24,Zprime_3500GeV_075,0.7810668428516179,3500.0,0.75
25,Zprime_4000GeV_015,0.884239798082164,4000.0,0.15
26,Zprime_4000GeV_030,0.8743283081130415,4000.0,0.3
27,Zprime_4000GeV_045,0.8459634932157862,4000.0,0.45
28,Zprime_4000GeV_060,0.8164962943614024,4000.0,0.6
29,Zprime_4000GeV_075,0.7740375748643918,4000.0,0.75
