,name,auc,mass,nu
0,Zprime_1500GeV_015,0.8567330723255105,1500.0,0.15
1,Zprime_1500GeV_030,0.8345070924833625,1500.0,0.3
2,Zprime_1500GeV_045,0.8129748829380684,1500.0,0.45
3,Zprime_1500GeV_060,0.7910207222476365,1500.0,0.6
4,Zprime_1500GeV_075,0.7374408228958957,1500.0,0.75
5,Zprime_2000GeV_015,0.8544415099273154,2000.0,0.15
6,Zprime_2000GeV_030,0.8395042949582994,2000.0,0.3
7,Zprime_2000GeV_045,0.8121771257705003,2000.0,0.45
8,Zprime_2000GeV_060,0.7845993655065787,2000.0,0.6
9,Zprime_2000GeV_075,0.7500679255813043,2000.0,0.75
10,Zprime_2500GeV_015,0.8503429181803053,2500.0,0.15
11,Zprime_2500GeV_030,0.8331003691871492,2500.0,0.3
12,Zprime_2500GeV_045,0.812262415869821,2500.0,0.45
13,Zprime_2500GeV_060,0.7829320107859082,2500.0,0.6
14,Zprime_2500GeV_075,0.7427956568320534,2500.0,0.75
15,Zprime_3000GeV_015,0.8518437517860316,3000.0,0.15
16,Zprime_3000GeV_030,0.8290616558792455,3000.0,0.3
17,Zprime_3000GeV_045,0.8063695279893399,3000.0,0.45
18,Zprime_3000GeV_060,0.777657293060769,3000.0,0.6
19,Zprime_3000GeV_075,0.7454108602380702,3000.0,0.75
20,Zprime_3500GeV_015,0.8440133572950579,3500.0,0.15
21,Zprime_3500GeV_030,0.8291107430719551,3500.0,0.3
22,Zprime_3500GeV_045,0.8016480711984284,3500.0,0.45
23,Zprime_3500GeV_060,0.776764990259357,3500.0,0.6
24,Zprime_3500GeV_075,0.7376422586051308,3500.0,0.75
25,Zprime_4000GeV_015,0.8474864023415454,4000.0,0.15
26,Zprime_4000GeV_030,0.8352155685823073,4000.0,0.3
27,Zprime_4000GeV_045,0.8031726325603559,4000.0,0.45
28,Zprime_4000GeV_060,0.7746254725846707,4000.0,0.6
29,Zprime_4000GeV_075,0.7306257305160017,4000.0,0.75
