,name,auc,mass,nu
0,Zprime_1500GeV_015,0.8254006899798779,1500.0,0.15
1,Zprime_1500GeV_030,0.8164684541936739,1500.0,0.3
2,Zprime_1500GeV_045,0.7902374928047624,1500.0,0.45
3,Zprime_1500GeV_060,0.7642173882862517,1500.0,0.6
4,Zprime_1500GeV_075,0.7233086356297649,1500.0,0.75
5,Zprime_2000GeV_015,0.8281155237019409,2000.0,0.15
6,Zprime_2000GeV_030,0.8120772669600842,2000.0,0.3
7,Zprime_2000GeV_045,0.7880783195918197,2000.0,0.45
8,Zprime_2000GeV_060,0.7620374517465194,2000.0,0.6
9,Zprime_2000GeV_075,0.7349657593422719,2000.0,0.75
10,Zprime_2500GeV_015,0.8266631222833879,2500.0,0.15
11,Zprime_2500GeV_030,0.8096913816407652,2500.0,0.3
12,Zprime_2500GeV_045,0.7883479012410275,2500.0,0.45
13,Zprime_2500GeV_060,0.7607060299320146,2500.0,0.6
14,Zprime_2500GeV_075,0.721348852326795,2500.0,0.75
15,Zprime_3000GeV_015,0.8340586950520236,3000.0,0.15
16,Zprime_3000GeV_030,0.8101153231292006,3000.0,0.3
17,Zprime_3000GeV_045,0.7867335343301387,3000.0,0.45
18,Zprime_3000GeV_060,0.755251015781954,3000.0,0.6
19,Zprime_3000GeV_075,0.7252300624952456,3000.0,0.75
20,Zprime_3500GeV_015,0.8347969838761753,3500.0,0.15
21,Zprime_3500GeV_030,0.8181015163023988,3500.0,0.3
22,Zprime_3500GeV_045,0.787884299132009,3500.0,0.45
23,Zprime_3500GeV_060,0.7620362460356936,3500.0,0.6
24,Zprime_3500GeV_075,0.7237812298569035,3500.0,0.75
25,Zprime_4000GeV_015,0.8445153826033285,4000.0,0.15
26,Zprime_4000GeV_030,0.8258991121755239,4000.0,0.3
27,Zprime_4000GeV_045,0.7941689883717811,4000.0,0.45
28,Zprime_4000GeV_060,0.7635010904598915,4000.0,0.6
29,Zprime_4000GeV_075,0.7183289422253701,4000.0,0.75
