,name,auc,mass,nu
0,Zprime_1500GeV_015,0.8755993884906199,1500.0,0.15
1,Zprime_1500GeV_030,0.8635790623804623,1500.0,0.3
2,Zprime_1500GeV_045,0.8433574532559371,1500.0,0.45
3,Zprime_1500GeV_060,0.8211412132659982,1500.0,0.6
4,Zprime_1500GeV_075,0.7789434846447867,1500.0,0.75
5,Zprime_2000GeV_015,0.8732764344755621,2000.0,0.15
6,Zprime_2000GeV_030,0.8593597286849369,2000.0,0.3
7,Zprime_2000GeV_045,0.8376299093063911,2000.0,0.45
8,Zprime_2000GeV_060,0.8125963974862365,2000.0,0.6
9,Zprime_2000GeV_075,0.7903773724998083,2000.0,0.75
10,Zprime_2500GeV_015,0.8683020370743613,2500.0,0.15
11,Zprime_2500GeV_030,0.8525393543702453,2500.0,0.3
12,Zprime_2500GeV_045,0.8332928672149214,2500.0,0.45
13,Zprime_2500GeV_060,0.8098049127245727,2500.0,0.6
14,Zprime_2500GeV_075,0.774241972009932,2500.0,0.75
15,Zprime_3000GeV_015,0.8720869732923956,3000.0,0.15
16,Zprime_3000GeV_030,0.8505808688402164,3000.0,0.3
17,Zprime_3000GeV_045,0.8294768190953541,3000.0,0.45
18,Zprime_3000GeV_060,0.8014904048412594,3000.0,0.6
19,Zprime_3000GeV_075,0.7674240996249008,3000.0,0.75
20,Zprime_3500GeV_015,0.8680251333266085,3500.0,0.15
21,Zprime_3500GeV_030,0.8544469521245661,3500.0,0.3
22,Zprime_3500GeV_045,0.8267619679144671,3500.0,0.45
23,Zprime_3500GeV_060,0.8027009959307041,3500.0,0.6
24,Zprime_3500GeV_075,0.7650060590434445,3500.0,0.75
25,Zprime_4000GeV_015,0.8756597596498847,4000.0,0.15
26,Zprime_4000GeV_030,0.8609248741557678,4000.0,0.3
27,Zprime_4000GeV_045,0.8317732660921228,4000.0,0.45
28,Zprime_4000GeV_060,0.8027109798493006,4000.0,0.6
29,Zprime_4000GeV_075,0.7604315915429662,4000.0,0.75
