,name,auc,mass,nu
0,Zprime_1500GeV_015,0.879900319113358,1500.0,0.15
1,Zprime_1500GeV_030,0.8691026296713492,1500.0,0.3
2,Zprime_1500GeV_045,0.8516312353144129,1500.0,0.45
3,Zprime_1500GeV_060,0.8309245872645831,1500.0,0.6
4,Zprime_1500GeV_075,0.7954480578078618,1500.0,0.75
5,Zprime_2000GeV_015,0.8756749226106361,2000.0,0.15
6,Zprime_2000GeV_030,0.8619519622868157,2000.0,0.3
7,Zprime_2000GeV_045,0.8403549101905483,2000.0,0.45
8,Zprime_2000GeV_060,0.8170392237114512,2000.0,0.6
9,Zprime_2000GeV_075,0.7970394509600423,2000.0,0.75
10,Zprime_2500GeV_015,0.8705023622140041,2500.0,0.15
11,Zprime_2500GeV_030,0.855857829176164,2500.0,0.3
12,Zprime_2500GeV_045,0.8379820093615789,2500.0,0.45
13,Zprime_2500GeV_060,0.8128228073156165,2500.0,0.6
14,Zprime_2500GeV_075,0.782125846223425,2500.0,0.75
15,Zprime_3000GeV_015,0.8742838106302157,3000.0,0.15
16,Zprime_3000GeV_030,0.853232847782663,3000.0,0.3
17,Zprime_3000GeV_045,0.83248620598858,3000.0,0.45
18,Zprime_3000GeV_060,0.8036011649178639,3000.0,0.6
19,Zprime_3000GeV_075,0.7746340383868651,3000.0,0.75
20,Zprime_3500GeV_015,0.8685420015329687,3500.0,0.15
21,Zprime_3500GeV_030,0.8556250409097641,3500.0,0.3
22,Zprime_3500GeV_045,0.8295142704156944,3500.0,0.45
23,Zprime_3500GeV_060,0.8049907936288121,3500.0,0.6
24,Zprime_3500GeV_075,0.7679621739504103,3500.0,0.75
25,Zprime_4000GeV_015,0.8735945338847367,4000.0,0.15
26,Zprime_4000GeV_030,0.8627790792929118,4000.0,0.3
27,Zprime_4000GeV_045,0.831814526445836,4000.0,0.45
28,Zprime_4000GeV_060,0.8064726628666365,4000.0,0.6
29,Zprime_4000GeV_075,0.7632478141578997,4000.0,0.75
