,name,auc,mass,nu
0,Zprime_1500GeV_015,0.8755537308050885,1500.0,0.15
1,Zprime_1500GeV_030,0.862609353899281,1500.0,0.3
2,Zprime_1500GeV_045,0.8434261937176489,1500.0,0.45
3,Zprime_1500GeV_060,0.8225657007178325,1500.0,0.6
4,Zprime_1500GeV_075,0.7832962072519891,1500.0,0.75
5,Zprime_2000GeV_015,0.8669560847286341,2000.0,0.15
6,Zprime_2000GeV_030,0.8520582449652433,2000.0,0.3
7,Zprime_2000GeV_045,0.8317470222917885,2000.0,0.45
8,Zprime_2000GeV_060,0.8085973434639262,2000.0,0.6
9,Zprime_2000GeV_075,0.7852213743876725,2000.0,0.75
10,Zprime_2500GeV_015,0.863428181863661,2500.0,0.15
11,Zprime_2500GeV_030,0.848180318739859,2500.0,0.3
12,Zprime_2500GeV_045,0.8296825098638463,2500.0,0.45
13,Zprime_2500GeV_060,0.8042961232673576,2500.0,0.6
14,Zprime_2500GeV_075,0.7706043404476549,2500.0,0.75
15,Zprime_3000GeV_015,0.8701707727294599,3000.0,0.15
16,Zprime_3000GeV_030,0.8465177483749039,3000.0,0.3
17,Zprime_3000GeV_045,0.8258370495368196,3000.0,0.45
18,Zprime_3000GeV_060,0.7981271048853856,3000.0,0.6
19,Zprime_3000GeV_075,0.7650983261580556,3000.0,0.75
20,Zprime_3500GeV_015,0.86617680035224,3500.0,0.15
21,Zprime_3500GeV_030,0.8523639653561292,3500.0,0.3
22,Zprime_3500GeV_045,0.8239223701377704,3500.0,0.45
23,Zprime_3500GeV_060,0.7991511522019262,3500.0,0.6
24,Zprime_3500GeV_075,0.7617797473249969,3500.0,0.75
25,Zprime_4000GeV_015,0.8719437559105505,4000.0,0.15
26,Zprime_4000GeV_030,0.8598022984389081,4000.0,0.3
27,Zprime_4000GeV_045,0.8272920665788979,4000.0,0.45
28,Zprime_4000GeV_060,0.8010515257444752,4000.0,0.6
29,Zprime_4000GeV_075,0.7575011254356483,4000.0,0.75
