,name,auc,mass,nu
0,Zprime_1500GeV_015,0.821772830711111,1500.0,0.15
1,Zprime_1500GeV_030,0.803680427725777,1500.0,0.3
2,Zprime_1500GeV_045,0.7892679338483962,1500.0,0.45
3,Zprime_1500GeV_060,0.7598199684134689,1500.0,0.6
4,Zprime_1500GeV_075,0.7130937312869762,1500.0,0.75
5,Zprime_2000GeV_015,0.82052112202969,2000.0,0.15
6,Zprime_2000GeV_030,0.8069789740246402,2000.0,0.3
7,Zprime_2000GeV_045,0.7831316789516977,2000.0,0.45
8,Zprime_2000GeV_060,0.7580343673616612,2000.0,0.6
9,Zprime_2000GeV_075,0.730293694167076,2000.0,0.75
10,Zprime_2500GeV_015,0.8226233942043681,2500.0,0.15
11,Zprime_2500GeV_030,0.8052501781063155,2500.0,0.3
12,Zprime_2500GeV_045,0.7830511736960459,2500.0,0.45
13,Zprime_2500GeV_060,0.7560424166469126,2500.0,0.6
14,Zprime_2500GeV_075,0.7140492312114136,2500.0,0.75
15,Zprime_3000GeV_015,0.8372600715524012,3000.0,0.15
16,Zprime_3000GeV_030,0.8100081720577372,3000.0,0.3
17,Zprime_3000GeV_045,0.7862672113104865,3000.0,0.45
18,Zprime_3000GeV_060,0.7536301346011123,3000.0,0.6
19,Zprime_3000GeV_075,0.7203036736000006,3000.0,0.75
20,Zprime_3500GeV_015,0.8375100703311735,3500.0,0.15
21,Zprime_3500GeV_030,0.8205764287980118,3500.0,0.3
22,Zprime_3500GeV_045,0.7897754488044639,3500.0,0.45
23,Zprime_3500GeV_060,0.7633010430531124,3500.0,0.6
24,Zprime_3500GeV_075,0.7209383352670706,3500.0,0.75
25,Zprime_4000GeV_015,0.8493894965537749,4000.0,0.15
26,Zprime_4000GeV_030,0.8315350371102036,4000.0,0.3
27,Zprime_4000GeV_045,0.7962740563737357,4000.0,0.45
28,Zprime_4000GeV_060,0.7647054908410892,4000.0,0.6
29,Zprime_4000GeV_075,0.7228155248086036,4000.0,0.75
