,name,auc,mass,nu
0,Zprime_1500GeV_015,0.8755531469472174,1500.0,0.15
1,Zprime_1500GeV_030,0.8704149028798949,1500.0,0.3
2,Zprime_1500GeV_045,0.8543289690094719,1500.0,0.45
3,Zprime_1500GeV_060,0.8368987467571635,1500.0,0.6
4,Zprime_1500GeV_075,0.7998429152386868,1500.0,0.75
5,Zprime_2000GeV_015,0.8795494376212628,2000.0,0.15
6,Zprime_2000GeV_030,0.8645081356393736,2000.0,0.3
7,Zprime_2000GeV_045,0.8442157202762526,2000.0,0.45
8,Zprime_2000GeV_060,0.8202436269090321,2000.0,0.6
9,Zprime_2000GeV_075,0.7971614767624252,2000.0,0.75
10,Zprime_2500GeV_015,0.8744437574078492,2500.0,0.15
11,Zprime_2500GeV_030,0.858935853629146,2500.0,0.3
12,Zprime_2500GeV_045,0.8423993986450077,2500.0,0.45
13,Zprime_2500GeV_060,0.8193749501305073,2500.0,0.6
14,Zprime_2500GeV_075,0.7843843792827999,2500.0,0.75
15,Zprime_3000GeV_015,0.880820154255081,3000.0,0.15
16,Zprime_3000GeV_030,0.8608825667181679,3000.0,0.3
17,Zprime_3000GeV_045,0.8386713354148079,3000.0,0.45
18,Zprime_3000GeV_060,0.8113317489006991,3000.0,0.6
19,Zprime_3000GeV_075,0.7816654119033077,3000.0,0.75
20,Zprime_3500GeV_015,0.8749561355166194,3500.0,0.15
21,Zprime_3500GeV_030,0.8658503881203639,3500.0,0.3
22,Zprime_3500GeV_045,0.8412665224069156,3500.0,0.45
23,Zprime_3500GeV_060,0.812859831235989,3500.0,0.6
24,Zprime_3500GeV_075,0.7783668299600361,3500.0,0.75
25,Zprime_4000GeV_015,0.8819894981185268,4000.0,0.15
26,Zprime_4000GeV_030,0.8699925491347813,4000.0,0.3
27,Zprime_4000GeV_045,0.8407068466756444,4000.0,0.45
28,Zprime_4000GeV_060,0.8113242255348956,4000.0,0.6
29,Zprime_4000GeV_075,0.7707360229308524,4000.0,0.75
