,name,auc,mass,nu
0,Zprime_1500GeV_015,0.8800542240482183,1500.0,0.15
1,Zprime_1500GeV_030,0.8683996025800071,1500.0,0.3
2,Zprime_1500GeV_045,0.8508405003866377,1500.0,0.45
3,Zprime_1500GeV_060,0.8293567941438589,1500.0,0.6
4,Zprime_1500GeV_075,0.7899397667349195,1500.0,0.75
5,Zprime_2000GeV_015,0.8764762490263529,2000.0,0.15
6,Zprime_2000GeV_030,0.8621797920683767,2000.0,0.3
7,Zprime_2000GeV_045,0.8407546347898538,2000.0,0.45
8,Zprime_2000GeV_060,0.8173133859859525,2000.0,0.6
9,Zprime_2000GeV_075,0.7945014774550532,2000.0,0.75
10,Zprime_2500GeV_015,0.871266334247449,2500.0,0.15
11,Zprime_2500GeV_030,0.8548588125006309,2500.0,0.3
12,Zprime_2500GeV_045,0.8371533548739372,2500.0,0.45
13,Zprime_2500GeV_060,0.8132448213120665,2500.0,0.6
14,Zprime_2500GeV_075,0.7798999078948232,2500.0,0.75
15,Zprime_3000GeV_015,0.8736870596716,3000.0,0.15
16,Zprime_3000GeV_030,0.8529512562984507,3000.0,0.3
17,Zprime_3000GeV_045,0.8335030195818631,3000.0,0.45
18,Zprime_3000GeV_060,0.8056546513050229,3000.0,0.6
19,Zprime_3000GeV_075,0.7747959386940957,3000.0,0.75
20,Zprime_3500GeV_015,0.8681090770951645,3500.0,0.15
21,Zprime_3500GeV_030,0.856483004204533,3500.0,0.3
22,Zprime_3500GeV_045,0.8320082019620646,3500.0,0.45
23,Zprime_3500GeV_060,0.8080855705824382,3500.0,0.6
24,Zprime_3500GeV_075,0.7710304778479652,3500.0,0.75
25,Zprime_4000GeV_015,0.8739657395464884,4000.0,0.15
26,Zprime_4000GeV_030,0.8611903752993662,4000.0,0.3
27,Zprime_4000GeV_045,0.833870647150418,4000.0,0.45
28,Zprime_4000GeV_060,0.8064249892715212,4000.0,0.6
29,Zprime_4000GeV_075,0.7646611924540383,4000.0,0.75
