,name,auc,mass,nu
0,Zprime_1500GeV_015,0.8455328100098461,1500.0,0.15
1,Zprime_1500GeV_030,0.8125085855821395,1500.0,0.3
2,Zprime_1500GeV_045,0.7946534086154858,1500.0,0.45
3,Zprime_1500GeV_060,0.768299201541126,1500.0,0.6
4,Zprime_1500GeV_075,0.7070184338458155,1500.0,0.75
5,Zprime_2000GeV_015,0.8300941810024566,2000.0,0.15
6,Zprime_2000GeV_030,0.8172285665847812,2000.0,0.3
7,Zprime_2000GeV_045,0.7894075500556543,2000.0,0.45
8,Zprime_2000GeV_060,0.7592207164316682,2000.0,0.6
9,Zprime_2000GeV_075,0.7315601424927749,2000.0,0.75
10,Zprime_2500GeV_015,0.8272466181845383,2500.0,0.15
11,Zprime_2500GeV_030,0.8106711762456837,2500.0,0.3
12,Zprime_2500GeV_045,0.7893812713158943,2500.0,0.45
13,Zprime_2500GeV_060,0.7594897084627639,2500.0,0.6
14,Zprime_2500GeV_075,0.7181220146220559,2500.0,0.75
15,Zprime_3000GeV_015,0.8306817453651729,3000.0,0.15
16,Zprime_3000GeV_030,0.8077446434590921,3000.0,0.3
17,Zprime_3000GeV_045,0.7829169732244001,3000.0,0.45
18,Zprime_3000GeV_060,0.7536424356825016,3000.0,0.6
19,Zprime_3000GeV_075,0.7219691312671284,3000.0,0.75
20,Zprime_3500GeV_015,0.8252891988797176,3500.0,0.15
21,Zprime_3500GeV_030,0.8093946678652717,3500.0,0.3
22,Zprime_3500GeV_045,0.7820032030336354,3500.0,0.45
23,Zprime_3500GeV_060,0.7586064421482557,3500.0,0.6
24,Zprime_3500GeV_075,0.7171550320140949,3500.0,0.75
25,Zprime_4000GeV_015,0.8368780190636116,4000.0,0.15
26,Zprime_4000GeV_030,0.8226864868684411,4000.0,0.3
27,Zprime_4000GeV_045,0.7859602744220656,4000.0,0.45
28,Zprime_4000GeV_060,0.7553800765637767,4000.0,0.6
29,Zprime_4000GeV_075,0.7132794746120278,4000.0,0.75
