,name,auc,mass,nu
0,Zprime_1500GeV_015,0.8808675380628623,1500.0,0.15
1,Zprime_1500GeV_030,0.8773144087730385,1500.0,0.3
2,Zprime_1500GeV_045,0.8536680832765438,1500.0,0.45
3,Zprime_1500GeV_060,0.8372380130925008,1500.0,0.6
4,Zprime_1500GeV_075,0.8096836986227214,1500.0,0.75
5,Zprime_2000GeV_015,0.8793574423685004,2000.0,0.15
6,Zprime_2000GeV_030,0.8642322141481168,2000.0,0.3
7,Zprime_2000GeV_045,0.8477430224788877,2000.0,0.45
8,Zprime_2000GeV_060,0.8242909894983534,2000.0,0.6
9,Zprime_2000GeV_075,0.8042813559623203,2000.0,0.75
10,Zprime_2500GeV_015,0.870931545460143,2500.0,0.15
11,Zprime_2500GeV_030,0.8565147223259886,2500.0,0.3
12,Zprime_2500GeV_045,0.8427691096686968,2500.0,0.45
13,Zprime_2500GeV_060,0.8222275868514004,2500.0,0.6
14,Zprime_2500GeV_075,0.7926527791979832,2500.0,0.75
15,Zprime_3000GeV_015,0.8765787529384907,3000.0,0.15
16,Zprime_3000GeV_030,0.857751979992394,3000.0,0.3
17,Zprime_3000GeV_045,0.8367115674300214,3000.0,0.45
18,Zprime_3000GeV_060,0.8120974836388948,3000.0,0.6
19,Zprime_3000GeV_075,0.7864911203941629,3000.0,0.75
20,Zprime_3500GeV_015,0.8701793370922745,3500.0,0.15
21,Zprime_3500GeV_030,0.8599354018490412,3500.0,0.3
22,Zprime_3500GeV_045,0.8377650873350734,3500.0,0.45
23,Zprime_3500GeV_060,0.8126049714378056,3500.0,0.6
24,Zprime_3500GeV_075,0.7817745154913842,3500.0,0.75
25,Zprime_4000GeV_015,0.8777425360102621,4000.0,0.15
26,Zprime_4000GeV_030,0.8671619523120417,4000.0,0.3
27,Zprime_4000GeV_045,0.8383115889547552,4000.0,0.45
28,Zprime_4000GeV_060,0.8131340558285018,4000.0,0.6
29,Zprime_4000GeV_075,0.7773288854310689,4000.0,0.75
