,name,auc,mass,nu
0,Zprime_1500GeV_015,0.8670289387986166,1500.0,0.15
1,Zprime_1500GeV_030,0.8593869867935255,1500.0,0.3
2,Zprime_1500GeV_045,0.8404584944872565,1500.0,0.45
3,Zprime_1500GeV_060,0.8167688543695347,1500.0,0.6
4,Zprime_1500GeV_075,0.7771170377042492,1500.0,0.75
5,Zprime_2000GeV_015,0.8662357806969229,2000.0,0.15
6,Zprime_2000GeV_030,0.8530072200025742,2000.0,0.3
7,Zprime_2000GeV_045,0.8297000178352563,2000.0,0.45
8,Zprime_2000GeV_060,0.8066224379236308,2000.0,0.6
9,Zprime_2000GeV_075,0.7823067164778531,2000.0,0.75
10,Zprime_2500GeV_015,0.864430293401338,2500.0,0.15
11,Zprime_2500GeV_030,0.8489473506626157,2500.0,0.3
12,Zprime_2500GeV_045,0.8299231842438184,2500.0,0.45
13,Zprime_2500GeV_060,0.8036151730574951,2500.0,0.6
14,Zprime_2500GeV_075,0.7688779034982465,2500.0,0.75
15,Zprime_3000GeV_015,0.869156785016928,3000.0,0.15
16,Zprime_3000GeV_030,0.8476004639034803,3000.0,0.3
17,Zprime_3000GeV_045,0.8258991642090081,3000.0,0.45
18,Zprime_3000GeV_060,0.7960319682127931,3000.0,0.6
19,Zprime_3000GeV_075,0.7630462613506146,3000.0,0.75
20,Zprime_3500GeV_015,0.8643212621131212,3500.0,0.15
21,Zprime_3500GeV_030,0.851391925474235,3500.0,0.3
22,Zprime_3500GeV_045,0.8231815133229253,3500.0,0.45
23,Zprime_3500GeV_060,0.7996293479139557,3500.0,0.6
24,Zprime_3500GeV_075,0.7588578058527782,3500.0,0.75
25,Zprime_4000GeV_015,0.8692637659221433,4000.0,0.15
26,Zprime_4000GeV_030,0.8577304343767042,4000.0,0.3
27,Zprime_4000GeV_045,0.8267610901860487,4000.0,0.45
28,Zprime_4000GeV_060,0.7989963475216847,4000.0,0.6
29,Zprime_4000GeV_075,0.7528753856675819,4000.0,0.75
