,name,auc,mass,nu
0,Zprime_1500GeV_015,0.8268775000794047,1500.0,0.15
1,Zprime_1500GeV_030,0.810596180182046,1500.0,0.3
2,Zprime_1500GeV_045,0.7859042632043729,1500.0,0.45
3,Zprime_1500GeV_060,0.7657898702348036,1500.0,0.6
4,Zprime_1500GeV_075,0.72042149333628,1500.0,0.75
5,Zprime_2000GeV_015,0.8243592043091514,2000.0,0.15
6,Zprime_2000GeV_030,0.8085187790958683,2000.0,0.3
7,Zprime_2000GeV_045,0.7839877522367275,2000.0,0.45
8,Zprime_2000GeV_060,0.7581458508156701,2000.0,0.6
9,Zprime_2000GeV_075,0.7313321147071553,2000.0,0.75
10,Zprime_2500GeV_015,0.8274165567715438,2500.0,0.15
11,Zprime_2500GeV_030,0.8087196278388663,2500.0,0.3
12,Zprime_2500GeV_045,0.7851520392391593,2500.0,0.45
13,Zprime_2500GeV_060,0.7580354377520453,2500.0,0.6
14,Zprime_2500GeV_075,0.7220686729522747,2500.0,0.75
15,Zprime_3000GeV_015,0.8394125270887289,3000.0,0.15
16,Zprime_3000GeV_030,0.8128945653810868,3000.0,0.3
17,Zprime_3000GeV_045,0.784775826126085,3000.0,0.45
18,Zprime_3000GeV_060,0.7524063316000025,3000.0,0.6
19,Zprime_3000GeV_075,0.7227312283933247,3000.0,0.75
20,Zprime_3500GeV_015,0.8392476101889454,3500.0,0.15
21,Zprime_3500GeV_030,0.8206635671223239,3500.0,0.3
22,Zprime_3500GeV_045,0.7869537229407892,3500.0,0.45
23,Zprime_3500GeV_060,0.7606930346738742,3500.0,0.6
24,Zprime_3500GeV_075,0.7209856151433114,3500.0,0.75
25,Zprime_4000GeV_015,0.8488428554240467,4000.0,0.15
26,Zprime_4000GeV_030,0.8305078715816882,4000.0,0.3
27,Zprime_4000GeV_045,0.794890558430935,4000.0,0.45
28,Zprime_4000GeV_060,0.7641143450880189,4000.0,0.6
29,Zprime_4000GeV_075,0.7162636417096678,4000.0,0.75
