,name,auc,mass,nu
0,Zprime_1500GeV_015,0.8688756812453642,1500.0,0.15
1,Zprime_1500GeV_030,0.8615294857949561,1500.0,0.3
2,Zprime_1500GeV_045,0.8464386401335806,1500.0,0.45
3,Zprime_1500GeV_060,0.8201216357390864,1500.0,0.6
4,Zprime_1500GeV_075,0.7812359957519168,1500.0,0.75
5,Zprime_2000GeV_015,0.8740515584892524,2000.0,0.15
6,Zprime_2000GeV_030,0.860873533855625,2000.0,0.3
7,Zprime_2000GeV_045,0.8390697069503879,2000.0,0.45
8,Zprime_2000GeV_060,0.8129144614261392,2000.0,0.6
9,Zprime_2000GeV_075,0.7869015409519862,2000.0,0.75
10,Zprime_2500GeV_015,0.8679367029346627,2500.0,0.15
11,Zprime_2500GeV_030,0.8530239720510993,2500.0,0.3
12,Zprime_2500GeV_045,0.8339744399963058,2500.0,0.45
13,Zprime_2500GeV_060,0.811264379309578,2500.0,0.6
14,Zprime_2500GeV_075,0.7730332033283148,2500.0,0.75
15,Zprime_3000GeV_015,0.8683310922296213,3000.0,0.15
16,Zprime_3000GeV_030,0.849571009792947,3000.0,0.3
17,Zprime_3000GeV_045,0.828414147035161,3000.0,0.45
18,Zprime_3000GeV_060,0.800884487159005,3000.0,0.6
19,Zprime_3000GeV_075,0.7684563543970958,3000.0,0.75
20,Zprime_3500GeV_015,0.861772509247081,3500.0,0.15
21,Zprime_3500GeV_030,0.8505436161108967,3500.0,0.3
22,Zprime_3500GeV_045,0.8233275571657593,3500.0,0.45
23,Zprime_3500GeV_060,0.8008185310992739,3500.0,0.6
24,Zprime_3500GeV_075,0.765330615358171,3500.0,0.75
25,Zprime_4000GeV_015,0.8646613866394014,4000.0,0.15
26,Zprime_4000GeV_030,0.8537353774358583,4000.0,0.3
27,Zprime_4000GeV_045,0.8250455041238933,4000.0,0.45
28,Zprime_4000GeV_060,0.8001531340384214,4000.0,0.6
29,Zprime_4000GeV_075,0.7589571551929637,4000.0,0.75
