,name,auc,mass,nu
0,Zprime_1500GeV_015,0.8807578895546426,1500.0,0.15
1,Zprime_1500GeV_030,0.8707782711332124,1500.0,0.3
2,Zprime_1500GeV_045,0.8578024486977637,1500.0,0.45
3,Zprime_1500GeV_060,0.8299517902268012,1500.0,0.6
4,Zprime_1500GeV_075,0.7941153696116956,1500.0,0.75
5,Zprime_2000GeV_015,0.8801973546692886,2000.0,0.15
6,Zprime_2000GeV_030,0.8659684221437715,2000.0,0.3
7,Zprime_2000GeV_045,0.8454049116546365,2000.0,0.45
8,Zprime_2000GeV_060,0.819701173580212,2000.0,0.6
9,Zprime_2000GeV_075,0.7962200150601235,2000.0,0.75
10,Zprime_2500GeV_015,0.877190321236091,2500.0,0.15
11,Zprime_2500GeV_030,0.8614866441452709,2500.0,0.3
12,Zprime_2500GeV_045,0.843004993045165,2500.0,0.45
13,Zprime_2500GeV_060,0.817074573077174,2500.0,0.6
14,Zprime_2500GeV_075,0.781928069633833,2500.0,0.75
15,Zprime_3000GeV_015,0.8829699054943829,3000.0,0.15
16,Zprime_3000GeV_030,0.8600511886685313,3000.0,0.3
17,Zprime_3000GeV_045,0.8385202958510309,3000.0,0.45
18,Zprime_3000GeV_060,0.8075041422330451,3000.0,0.6
19,Zprime_3000GeV_075,0.7754804316063594,3000.0,0.75
20,Zprime_3500GeV_015,0.8767184069588058,3500.0,0.15
21,Zprime_3500GeV_030,0.8641762038937298,3500.0,0.3
22,Zprime_3500GeV_045,0.83595806211481,3500.0,0.45
23,Zprime_3500GeV_060,0.8119461921032299,3500.0,0.6
24,Zprime_3500GeV_075,0.7721474904387435,3500.0,0.75
25,Zprime_4000GeV_015,0.8813571656789582,4000.0,0.15
26,Zprime_4000GeV_030,0.869523158243864,4000.0,0.3
27,Zprime_4000GeV_045,0.8395963035948979,4000.0,0.45
28,Zprime_4000GeV_060,0.8113606953658467,4000.0,0.6
29,Zprime_4000GeV_075,0.7677149869125084,4000.0,0.75
