,name,auc,mass,nu
0,Zprime_1500GeV_015,0.8776947376189435,1500.0,0.15
1,Zprime_1500GeV_030,0.8674203839155326,1500.0,0.3
2,Zprime_1500GeV_045,0.8525322185226334,1500.0,0.45
3,Zprime_1500GeV_060,0.8261596064057797,1500.0,0.6
4,Zprime_1500GeV_075,0.793275044967065,1500.0,0.75
5,Zprime_2000GeV_015,0.8744152136523355,2000.0,0.15
6,Zprime_2000GeV_030,0.860774082316146,2000.0,0.3
7,Zprime_2000GeV_045,0.8380393025920446,2000.0,0.45
8,Zprime_2000GeV_060,0.81491852782487,2000.0,0.6
9,Zprime_2000GeV_075,0.792627438544234,2000.0,0.75
10,Zprime_2500GeV_015,0.8704370249235645,2500.0,0.15
11,Zprime_2500GeV_030,0.8561913303313391,2500.0,0.3
12,Zprime_2500GeV_045,0.8361190497128602,2500.0,0.45
13,Zprime_2500GeV_060,0.8110488340966787,2500.0,0.6
14,Zprime_2500GeV_075,0.7756446427620217,2500.0,0.75
15,Zprime_3000GeV_015,0.8747655382723494,3000.0,0.15
16,Zprime_3000GeV_030,0.853331514633497,3000.0,0.3
17,Zprime_3000GeV_045,0.8324152191415839,3000.0,0.45
18,Zprime_3000GeV_060,0.8024264086138658,3000.0,0.6
19,Zprime_3000GeV_075,0.7702607764945968,3000.0,0.75
20,Zprime_3500GeV_015,0.8680874491298571,3500.0,0.15
21,Zprime_3500GeV_030,0.8568093970216257,3500.0,0.3
22,Zprime_3500GeV_045,0.8293745868166207,3500.0,0.45
23,Zprime_3500GeV_060,0.8037166527844724,3500.0,0.6
24,Zprime_3500GeV_075,0.7671420222594645,3500.0,0.75
25,Zprime_4000GeV_015,0.8709591780908237,4000.0,0.15
26,Zprime_4000GeV_030,0.8622827080008305,4000.0,0.3
27,Zprime_4000GeV_045,0.8314938775924408,4000.0,0.45
28,Zprime_4000GeV_060,0.8048807385330199,4000.0,0.6
29,Zprime_4000GeV_075,0.7609973887440606,4000.0,0.75
