,name,auc,mass,nu
0,Zprime_1500GeV_015,0.8875426683332305,1500.0,0.15
1,Zprime_1500GeV_030,0.8831007609203321,1500.0,0.3
2,Zprime_1500GeV_045,0.8615802092477224,1500.0,0.45
3,Zprime_1500GeV_060,0.846739356791988,1500.0,0.6
4,Zprime_1500GeV_075,0.8122624335399893,1500.0,0.75
5,Zprime_2000GeV_015,0.8847106044948831,2000.0,0.15
6,Zprime_2000GeV_030,0.8712184821389473,2000.0,0.3
7,Zprime_2000GeV_045,0.8524585368320857,2000.0,0.45
8,Zprime_2000GeV_060,0.8295533181263618,2000.0,0.6
9,Zprime_2000GeV_075,0.8093093221729586,2000.0,0.75
10,Zprime_2500GeV_015,0.8816027492139984,2500.0,0.15
11,Zprime_2500GeV_030,0.86599579499379,2500.0,0.3
12,Zprime_2500GeV_045,0.8479171059733202,2500.0,0.45
13,Zprime_2500GeV_060,0.8261705142055202,2500.0,0.6
14,Zprime_2500GeV_075,0.791561031831586,2500.0,0.75
15,Zprime_3000GeV_015,0.8868418569642558,3000.0,0.15
16,Zprime_3000GeV_030,0.8661268075798311,3000.0,0.3
17,Zprime_3000GeV_045,0.8436189901503552,3000.0,0.45
18,Zprime_3000GeV_060,0.8165460433174608,3000.0,0.6
19,Zprime_3000GeV_075,0.7878678234666682,3000.0,0.75
20,Zprime_3500GeV_015,0.8806628512517881,3500.0,0.15
21,Zprime_3500GeV_030,0.8704814577206004,3500.0,0.3
22,Zprime_3500GeV_045,0.8451948562960574,3500.0,0.45
23,Zprime_3500GeV_060,0.8186089337475755,3500.0,0.6
24,Zprime_3500GeV_075,0.7834226934811568,3500.0,0.75
25,Zprime_4000GeV_015,0.885914311650501,4000.0,0.15
26,Zprime_4000GeV_030,0.874542297779198,4000.0,0.3
27,Zprime_4000GeV_045,0.8446886531080121,4000.0,0.45
28,Zprime_4000GeV_060,0.817295575846002,4000.0,0.6
29,Zprime_4000GeV_075,0.7769128072598166,4000.0,0.75
