,name,auc,mass,nu
0,Zprime_1500GeV_015,0.8879298828734401,1500.0,0.15
1,Zprime_1500GeV_030,0.8844144870735475,1500.0,0.3
2,Zprime_1500GeV_045,0.865063022704777,1500.0,0.45
3,Zprime_1500GeV_060,0.8452245959308304,1500.0,0.6
4,Zprime_1500GeV_075,0.8081244311101214,1500.0,0.75
5,Zprime_2000GeV_015,0.8866957326494642,2000.0,0.15
6,Zprime_2000GeV_030,0.8708991876596878,2000.0,0.3
7,Zprime_2000GeV_045,0.8539347940750441,2000.0,0.45
8,Zprime_2000GeV_060,0.8308758209318566,2000.0,0.6
9,Zprime_2000GeV_075,0.8101570660645518,2000.0,0.75
10,Zprime_2500GeV_015,0.8814320214385082,2500.0,0.15
11,Zprime_2500GeV_030,0.8668273556250555,2500.0,0.3
12,Zprime_2500GeV_045,0.8491001003484089,2500.0,0.45
13,Zprime_2500GeV_060,0.828093140297762,2500.0,0.6
14,Zprime_2500GeV_075,0.7936292663942147,2500.0,0.75
15,Zprime_3000GeV_015,0.8850227142811584,3000.0,0.15
16,Zprime_3000GeV_030,0.8669749676597027,3000.0,0.3
17,Zprime_3000GeV_045,0.8464222903121482,3000.0,0.45
18,Zprime_3000GeV_060,0.8196940773803374,3000.0,0.6
19,Zprime_3000GeV_075,0.788480454229229,3000.0,0.75
20,Zprime_3500GeV_015,0.8826847921592698,3500.0,0.15
21,Zprime_3500GeV_030,0.8733058860961439,3500.0,0.3
22,Zprime_3500GeV_045,0.8470861268503381,3500.0,0.45
23,Zprime_3500GeV_060,0.8210832621432124,3500.0,0.6
24,Zprime_3500GeV_075,0.7868167354217696,3500.0,0.75
25,Zprime_4000GeV_015,0.8873033108669269,4000.0,0.15
26,Zprime_4000GeV_030,0.875487850667669,4000.0,0.3
27,Zprime_4000GeV_045,0.8485572822078458,4000.0,0.45
28,Zprime_4000GeV_060,0.8196053431834985,4000.0,0.6
29,Zprime_4000GeV_075,0.7798704025389449,4000.0,0.75
