,name,auc,mass,nu
0,Zprime_1500GeV_015,0.8756671160036845,1500.0,0.15
1,Zprime_1500GeV_030,0.8652088700422885,1500.0,0.3
2,Zprime_1500GeV_045,0.8483308146798879,1500.0,0.45
3,Zprime_1500GeV_060,0.8258582279550717,1500.0,0.6
4,Zprime_1500GeV_075,0.7921378930467496,1500.0,0.75
5,Zprime_2000GeV_015,0.8735646039361112,2000.0,0.15
6,Zprime_2000GeV_030,0.8600158613899309,2000.0,0.3
7,Zprime_2000GeV_045,0.836777800467976,2000.0,0.45
8,Zprime_2000GeV_060,0.8145551676304487,2000.0,0.6
9,Zprime_2000GeV_075,0.7890377630875393,2000.0,0.75
10,Zprime_2500GeV_015,0.869847433480881,2500.0,0.15
11,Zprime_2500GeV_030,0.8547870521265132,2500.0,0.3
12,Zprime_2500GeV_045,0.837532385239969,2500.0,0.45
13,Zprime_2500GeV_060,0.8107349596880091,2500.0,0.6
14,Zprime_2500GeV_075,0.7774115995949474,2500.0,0.75
15,Zprime_3000GeV_015,0.8763370069229675,3000.0,0.15
16,Zprime_3000GeV_030,0.8537667591822895,3000.0,0.3
17,Zprime_3000GeV_045,0.8332829112237906,3000.0,0.45
18,Zprime_3000GeV_060,0.8056792292172714,3000.0,0.6
19,Zprime_3000GeV_075,0.7716630274355829,3000.0,0.75
20,Zprime_3500GeV_015,0.8701631009044749,3500.0,0.15
21,Zprime_3500GeV_030,0.8583452714664439,3500.0,0.3
22,Zprime_3500GeV_045,0.830103513525114,3500.0,0.45
23,Zprime_3500GeV_060,0.8059942600172744,3500.0,0.6
24,Zprime_3500GeV_075,0.7667159877100252,3500.0,0.75
25,Zprime_4000GeV_015,0.8736430623378112,4000.0,0.15
26,Zprime_4000GeV_030,0.8624561372251385,4000.0,0.3
27,Zprime_4000GeV_045,0.8326316667867308,4000.0,0.45
28,Zprime_4000GeV_060,0.8060464249172534,4000.0,0.6
29,Zprime_4000GeV_075,0.760326516512344,4000.0,0.75
