,name,auc,mass,nu
0,Zprime_1500GeV_015,0.8759627816296829,1500.0,0.15
1,Zprime_1500GeV_030,0.865429453460333,1500.0,0.3
2,Zprime_1500GeV_045,0.8405749469787029,1500.0,0.45
3,Zprime_1500GeV_060,0.8265135320648994,1500.0,0.6
4,Zprime_1500GeV_075,0.7755765355352824,1500.0,0.75
5,Zprime_2000GeV_015,0.8760178550914206,2000.0,0.15
6,Zprime_2000GeV_030,0.8625039503294897,2000.0,0.3
7,Zprime_2000GeV_045,0.8393191723680541,2000.0,0.45
8,Zprime_2000GeV_060,0.8133455847057531,2000.0,0.6
9,Zprime_2000GeV_075,0.7854837389286062,2000.0,0.75
10,Zprime_2500GeV_015,0.8713245462932855,2500.0,0.15
11,Zprime_2500GeV_030,0.8547573264408852,2500.0,0.3
12,Zprime_2500GeV_045,0.835028723431863,2500.0,0.45
13,Zprime_2500GeV_060,0.8099033291238273,2500.0,0.6
14,Zprime_2500GeV_075,0.7717336950345951,2500.0,0.75
15,Zprime_3000GeV_015,0.8698615099811812,3000.0,0.15
16,Zprime_3000GeV_030,0.8505143704862461,3000.0,0.3
17,Zprime_3000GeV_045,0.8287912569828929,3000.0,0.45
18,Zprime_3000GeV_060,0.7990274118776963,3000.0,0.6
19,Zprime_3000GeV_075,0.7685278495727688,3000.0,0.75
20,Zprime_3500GeV_015,0.8628974920615509,3500.0,0.15
21,Zprime_3500GeV_030,0.849913419552075,3500.0,0.3
22,Zprime_3500GeV_045,0.8245983506065404,3500.0,0.45
23,Zprime_3500GeV_060,0.7993782045603305,3500.0,0.6
24,Zprime_3500GeV_075,0.7611051201065705,3500.0,0.75
25,Zprime_4000GeV_015,0.8676127941160818,4000.0,0.15
26,Zprime_4000GeV_030,0.854531843039242,4000.0,0.3
27,Zprime_4000GeV_045,0.8254172802675761,4000.0,0.45
28,Zprime_4000GeV_060,0.7971879592967333,4000.0,0.6
29,Zprime_4000GeV_075,0.7530563722174763,4000.0,0.75
