,name,auc,mass,nu
0,Zprime_1500GeV_015,0.8779247776202139,1500.0,0.15
1,Zprime_1500GeV_030,0.8693263171075517,1500.0,0.3
2,Zprime_1500GeV_045,0.8467770716080151,1500.0,0.45
3,Zprime_1500GeV_060,0.8256747708294978,1500.0,0.6
4,Zprime_1500GeV_075,0.7843527170264311,1500.0,0.75
5,Zprime_2000GeV_015,0.874793166213046,2000.0,0.15
6,Zprime_2000GeV_030,0.8619815545595668,2000.0,0.3
7,Zprime_2000GeV_045,0.8388840624682701,2000.0,0.45
8,Zprime_2000GeV_060,0.8157122861125644,2000.0,0.6
9,Zprime_2000GeV_075,0.7919970021179544,2000.0,0.75
10,Zprime_2500GeV_015,0.870710798166894,2500.0,0.15
11,Zprime_2500GeV_030,0.8547316717278549,2500.0,0.3
12,Zprime_2500GeV_045,0.8365109611541023,2500.0,0.45
13,Zprime_2500GeV_060,0.8114479499114813,2500.0,0.6
14,Zprime_2500GeV_075,0.7762155653467996,2500.0,0.75
15,Zprime_3000GeV_015,0.8740547533742125,3000.0,0.15
16,Zprime_3000GeV_030,0.8535996240664008,3000.0,0.3
17,Zprime_3000GeV_045,0.8313776471158705,3000.0,0.45
18,Zprime_3000GeV_060,0.8041737017454466,3000.0,0.6
19,Zprime_3000GeV_075,0.7714704416234552,3000.0,0.75
20,Zprime_3500GeV_015,0.868412331109568,3500.0,0.15
21,Zprime_3500GeV_030,0.8562887662610076,3500.0,0.3
22,Zprime_3500GeV_045,0.8287485491391318,3500.0,0.45
23,Zprime_3500GeV_060,0.8059360423086375,3500.0,0.6
24,Zprime_3500GeV_075,0.7694927162562846,3500.0,0.75
25,Zprime_4000GeV_015,0.8727996117441817,4000.0,0.15
26,Zprime_4000GeV_030,0.8626843499979725,4000.0,0.3
27,Zprime_4000GeV_045,0.8322452231645836,4000.0,0.45
28,Zprime_4000GeV_060,0.8037278345088156,4000.0,0.6
29,Zprime_4000GeV_075,0.7613973315373181,4000.0,0.75
