,name,auc,mass,nu
0,Zprime_1500GeV_015,0.8760062206553034,1500.0,0.15
1,Zprime_1500GeV_030,0.8710315458063261,1500.0,0.3
2,Zprime_1500GeV_045,0.8496423739046273,1500.0,0.45
3,Zprime_1500GeV_060,0.8342418521107055,1500.0,0.6
4,Zprime_1500GeV_075,0.7998071983021061,1500.0,0.75
5,Zprime_2000GeV_015,0.875012434748614,2000.0,0.15
6,Zprime_2000GeV_030,0.8611107925476214,2000.0,0.3
7,Zprime_2000GeV_045,0.8441028238648659,2000.0,0.45
8,Zprime_2000GeV_060,0.820968464602567,2000.0,0.6
9,Zprime_2000GeV_075,0.7981239711438896,2000.0,0.75
10,Zprime_2500GeV_015,0.8711326908146517,2500.0,0.15
11,Zprime_2500GeV_030,0.8563825497299393,2500.0,0.3
12,Zprime_2500GeV_045,0.8387316333045769,2500.0,0.45
13,Zprime_2500GeV_060,0.8172735132932265,2500.0,0.6
14,Zprime_2500GeV_075,0.7849616148952339,2500.0,0.75
15,Zprime_3000GeV_015,0.8778059184068076,3000.0,0.15
16,Zprime_3000GeV_030,0.8573759738439337,3000.0,0.3
17,Zprime_3000GeV_045,0.8369472516988183,3000.0,0.45
18,Zprime_3000GeV_060,0.8095065691290946,3000.0,0.6
19,Zprime_3000GeV_075,0.7840042345349157,3000.0,0.75
20,Zprime_3500GeV_015,0.8739727264176553,3500.0,0.15
21,Zprime_3500GeV_030,0.8617420430737341,3500.0,0.3
22,Zprime_3500GeV_045,0.8368200053247515,3500.0,0.45
23,Zprime_3500GeV_060,0.8106434201390229,3500.0,0.6
24,Zprime_3500GeV_075,0.7785265244295476,3500.0,0.75
25,Zprime_4000GeV_015,0.8781297416122428,4000.0,0.15
26,Zprime_4000GeV_030,0.8664638474350898,4000.0,0.3
27,Zprime_4000GeV_045,0.8388212819324528,4000.0,0.45
28,Zprime_4000GeV_060,0.8097657759665623,4000.0,0.6
29,Zprime_4000GeV_075,0.7711180189478942,4000.0,0.75
