,name,auc,mass,nu
0,Zprime_1500GeV_015,0.880948110449094,1500.0,0.15
1,Zprime_1500GeV_030,0.8684970819587596,1500.0,0.3
2,Zprime_1500GeV_045,0.8462550394115641,1500.0,0.45
3,Zprime_1500GeV_060,0.8288002787858458,1500.0,0.6
4,Zprime_1500GeV_075,0.7828139588485082,1500.0,0.75
5,Zprime_2000GeV_015,0.8801758800919754,2000.0,0.15
6,Zprime_2000GeV_030,0.8660153277733309,2000.0,0.3
7,Zprime_2000GeV_045,0.8433473638616638,2000.0,0.45
8,Zprime_2000GeV_060,0.8166641210766652,2000.0,0.6
9,Zprime_2000GeV_075,0.7919415193608532,2000.0,0.75
10,Zprime_2500GeV_015,0.8721312848265121,2500.0,0.15
11,Zprime_2500GeV_030,0.8583627921721864,2500.0,0.3
12,Zprime_2500GeV_045,0.8397963235141926,2500.0,0.45
13,Zprime_2500GeV_060,0.8134939544004259,2500.0,0.6
14,Zprime_2500GeV_075,0.7748997596876932,2500.0,0.75
15,Zprime_3000GeV_015,0.873128531642897,3000.0,0.15
16,Zprime_3000GeV_030,0.852786393381792,3000.0,0.3
17,Zprime_3000GeV_045,0.8324239732096983,3000.0,0.45
18,Zprime_3000GeV_060,0.8031717001551937,3000.0,0.6
19,Zprime_3000GeV_075,0.7703072202960644,3000.0,0.75
20,Zprime_3500GeV_015,0.8657875213188205,3500.0,0.15
21,Zprime_3500GeV_030,0.8528716961035693,3500.0,0.3
22,Zprime_3500GeV_045,0.8277614560450248,3500.0,0.45
23,Zprime_3500GeV_060,0.8043858434353632,3500.0,0.6
24,Zprime_3500GeV_075,0.7657637080486442,3500.0,0.75
25,Zprime_4000GeV_015,0.8712630888497825,4000.0,0.15
26,Zprime_4000GeV_030,0.8592679673395103,4000.0,0.3
27,Zprime_4000GeV_045,0.830680671872905,4000.0,0.45
28,Zprime_4000GeV_060,0.8032804945725485,4000.0,0.6
29,Zprime_4000GeV_075,0.7594497579721168,4000.0,0.75
