,name,auc,mass,nu
0,Zprime_1500GeV_015,0.856311643714046,1500.0,0.15
1,Zprime_1500GeV_030,0.8444880958922348,1500.0,0.3
2,Zprime_1500GeV_045,0.8195478327098742,1500.0,0.45
3,Zprime_1500GeV_060,0.7977035953716203,1500.0,0.6
4,Zprime_1500GeV_075,0.7496361337085845,1500.0,0.75
5,Zprime_2000GeV_015,0.8636887135500094,2000.0,0.15
6,Zprime_2000GeV_030,0.8490928483668394,2000.0,0.3
7,Zprime_2000GeV_045,0.8244475443818371,2000.0,0.45
8,Zprime_2000GeV_060,0.7963625434114673,2000.0,0.6
9,Zprime_2000GeV_075,0.7643572059681315,2000.0,0.75
10,Zprime_2500GeV_015,0.8678593173666924,2500.0,0.15
11,Zprime_2500GeV_030,0.8511523613633569,2500.0,0.3
12,Zprime_2500GeV_045,0.8292107851372564,2500.0,0.45
13,Zprime_2500GeV_060,0.8000697991224133,2500.0,0.6
14,Zprime_2500GeV_075,0.7558128760078558,2500.0,0.75
15,Zprime_3000GeV_015,0.8756359426534688,3000.0,0.15
16,Zprime_3000GeV_030,0.8512175884382764,3000.0,0.3
17,Zprime_3000GeV_045,0.8301241807789048,3000.0,0.45
18,Zprime_3000GeV_060,0.7961824306267511,3000.0,0.6
19,Zprime_3000GeV_075,0.7562525574851864,3000.0,0.75
20,Zprime_3500GeV_015,0.8745385344374654,3500.0,0.15
21,Zprime_3500GeV_030,0.8586016416629842,3500.0,0.3
22,Zprime_3500GeV_045,0.828530850269373,3500.0,0.45
23,Zprime_3500GeV_060,0.7992202556666094,3500.0,0.6
24,Zprime_3500GeV_075,0.7549691568905506,3500.0,0.75
25,Zprime_4000GeV_015,0.877383929420387,4000.0,0.15
26,Zprime_4000GeV_030,0.8640664312137272,4000.0,0.3
27,Zprime_4000GeV_045,0.8297767192009006,4000.0,0.45
28,Zprime_4000GeV_060,0.7990582540784346,4000.0,0.6
29,Zprime_4000GeV_075,0.7491905697382463,4000.0,0.75
