,name,auc,mass,nu
0,Zprime_1500GeV_015,0.869058545530638,1500.0,0.15
1,Zprime_1500GeV_030,0.8551158578079662,1500.0,0.3
2,Zprime_1500GeV_045,0.8327028464041601,1500.0,0.45
3,Zprime_1500GeV_060,0.8175122761057766,1500.0,0.6
4,Zprime_1500GeV_075,0.7715674489233855,1500.0,0.75
5,Zprime_2000GeV_015,0.8675083174398676,2000.0,0.15
6,Zprime_2000GeV_030,0.8534864390423587,2000.0,0.3
7,Zprime_2000GeV_045,0.8310593001354186,2000.0,0.45
8,Zprime_2000GeV_060,0.8053374495653819,2000.0,0.6
9,Zprime_2000GeV_075,0.7792245450640563,2000.0,0.75
10,Zprime_2500GeV_015,0.8628541036117593,2500.0,0.15
11,Zprime_2500GeV_030,0.8473951924817542,2500.0,0.3
12,Zprime_2500GeV_045,0.8272785818293418,2500.0,0.45
13,Zprime_2500GeV_060,0.8020768890563841,2500.0,0.6
14,Zprime_2500GeV_075,0.7656066849381402,2500.0,0.75
15,Zprime_3000GeV_015,0.8645353062961014,3000.0,0.15
16,Zprime_3000GeV_030,0.8428289362062987,3000.0,0.3
17,Zprime_3000GeV_045,0.822897270004411,3000.0,0.45
18,Zprime_3000GeV_060,0.7946263650502137,3000.0,0.6
19,Zprime_3000GeV_075,0.7605830345229306,3000.0,0.75
20,Zprime_3500GeV_015,0.8583521384252096,3500.0,0.15
21,Zprime_3500GeV_030,0.8450931357062557,3500.0,0.3
22,Zprime_3500GeV_045,0.8198504193409135,3500.0,0.45
23,Zprime_3500GeV_060,0.7950277833224261,3500.0,0.6
24,Zprime_3500GeV_075,0.7566510678526922,3500.0,0.75
25,Zprime_4000GeV_015,0.86374242971991,4000.0,0.15
26,Zprime_4000GeV_030,0.8524590994897234,4000.0,0.3
27,Zprime_4000GeV_045,0.8226332622073298,4000.0,0.45
28,Zprime_4000GeV_060,0.7945524209704565,4000.0,0.6
29,Zprime_4000GeV_075,0.7491099903850982,4000.0,0.75
