,name,auc,mass,nu
0,Zprime_1500GeV_015,0.8722742011423062,1500.0,0.15
1,Zprime_1500GeV_030,0.8622255123347078,1500.0,0.3
2,Zprime_1500GeV_045,0.838647798251796,1500.0,0.45
3,Zprime_1500GeV_060,0.8165955294236341,1500.0,0.6
4,Zprime_1500GeV_075,0.7756991032258532,1500.0,0.75
5,Zprime_2000GeV_015,0.8699621723896586,2000.0,0.15
6,Zprime_2000GeV_030,0.8566612854466874,2000.0,0.3
7,Zprime_2000GeV_045,0.8360171496066167,2000.0,0.45
8,Zprime_2000GeV_060,0.809287302483646,2000.0,0.6
9,Zprime_2000GeV_075,0.7849766881762074,2000.0,0.75
10,Zprime_2500GeV_015,0.8655555859873315,2500.0,0.15
11,Zprime_2500GeV_030,0.8498449419637089,2500.0,0.3
12,Zprime_2500GeV_045,0.8317438969076909,2500.0,0.45
13,Zprime_2500GeV_060,0.8064023490293308,2500.0,0.6
14,Zprime_2500GeV_075,0.7691733152601918,2500.0,0.75
15,Zprime_3000GeV_015,0.8669200840324023,3000.0,0.15
16,Zprime_3000GeV_030,0.8471755525711431,3000.0,0.3
17,Zprime_3000GeV_045,0.8260031689632088,3000.0,0.45
18,Zprime_3000GeV_060,0.7990307281376865,3000.0,0.6
19,Zprime_3000GeV_075,0.7668866337783101,3000.0,0.75
20,Zprime_3500GeV_015,0.8635278066745677,3500.0,0.15
21,Zprime_3500GeV_030,0.8489491224885479,3500.0,0.3
22,Zprime_3500GeV_045,0.8251768631292652,3500.0,0.45
23,Zprime_3500GeV_060,0.8003187417900511,3500.0,0.6
24,Zprime_3500GeV_075,0.7626474582097891,3500.0,0.75
25,Zprime_4000GeV_015,0.8707065270522691,4000.0,0.15
26,Zprime_4000GeV_030,0.8578578654687785,4000.0,0.3
27,Zprime_4000GeV_045,0.8277565266025522,4000.0,0.45
28,Zprime_4000GeV_060,0.7988653325978613,4000.0,0.6
29,Zprime_4000GeV_075,0.7579803796032993,4000.0,0.75
