,name,auc,mass,nu
0,Zprime_1500GeV_015,0.8743006550418229,1500.0,0.15
1,Zprime_1500GeV_030,0.8672334163537111,1500.0,0.3
2,Zprime_1500GeV_045,0.8493681807210897,1500.0,0.45
3,Zprime_1500GeV_060,0.8255241893932894,1500.0,0.6
4,Zprime_1500GeV_075,0.7860684554154969,1500.0,0.75
5,Zprime_2000GeV_015,0.8773440156197304,2000.0,0.15
6,Zprime_2000GeV_030,0.8626264664344953,2000.0,0.3
7,Zprime_2000GeV_045,0.8401361145685141,2000.0,0.45
8,Zprime_2000GeV_060,0.8158871675878299,2000.0,0.6
9,Zprime_2000GeV_075,0.790813573947183,2000.0,0.75
10,Zprime_2500GeV_015,0.8751266384454869,2500.0,0.15
11,Zprime_2500GeV_030,0.8578203515091151,2500.0,0.3
12,Zprime_2500GeV_045,0.8403138937315497,2500.0,0.45
13,Zprime_2500GeV_060,0.8134895869592421,2500.0,0.6
14,Zprime_2500GeV_075,0.7773539153207861,2500.0,0.75
15,Zprime_3000GeV_015,0.8794813128623326,3000.0,0.15
16,Zprime_3000GeV_030,0.8560179594627162,3000.0,0.3
17,Zprime_3000GeV_045,0.8347161737422402,3000.0,0.45
18,Zprime_3000GeV_060,0.8057698170724314,3000.0,0.6
19,Zprime_3000GeV_075,0.7700024699510871,3000.0,0.75
20,Zprime_3500GeV_015,0.8742364245022622,3500.0,0.15
21,Zprime_3500GeV_030,0.8593135945144759,3500.0,0.3
22,Zprime_3500GeV_045,0.8314559207955496,3500.0,0.45
23,Zprime_3500GeV_060,0.8064989452809417,3500.0,0.6
24,Zprime_3500GeV_075,0.7687130763611362,3500.0,0.75
25,Zprime_4000GeV_015,0.8774747132222167,4000.0,0.15
26,Zprime_4000GeV_030,0.8655112681049556,4000.0,0.3
27,Zprime_4000GeV_045,0.8335702183009965,4000.0,0.45
28,Zprime_4000GeV_060,0.8051993077114767,4000.0,0.6
29,Zprime_4000GeV_075,0.7613619256690233,4000.0,0.75
