,name,auc,mass,nu
0,Zprime_1500GeV_015,0.8442984176984601,1500.0,0.15
1,Zprime_1500GeV_030,0.8210089723295932,1500.0,0.3
2,Zprime_1500GeV_045,0.8021617667308902,1500.0,0.45
3,Zprime_1500GeV_060,0.7729022831034478,1500.0,0.6
4,Zprime_1500GeV_075,0.7195290582392555,1500.0,0.75
5,Zprime_2000GeV_015,0.8326065812322538,2000.0,0.15
6,Zprime_2000GeV_030,0.8190320312972246,2000.0,0.3
7,Zprime_2000GeV_045,0.7927774722840498,2000.0,0.45
8,Zprime_2000GeV_060,0.7642977878413808,2000.0,0.6
9,Zprime_2000GeV_075,0.7359194598880517,2000.0,0.75
10,Zprime_2500GeV_015,0.8286285623817872,2500.0,0.15
11,Zprime_2500GeV_030,0.8129620414828165,2500.0,0.3
12,Zprime_2500GeV_045,0.7921308765571682,2500.0,0.45
13,Zprime_2500GeV_060,0.7628976715070899,2500.0,0.6
14,Zprime_2500GeV_075,0.7233979310501415,2500.0,0.75
15,Zprime_3000GeV_015,0.8349771007053499,3000.0,0.15
16,Zprime_3000GeV_030,0.8117157625271886,3000.0,0.3
17,Zprime_3000GeV_045,0.7869725208620828,3000.0,0.45
18,Zprime_3000GeV_060,0.7584625862336725,3000.0,0.6
19,Zprime_3000GeV_075,0.7279127937594727,3000.0,0.75
20,Zprime_3500GeV_015,0.8308073606258376,3500.0,0.15
21,Zprime_3500GeV_030,0.8166604457125991,3500.0,0.3
22,Zprime_3500GeV_045,0.7875965074004598,3500.0,0.45
23,Zprime_3500GeV_060,0.7625966779677331,3500.0,0.6
24,Zprime_3500GeV_075,0.7213783786687293,3500.0,0.75
25,Zprime_4000GeV_015,0.8409491580401497,4000.0,0.15
26,Zprime_4000GeV_030,0.8276699929822586,4000.0,0.3
27,Zprime_4000GeV_045,0.7920821730631203,4000.0,0.45
28,Zprime_4000GeV_060,0.7629868180589592,4000.0,0.6
29,Zprime_4000GeV_075,0.7174112878868568,4000.0,0.75
