,name,auc,mass,nu
0,Zprime_1500GeV_015,0.8718614136273362,1500.0,0.15
1,Zprime_1500GeV_030,0.861108792270123,1500.0,0.3
2,Zprime_1500GeV_045,0.8383038214206259,1500.0,0.45
3,Zprime_1500GeV_060,0.8168361686908748,1500.0,0.6
4,Zprime_1500GeV_075,0.7743030732749696,1500.0,0.75
5,Zprime_2000GeV_015,0.8694880456211617,2000.0,0.15
6,Zprime_2000GeV_030,0.8559457975371789,2000.0,0.3
7,Zprime_2000GeV_045,0.8331727779989755,2000.0,0.45
8,Zprime_2000GeV_060,0.8070491543016352,2000.0,0.6
9,Zprime_2000GeV_075,0.7813977557043437,2000.0,0.75
10,Zprime_2500GeV_015,0.8649129685945675,2500.0,0.15
11,Zprime_2500GeV_030,0.8506013236152963,2500.0,0.3
12,Zprime_2500GeV_045,0.8298631180880449,2500.0,0.45
13,Zprime_2500GeV_060,0.8047777771802724,2500.0,0.6
14,Zprime_2500GeV_075,0.7673676403306119,2500.0,0.75
15,Zprime_3000GeV_015,0.8653163039792114,3000.0,0.15
16,Zprime_3000GeV_030,0.8457055303555842,3000.0,0.3
17,Zprime_3000GeV_045,0.8242701988996084,3000.0,0.45
18,Zprime_3000GeV_060,0.7943262041139958,3000.0,0.6
19,Zprime_3000GeV_075,0.7632221930178054,3000.0,0.75
20,Zprime_3500GeV_015,0.8567663351141372,3500.0,0.15
21,Zprime_3500GeV_030,0.8463764902852642,3500.0,0.3
22,Zprime_3500GeV_045,0.8205436859107805,3500.0,0.45
23,Zprime_3500GeV_060,0.7955175171451316,3500.0,0.6
24,Zprime_3500GeV_075,0.7582817240342057,3500.0,0.75
25,Zprime_4000GeV_015,0.8616407811833372,4000.0,0.15
26,Zprime_4000GeV_030,0.850760081307751,4000.0,0.3
27,Zprime_4000GeV_045,0.8201186517732793,4000.0,0.45
28,Zprime_4000GeV_060,0.7954788690181499,4000.0,0.6
29,Zprime_4000GeV_075,0.7508057099284854,4000.0,0.75
