,name,auc,mass,nu
0,Zprime_1500GeV_015,0.883669705530115,1500.0,0.15
1,Zprime_1500GeV_030,0.8801859557839878,1500.0,0.3
2,Zprime_1500GeV_045,0.8560091022912975,1500.0,0.45
3,Zprime_1500GeV_060,0.8441774782772535,1500.0,0.6
4,Zprime_1500GeV_075,0.8022595985081481,1500.0,0.75
5,Zprime_2000GeV_015,0.8847210284939502,2000.0,0.15
6,Zprime_2000GeV_030,0.8695042806229422,2000.0,0.3
7,Zprime_2000GeV_045,0.8501321957558176,2000.0,0.45
8,Zprime_2000GeV_060,0.8274034334895627,2000.0,0.6
9,Zprime_2000GeV_075,0.8001742720653201,2000.0,0.75
10,Zprime_2500GeV_015,0.8782948769551431,2500.0,0.15
11,Zprime_2500GeV_030,0.8625108856795847,2500.0,0.3
12,Zprime_2500GeV_045,0.8448937411107711,2500.0,0.45
13,Zprime_2500GeV_060,0.8232754457224438,2500.0,0.6
14,Zprime_2500GeV_075,0.7871820801268978,2500.0,0.75
15,Zprime_3000GeV_015,0.8822269740898333,3000.0,0.15
16,Zprime_3000GeV_030,0.8634503584119708,3000.0,0.3
17,Zprime_3000GeV_045,0.8416454792707257,3000.0,0.45
18,Zprime_3000GeV_060,0.8143042333762374,3000.0,0.6
19,Zprime_3000GeV_075,0.7875888800306634,3000.0,0.75
20,Zprime_3500GeV_015,0.8759289801395641,3500.0,0.15
21,Zprime_3500GeV_030,0.8666871324392079,3500.0,0.3
22,Zprime_3500GeV_045,0.843610969627716,3500.0,0.45
23,Zprime_3500GeV_060,0.8165186774929245,3500.0,0.6
24,Zprime_3500GeV_075,0.7823602122813803,3500.0,0.75
25,Zprime_4000GeV_015,0.8853560582293508,4000.0,0.15
26,Zprime_4000GeV_030,0.8727360388859736,4000.0,0.3
27,Zprime_4000GeV_045,0.8437576366215233,4000.0,0.45
28,Zprime_4000GeV_060,0.8147056632066917,4000.0,0.6
29,Zprime_4000GeV_075,0.7739619280879366,4000.0,0.75
