,name,auc,mass,nu
0,Zprime_1500GeV_015,0.8816511920976472,1500.0,0.15
1,Zprime_1500GeV_030,0.8750085855821395,1500.0,0.3
2,Zprime_1500GeV_045,0.8607173846823851,1500.0,0.45
3,Zprime_1500GeV_060,0.8431196356037032,1500.0,0.6
4,Zprime_1500GeV_075,0.8071878381598634,1500.0,0.75
5,Zprime_2000GeV_015,0.8824402688904167,2000.0,0.15
6,Zprime_2000GeV_030,0.866329596344675,2000.0,0.3
7,Zprime_2000GeV_045,0.8478093722940514,2000.0,0.45
8,Zprime_2000GeV_060,0.8262614881370391,2000.0,0.6
9,Zprime_2000GeV_075,0.8019538905651573,2000.0,0.75
10,Zprime_2500GeV_015,0.8755628116467745,2500.0,0.15
11,Zprime_2500GeV_030,0.8618537447314283,2500.0,0.3
12,Zprime_2500GeV_045,0.8448433252548189,2500.0,0.45
13,Zprime_2500GeV_060,0.8229252946642077,2500.0,0.6
14,Zprime_2500GeV_075,0.7896434700019828,2500.0,0.75
15,Zprime_3000GeV_015,0.8805950050380724,3000.0,0.15
16,Zprime_3000GeV_030,0.8617183430603277,3000.0,0.3
17,Zprime_3000GeV_045,0.8411154920190678,3000.0,0.45
18,Zprime_3000GeV_060,0.8140348281748091,3000.0,0.6
19,Zprime_3000GeV_075,0.7865905271828025,3000.0,0.75
20,Zprime_3500GeV_015,0.8772935745201584,3500.0,0.15
21,Zprime_3500GeV_030,0.8669426313930281,3500.0,0.3
22,Zprime_3500GeV_045,0.8429633591936133,3500.0,0.45
23,Zprime_3500GeV_060,0.8157054153104389,3500.0,0.6
24,Zprime_3500GeV_075,0.7826991856817499,3500.0,0.75
25,Zprime_4000GeV_015,0.8814720727386887,4000.0,0.15
26,Zprime_4000GeV_030,0.8732817654930486,4000.0,0.3
27,Zprime_4000GeV_045,0.8436370230065363,4000.0,0.45
28,Zprime_4000GeV_060,0.8168147867433034,4000.0,0.6
29,Zprime_4000GeV_075,0.7740353733188622,4000.0,0.75
