,name,auc,mass,nu
0,Zprime_1500GeV_015,0.8325271423847185,1500.0,0.15
1,Zprime_1500GeV_030,0.820026913818719,1500.0,0.3
2,Zprime_1500GeV_045,0.7928152052144363,1500.0,0.45
3,Zprime_1500GeV_060,0.76777006462606,1500.0,0.6
4,Zprime_1500GeV_075,0.7257096229798305,1500.0,0.75
5,Zprime_2000GeV_015,0.8339536353280926,2000.0,0.15
6,Zprime_2000GeV_030,0.8181409523298522,2000.0,0.3
7,Zprime_2000GeV_045,0.7950043979688343,2000.0,0.45
8,Zprime_2000GeV_060,0.7644447635884162,2000.0,0.6
9,Zprime_2000GeV_075,0.7349100499399208,2000.0,0.75
10,Zprime_2500GeV_015,0.8372582106869288,2500.0,0.15
11,Zprime_2500GeV_030,0.8177632605939704,2500.0,0.3
12,Zprime_2500GeV_045,0.796356147650743,2500.0,0.45
13,Zprime_2500GeV_060,0.7670306588557536,2500.0,0.6
14,Zprime_2500GeV_075,0.726498738505345,2500.0,0.75
15,Zprime_3000GeV_015,0.8504945631592363,3000.0,0.15
16,Zprime_3000GeV_030,0.8241924689583829,3000.0,0.3
17,Zprime_3000GeV_045,0.7979440043505592,3000.0,0.45
18,Zprime_3000GeV_060,0.7648338916290371,3000.0,0.6
19,Zprime_3000GeV_075,0.7307163889997246,3000.0,0.75
20,Zprime_3500GeV_015,0.8513986928091847,3500.0,0.15
21,Zprime_3500GeV_030,0.8330906571050308,3500.0,0.3
22,Zprime_3500GeV_045,0.8037521030648118,3500.0,0.45
23,Zprime_3500GeV_060,0.7750501146734008,3500.0,0.6
24,Zprime_3500GeV_075,0.7315625456576855,3500.0,0.75
25,Zprime_4000GeV_015,0.8598601358528846,4000.0,0.15
26,Zprime_4000GeV_030,0.843500131034153,4000.0,0.3
27,Zprime_4000GeV_045,0.8063510546349977,4000.0,0.45
28,Zprime_4000GeV_060,0.7752257144631023,4000.0,0.6
29,Zprime_4000GeV_075,0.7295190637400937,4000.0,0.75
