,name,auc,mass,nu
0,Zprime_1500GeV_015,0.881474750248957,1500.0,0.15
1,Zprime_1500GeV_030,0.8795638973365146,1500.0,0.3
2,Zprime_1500GeV_045,0.8612547352405115,1500.0,0.45
3,Zprime_1500GeV_060,0.8365570012714808,1500.0,0.6
4,Zprime_1500GeV_075,0.8017156128217106,1500.0,0.75
5,Zprime_2000GeV_015,0.8835328179161364,2000.0,0.15
6,Zprime_2000GeV_030,0.8692067792995669,2000.0,0.3
7,Zprime_2000GeV_045,0.8499619051856483,2000.0,0.45
8,Zprime_2000GeV_060,0.8249911987480829,2000.0,0.6
9,Zprime_2000GeV_075,0.8017585450245295,2000.0,0.75
10,Zprime_2500GeV_015,0.8814864829600226,2500.0,0.15
11,Zprime_2500GeV_030,0.8647763237735839,2500.0,0.3
12,Zprime_2500GeV_045,0.8473648745266652,2500.0,0.45
13,Zprime_2500GeV_060,0.824542664958835,2500.0,0.6
14,Zprime_2500GeV_075,0.787532737654468,2500.0,0.75
15,Zprime_3000GeV_015,0.8857806347466616,3000.0,0.15
16,Zprime_3000GeV_030,0.8663869869870394,3000.0,0.3
17,Zprime_3000GeV_045,0.8441992719563273,3000.0,0.45
18,Zprime_3000GeV_060,0.8156263844021366,3000.0,0.6
19,Zprime_3000GeV_075,0.7828383364557786,3000.0,0.75
20,Zprime_3500GeV_015,0.8806561693424164,3500.0,0.15
21,Zprime_3500GeV_030,0.8712453970631082,3500.0,0.3
22,Zprime_3500GeV_045,0.846306764524658,3500.0,0.45
23,Zprime_3500GeV_060,0.817703775225005,3500.0,0.6
24,Zprime_3500GeV_075,0.7822584869580165,3500.0,0.75
25,Zprime_4000GeV_015,0.8841689437213027,4000.0,0.15
26,Zprime_4000GeV_030,0.8745308833578151,4000.0,0.3
27,Zprime_4000GeV_045,0.8468028816376871,4000.0,0.45
28,Zprime_4000GeV_060,0.8158811880829904,4000.0,0.6
29,Zprime_4000GeV_075,0.7724445616001079,4000.0,0.75
