,name,auc,mass,nu
0,Zprime_1500GeV_015,0.8726798655912472,1500.0,0.15
1,Zprime_1500GeV_030,0.8647655237891951,1500.0,0.3
2,Zprime_1500GeV_045,0.8437170229713933,1500.0,0.45
3,Zprime_1500GeV_060,0.8242692542672645,1500.0,0.6
4,Zprime_1500GeV_075,0.7836244961261076,1500.0,0.75
5,Zprime_2000GeV_015,0.8716324729877158,2000.0,0.15
6,Zprime_2000GeV_030,0.8574350960736856,2000.0,0.3
7,Zprime_2000GeV_045,0.8332441855733692,2000.0,0.45
8,Zprime_2000GeV_060,0.8111958674196481,2000.0,0.6
9,Zprime_2000GeV_075,0.786099851375111,2000.0,0.75
10,Zprime_2500GeV_015,0.8669028434716645,2500.0,0.15
11,Zprime_2500GeV_030,0.8502594934018992,2500.0,0.3
12,Zprime_2500GeV_045,0.8320634652466805,2500.0,0.45
13,Zprime_2500GeV_060,0.8050941877569505,2500.0,0.6
14,Zprime_2500GeV_075,0.7699072250461054,2500.0,0.75
15,Zprime_3000GeV_015,0.8694875749589088,3000.0,0.15
16,Zprime_3000GeV_030,0.8479228592492585,3000.0,0.3
17,Zprime_3000GeV_045,0.826920338301411,3000.0,0.45
18,Zprime_3000GeV_060,0.7962712603184793,3000.0,0.6
19,Zprime_3000GeV_075,0.7652842848509408,3000.0,0.75
20,Zprime_3500GeV_015,0.860163094088684,3500.0,0.15
21,Zprime_3500GeV_030,0.8488769077088933,3500.0,0.3
22,Zprime_3500GeV_045,0.8216284887145844,3500.0,0.45
23,Zprime_3500GeV_060,0.7981562916230258,3500.0,0.6
24,Zprime_3500GeV_075,0.7617895664131322,3500.0,0.75
25,Zprime_4000GeV_015,0.8633267308323007,4000.0,0.15
26,Zprime_4000GeV_030,0.8526141351352496,4000.0,0.3
27,Zprime_4000GeV_045,0.8241473546386041,4000.0,0.45
28,Zprime_4000GeV_060,0.7988319687609361,4000.0,0.6
29,Zprime_4000GeV_075,0.758245303559966,4000.0,0.75
