,name,auc,mass,nu
0,Zprime_1500GeV_015,0.8692613777551084,1500.0,0.15
1,Zprime_1500GeV_030,0.8642652485222231,1500.0,0.3
2,Zprime_1500GeV_045,0.8417142158129856,1500.0,0.45
3,Zprime_1500GeV_060,0.8196151884391399,1500.0,0.6
4,Zprime_1500GeV_075,0.7837584346382851,1500.0,0.75
5,Zprime_2000GeV_015,0.8729291045481765,2000.0,0.15
6,Zprime_2000GeV_030,0.8587728750060285,2000.0,0.3
7,Zprime_2000GeV_045,0.8390887781252294,2000.0,0.45
8,Zprime_2000GeV_060,0.8125110625781702,2000.0,0.6
9,Zprime_2000GeV_075,0.7913816149362484,2000.0,0.75
10,Zprime_2500GeV_015,0.8672978060018971,2500.0,0.15
11,Zprime_2500GeV_030,0.8524676647956508,2500.0,0.3
12,Zprime_2500GeV_045,0.8349665769719365,2500.0,0.45
13,Zprime_2500GeV_060,0.8107865696169398,2500.0,0.6
14,Zprime_2500GeV_075,0.7758501142007738,2500.0,0.75
15,Zprime_3000GeV_015,0.8696940084617453,3000.0,0.15
16,Zprime_3000GeV_030,0.8499010026474598,3000.0,0.3
17,Zprime_3000GeV_045,0.830033115794032,3000.0,0.45
18,Zprime_3000GeV_060,0.8024642515660749,3000.0,0.6
19,Zprime_3000GeV_075,0.7700886764680106,3000.0,0.75
20,Zprime_3500GeV_015,0.8638396777961393,3500.0,0.15
21,Zprime_3500GeV_030,0.8523273591095832,3500.0,0.3
22,Zprime_3500GeV_045,0.8267872043202645,3500.0,0.45
23,Zprime_3500GeV_060,0.8035224883246312,3500.0,0.6
24,Zprime_3500GeV_075,0.768530434876026,3500.0,0.75
25,Zprime_4000GeV_015,0.8679108370555515,4000.0,0.15
26,Zprime_4000GeV_030,0.857216388226657,4000.0,0.3
27,Zprime_4000GeV_045,0.8284396695392036,4000.0,0.45
28,Zprime_4000GeV_060,0.8032830715236358,4000.0,0.6
29,Zprime_4000GeV_075,0.7629609444150999,4000.0,0.75
