,name,auc,mass,nu
0,Zprime_1500GeV_015,0.8047682037542528,1500.0,0.15
1,Zprime_1500GeV_030,0.7860544917652379,1500.0,0.3
2,Zprime_1500GeV_045,0.7675201977265574,1500.0,0.45
3,Zprime_1500GeV_060,0.7428705025518002,1500.0,0.6
4,Zprime_1500GeV_075,0.6868424804965994,1500.0,0.75
5,Zprime_2000GeV_015,0.8046710042350829,2000.0,0.15
6,Zprime_2000GeV_030,0.7900300851359788,2000.0,0.3
7,Zprime_2000GeV_045,0.7648542966044942,2000.0,0.45
8,Zprime_2000GeV_060,0.7367642196629591,2000.0,0.6
9,Zprime_2000GeV_075,0.7093306857541857,2000.0,0.75
10,Zprime_2500GeV_015,0.8086945256114362,2500.0,0.15
11,Zprime_2500GeV_030,0.7885849210244464,2500.0,0.3
12,Zprime_2500GeV_045,0.7660512591145952,2500.0,0.45
13,Zprime_2500GeV_060,0.7369240773035637,2500.0,0.6
14,Zprime_2500GeV_075,0.6980018671388919,2500.0,0.75
15,Zprime_3000GeV_015,0.8115021123363005,3000.0,0.15
16,Zprime_3000GeV_030,0.7887845465221357,3000.0,0.3
17,Zprime_3000GeV_045,0.7649209949368321,3000.0,0.45
18,Zprime_3000GeV_060,0.7328285633995674,3000.0,0.6
19,Zprime_3000GeV_075,0.7039400857475836,3000.0,0.75
20,Zprime_3500GeV_015,0.8125580559338861,3500.0,0.15
21,Zprime_3500GeV_030,0.7938081215503882,3500.0,0.3
22,Zprime_3500GeV_045,0.7634631575627278,3500.0,0.45
23,Zprime_3500GeV_060,0.741088143864465,3500.0,0.6
24,Zprime_3500GeV_075,0.7008343431739075,3500.0,0.75
25,Zprime_4000GeV_015,0.8209894969202935,4000.0,0.15
26,Zprime_4000GeV_030,0.8035709435699756,4000.0,0.3
27,Zprime_4000GeV_045,0.7692051527072125,4000.0,0.45
28,Zprime_4000GeV_060,0.7423266417593251,4000.0,0.6
29,Zprime_4000GeV_075,0.6971296193650397,4000.0,0.75
