,name,auc,mass,nu
0,Zprime_1500GeV_015,0.8747838558160652,1500.0,0.15
1,Zprime_1500GeV_030,0.8631602841008755,1500.0,0.3
2,Zprime_1500GeV_045,0.8433432329847043,1500.0,0.45
3,Zprime_1500GeV_060,0.8236680603084582,1500.0,0.6
4,Zprime_1500GeV_075,0.7910270405113772,1500.0,0.75
5,Zprime_2000GeV_015,0.8707744582448318,2000.0,0.15
6,Zprime_2000GeV_030,0.8577677275547645,2000.0,0.3
7,Zprime_2000GeV_045,0.8353805754665212,2000.0,0.45
8,Zprime_2000GeV_060,0.8109417314448664,2000.0,0.6
9,Zprime_2000GeV_075,0.7884456977020166,2000.0,0.75
10,Zprime_2500GeV_015,0.8685187256839755,2500.0,0.15
11,Zprime_2500GeV_030,0.8531170177962288,2500.0,0.3
12,Zprime_2500GeV_045,0.8335802328658848,2500.0,0.45
13,Zprime_2500GeV_060,0.8069933561118524,2500.0,0.6
14,Zprime_2500GeV_075,0.7742253901518827,2500.0,0.75
15,Zprime_3000GeV_015,0.8732158276700571,3000.0,0.15
16,Zprime_3000GeV_030,0.8500493253643998,3000.0,0.3
17,Zprime_3000GeV_045,0.8297017934491944,3000.0,0.45
18,Zprime_3000GeV_060,0.8014280021646992,3000.0,0.6
19,Zprime_3000GeV_075,0.7683279350734004,3000.0,0.75
20,Zprime_3500GeV_015,0.8661537362024049,3500.0,0.15
21,Zprime_3500GeV_030,0.8531510066830219,3500.0,0.3
22,Zprime_3500GeV_045,0.8270675757674266,3500.0,0.45
23,Zprime_3500GeV_060,0.8014117191410627,3500.0,0.6
24,Zprime_3500GeV_075,0.7650388466331486,3500.0,0.75
25,Zprime_4000GeV_015,0.8698595698638095,4000.0,0.15
26,Zprime_4000GeV_030,0.8590961457801858,4000.0,0.3
27,Zprime_4000GeV_045,0.8277305186034519,4000.0,0.45
28,Zprime_4000GeV_060,0.8024211411155823,4000.0,0.6
29,Zprime_4000GeV_075,0.7572360621406569,4000.0,0.75
