,name,auc,mass,nu
0,Zprime_1500GeV_015,0.8751877686913924,1500.0,0.15
1,Zprime_1500GeV_030,0.8701430040978324,1500.0,0.3
2,Zprime_1500GeV_045,0.8524548580509466,1500.0,0.45
3,Zprime_1500GeV_060,0.8287932185968181,1500.0,0.6
4,Zprime_1500GeV_075,0.7921931426830229,1500.0,0.75
5,Zprime_2000GeV_015,0.8772329971815784,2000.0,0.15
6,Zprime_2000GeV_030,0.8642144997426292,2000.0,0.3
7,Zprime_2000GeV_045,0.8422670759268533,2000.0,0.45
8,Zprime_2000GeV_060,0.8198175799338039,2000.0,0.6
9,Zprime_2000GeV_075,0.7951207176060026,2000.0,0.75
10,Zprime_2500GeV_015,0.8736274208394345,2500.0,0.15
11,Zprime_2500GeV_030,0.8580588902749189,2500.0,0.3
12,Zprime_2500GeV_045,0.8399732071534305,2500.0,0.45
13,Zprime_2500GeV_060,0.8173892686519897,2500.0,0.6
14,Zprime_2500GeV_075,0.7818142590215198,2500.0,0.75
15,Zprime_3000GeV_015,0.8781080411513539,3000.0,0.15
16,Zprime_3000GeV_030,0.8554422063455562,3000.0,0.3
17,Zprime_3000GeV_045,0.8354984983064634,3000.0,0.45
18,Zprime_3000GeV_060,0.8070375377835384,3000.0,0.6
19,Zprime_3000GeV_075,0.7753716777733155,3000.0,0.75
20,Zprime_3500GeV_015,0.8711049215074036,3500.0,0.15
21,Zprime_3500GeV_030,0.8585048564333925,3500.0,0.3
22,Zprime_3500GeV_045,0.8313606380209717,3500.0,0.45
23,Zprime_3500GeV_060,0.8075788887182371,3500.0,0.6
24,Zprime_3500GeV_075,0.7708492436938679,3500.0,0.75
25,Zprime_4000GeV_015,0.8740809461645711,4000.0,0.15
26,Zprime_4000GeV_030,0.8615175256666552,4000.0,0.3
27,Zprime_4000GeV_045,0.8342388001003009,4000.0,0.45
28,Zprime_4000GeV_060,0.8061335634089875,4000.0,0.6
29,Zprime_4000GeV_075,0.7638848271767251,4000.0,0.75
