,name,auc,mass,nu
0,Zprime_1500GeV_015,0.880889841433544,1500.0,0.15
1,Zprime_1500GeV_030,0.8720130099307446,1500.0,0.3
2,Zprime_1500GeV_045,0.8536127395182325,1500.0,0.45
3,Zprime_1500GeV_060,0.8330514287882388,1500.0,0.6
4,Zprime_1500GeV_075,0.792849929710185,1500.0,0.75
5,Zprime_2000GeV_015,0.8792962768482913,2000.0,0.15
6,Zprime_2000GeV_030,0.865958882304978,2000.0,0.3
7,Zprime_2000GeV_045,0.8443290825338841,2000.0,0.45
8,Zprime_2000GeV_060,0.8193059609703596,2000.0,0.6
9,Zprime_2000GeV_075,0.7961881487380302,2000.0,0.75
10,Zprime_2500GeV_015,0.8749732803327375,2500.0,0.15
11,Zprime_2500GeV_030,0.8595681490016832,2500.0,0.3
12,Zprime_2500GeV_045,0.8406217682396183,2500.0,0.45
13,Zprime_2500GeV_060,0.8174272966382039,2500.0,0.6
14,Zprime_2500GeV_075,0.7823989456322601,2500.0,0.75
15,Zprime_3000GeV_015,0.878232694403586,3000.0,0.15
16,Zprime_3000GeV_030,0.8569224912436697,3000.0,0.3
17,Zprime_3000GeV_045,0.8364285601713162,3000.0,0.45
18,Zprime_3000GeV_060,0.8083574395727717,3000.0,0.6
19,Zprime_3000GeV_075,0.775741080307647,3000.0,0.75
20,Zprime_3500GeV_015,0.8698864163038393,3500.0,0.15
21,Zprime_3500GeV_030,0.8593933132233651,3500.0,0.3
22,Zprime_3500GeV_045,0.8334934769563161,3500.0,0.45
23,Zprime_3500GeV_060,0.8082722099009934,3500.0,0.6
24,Zprime_3500GeV_075,0.7724617120020626,3500.0,0.75
25,Zprime_4000GeV_015,0.8746601158071445,4000.0,0.15
26,Zprime_4000GeV_030,0.8636584814957382,4000.0,0.3
27,Zprime_4000GeV_045,0.8357814679090916,4000.0,0.45
28,Zprime_4000GeV_060,0.8090946594002789,4000.0,0.6
29,Zprime_4000GeV_075,0.7670858047075286,4000.0,0.75
