,name,auc,mass,nu
0,Zprime_1500GeV_015,0.8756344199628946,1500.0,0.15
1,Zprime_1500GeV_030,0.8656663494844424,1500.0,0.3
2,Zprime_1500GeV_045,0.8453885362432437,1500.0,0.45
3,Zprime_1500GeV_060,0.8248036728504582,1500.0,0.6
4,Zprime_1500GeV_075,0.783187940287979,1500.0,0.75
5,Zprime_2000GeV_015,0.8716346489263189,2000.0,0.15
6,Zprime_2000GeV_030,0.8593059369642266,2000.0,0.3
7,Zprime_2000GeV_045,0.8353313763988222,2000.0,0.45
8,Zprime_2000GeV_060,0.8102008699223777,2000.0,0.6
9,Zprime_2000GeV_075,0.7874801662742078,2000.0,0.75
10,Zprime_2500GeV_015,0.8683343036092581,2500.0,0.15
11,Zprime_2500GeV_030,0.8527850186023724,2500.0,0.3
12,Zprime_2500GeV_045,0.8329831698140724,2500.0,0.45
13,Zprime_2500GeV_060,0.8075998926815784,2500.0,0.6
14,Zprime_2500GeV_075,0.7733400083440343,2500.0,0.75
15,Zprime_3000GeV_015,0.8716974308485692,3000.0,0.15
16,Zprime_3000GeV_030,0.8497836946942927,3000.0,0.3
17,Zprime_3000GeV_045,0.8283038164864623,3000.0,0.45
18,Zprime_3000GeV_060,0.798166051236714,3000.0,0.6
19,Zprime_3000GeV_075,0.7675174729287575,3000.0,0.75
20,Zprime_3500GeV_015,0.864705526671748,3500.0,0.15
21,Zprime_3500GeV_030,0.8530427618012004,3500.0,0.3
22,Zprime_3500GeV_045,0.8246825122531398,3500.0,0.45
23,Zprime_3500GeV_060,0.8012421860105805,3500.0,0.6
24,Zprime_3500GeV_075,0.7624622491513042,3500.0,0.75
25,Zprime_4000GeV_015,0.8702614890672127,4000.0,0.15
26,Zprime_4000GeV_030,0.8579262952559583,4000.0,0.3
27,Zprime_4000GeV_045,0.8273053971975955,4000.0,0.45
28,Zprime_4000GeV_060,0.800377644502191,4000.0,0.6
29,Zprime_4000GeV_075,0.757550506937906,4000.0,0.75
