,name,auc,mass,nu
0,Zprime_1500GeV_015,0.8833942413864616,1500.0,0.15
1,Zprime_1500GeV_030,0.8777526697197877,1500.0,0.3
2,Zprime_1500GeV_045,0.8552401095542873,1500.0,0.45
3,Zprime_1500GeV_060,0.8362855343086383,1500.0,0.6
4,Zprime_1500GeV_075,0.7941840130991864,1500.0,0.75
5,Zprime_2000GeV_015,0.8852931864230726,2000.0,0.15
6,Zprime_2000GeV_030,0.8711016233802027,2000.0,0.3
7,Zprime_2000GeV_045,0.8487191129679045,2000.0,0.45
8,Zprime_2000GeV_060,0.8238944241370576,2000.0,0.6
9,Zprime_2000GeV_075,0.7995909098573821,2000.0,0.75
10,Zprime_2500GeV_015,0.8811456061472642,2500.0,0.15
11,Zprime_2500GeV_030,0.864484225168296,2500.0,0.3
12,Zprime_2500GeV_045,0.8469941811371258,2500.0,0.45
13,Zprime_2500GeV_060,0.8219311095378956,2500.0,0.6
14,Zprime_2500GeV_075,0.7847991695848842,2500.0,0.75
15,Zprime_3000GeV_015,0.8852562567127165,3000.0,0.15
16,Zprime_3000GeV_030,0.8638615206718034,3000.0,0.3
17,Zprime_3000GeV_045,0.8423334743810709,3000.0,0.45
18,Zprime_3000GeV_060,0.8118402097651454,3000.0,0.6
19,Zprime_3000GeV_075,0.7799130569446122,3000.0,0.75
20,Zprime_3500GeV_015,0.8798773921965815,3500.0,0.15
21,Zprime_3500GeV_030,0.8672817696479778,3500.0,0.3
22,Zprime_3500GeV_045,0.8394605200328709,3500.0,0.45
23,Zprime_3500GeV_060,0.8151873798399014,3500.0,0.6
24,Zprime_3500GeV_075,0.7762306518843196,3500.0,0.75
25,Zprime_4000GeV_015,0.8853231420527558,4000.0,0.15
26,Zprime_4000GeV_030,0.8715482959961652,4000.0,0.3
27,Zprime_4000GeV_045,0.8415817378393083,4000.0,0.45
28,Zprime_4000GeV_060,0.8145060177610296,4000.0,0.6
29,Zprime_4000GeV_075,0.7710877685976116,4000.0,0.75
