,name,auc,mass,nu
0,Zprime_1500GeV_015,0.88955078909559,1500.0,0.15
1,Zprime_1500GeV_030,0.8816252956081974,1500.0,0.3
2,Zprime_1500GeV_045,0.8619412064807541,1500.0,0.45
3,Zprime_1500GeV_060,0.8439007296462835,1500.0,0.6
4,Zprime_1500GeV_075,0.8104085710602406,1500.0,0.75
5,Zprime_2000GeV_015,0.8844582184016234,2000.0,0.15
6,Zprime_2000GeV_030,0.8697017331002951,2000.0,0.3
7,Zprime_2000GeV_045,0.8518750026144433,2000.0,0.45
8,Zprime_2000GeV_060,0.8281863000362537,2000.0,0.6
9,Zprime_2000GeV_075,0.8042076055981013,2000.0,0.75
10,Zprime_2500GeV_015,0.8809076395128907,2500.0,0.15
11,Zprime_2500GeV_030,0.8642151869792153,2500.0,0.3
12,Zprime_2500GeV_045,0.8473063948654731,2500.0,0.45
13,Zprime_2500GeV_060,0.8257186620834454,2500.0,0.6
14,Zprime_2500GeV_075,0.7903394745274213,2500.0,0.75
15,Zprime_3000GeV_015,0.8878393550607769,3000.0,0.15
16,Zprime_3000GeV_030,0.8663007492171393,3000.0,0.3
17,Zprime_3000GeV_045,0.8442721626832208,3000.0,0.45
18,Zprime_3000GeV_060,0.8154948555895483,3000.0,0.6
19,Zprime_3000GeV_075,0.788148914780082,3000.0,0.75
20,Zprime_3500GeV_015,0.8815672702017124,3500.0,0.15
21,Zprime_3500GeV_030,0.8726448798653251,3500.0,0.3
22,Zprime_3500GeV_045,0.8461094946834685,3500.0,0.45
23,Zprime_3500GeV_060,0.8175171886219759,3500.0,0.6
24,Zprime_3500GeV_075,0.7836392398263933,3500.0,0.75
25,Zprime_4000GeV_015,0.8868074184462957,4000.0,0.15
26,Zprime_4000GeV_030,0.8757931084206239,4000.0,0.3
27,Zprime_4000GeV_045,0.8473109035406762,4000.0,0.45
28,Zprime_4000GeV_060,0.8178548766273575,4000.0,0.6
29,Zprime_4000GeV_075,0.7755007944792596,4000.0,0.75
