,name,auc,mass,nu
0,Zprime_1500GeV_015,0.8724263545035525,1500.0,0.15
1,Zprime_1500GeV_030,0.8611966293797036,1500.0,0.3
2,Zprime_1500GeV_045,0.8394245874309494,1500.0,0.45
3,Zprime_1500GeV_060,0.82075317234234,1500.0,0.6
4,Zprime_1500GeV_075,0.7727304816707936,1500.0,0.75
5,Zprime_2000GeV_015,0.873214494275641,2000.0,0.15
6,Zprime_2000GeV_030,0.8589045555000004,2000.0,0.3
7,Zprime_2000GeV_045,0.8385458771086198,2000.0,0.45
8,Zprime_2000GeV_060,0.8102094048077735,2000.0,0.6
9,Zprime_2000GeV_075,0.784190954424904,2000.0,0.75
10,Zprime_2500GeV_015,0.8663730650000288,2500.0,0.15
11,Zprime_2500GeV_030,0.8519036302779301,2500.0,0.3
12,Zprime_2500GeV_045,0.8326630971589244,2500.0,0.45
13,Zprime_2500GeV_060,0.8090882381538789,2500.0,0.6
14,Zprime_2500GeV_075,0.7692494238210746,2500.0,0.75
15,Zprime_3000GeV_015,0.867775054132936,3000.0,0.15
16,Zprime_3000GeV_030,0.8472816103671452,3000.0,0.3
17,Zprime_3000GeV_045,0.8272467379592683,3000.0,0.45
18,Zprime_3000GeV_060,0.7985599950354315,3000.0,0.6
19,Zprime_3000GeV_075,0.766385282493586,3000.0,0.75
20,Zprime_3500GeV_015,0.8608019406114815,3500.0,0.15
21,Zprime_3500GeV_030,0.850401034429292,3500.0,0.3
22,Zprime_3500GeV_045,0.8231118853912341,3500.0,0.45
23,Zprime_3500GeV_060,0.800360400234194,3500.0,0.6
24,Zprime_3500GeV_075,0.7621444824029908,3500.0,0.75
25,Zprime_4000GeV_015,0.8688128424965179,4000.0,0.15
26,Zprime_4000GeV_030,0.8580290250484041,4000.0,0.3
27,Zprime_4000GeV_045,0.827186090059199,4000.0,0.45
28,Zprime_4000GeV_060,0.8001584159348553,4000.0,0.6
29,Zprime_4000GeV_075,0.7562118697191123,4000.0,0.75
