,name,auc,mass,nu
0,Zprime_1500GeV_015,0.8478244521544823,1500.0,0.15
1,Zprime_1500GeV_030,0.8228123408365158,1500.0,0.3
2,Zprime_1500GeV_045,0.8026187919731345,1500.0,0.45
3,Zprime_1500GeV_060,0.780309283706636,1500.0,0.6
4,Zprime_1500GeV_075,0.7212777231792316,1500.0,0.75
5,Zprime_2000GeV_015,0.8397082182535228,2000.0,0.15
6,Zprime_2000GeV_030,0.8240728633431916,2000.0,0.3
7,Zprime_2000GeV_045,0.798015998871321,2000.0,0.45
8,Zprime_2000GeV_060,0.7695918294259084,2000.0,0.6
9,Zprime_2000GeV_075,0.740577790361122,2000.0,0.75
10,Zprime_2500GeV_015,0.8376553077841102,2500.0,0.15
11,Zprime_2500GeV_030,0.8195540890254649,2500.0,0.3
12,Zprime_2500GeV_045,0.7987644726917529,2500.0,0.45
13,Zprime_2500GeV_060,0.7702144726100395,2500.0,0.6
14,Zprime_2500GeV_075,0.7287678790768543,2500.0,0.75
15,Zprime_3000GeV_015,0.8421385904076013,3000.0,0.15
16,Zprime_3000GeV_030,0.8191829195750902,3000.0,0.3
17,Zprime_3000GeV_045,0.7946915491580656,3000.0,0.45
18,Zprime_3000GeV_060,0.7662657702409718,3000.0,0.6
19,Zprime_3000GeV_075,0.7340631597707353,3000.0,0.75
20,Zprime_3500GeV_015,0.8362879381531232,3500.0,0.15
21,Zprime_3500GeV_030,0.8204018711033494,3500.0,0.3
22,Zprime_3500GeV_045,0.7929022896951926,3500.0,0.45
23,Zprime_3500GeV_060,0.7694447608108144,3500.0,0.6
24,Zprime_3500GeV_075,0.7288563877787805,3500.0,0.75
25,Zprime_4000GeV_015,0.8434954040347902,4000.0,0.15
26,Zprime_4000GeV_030,0.8299805480102478,4000.0,0.3
27,Zprime_4000GeV_045,0.7977126466113598,4000.0,0.45
28,Zprime_4000GeV_060,0.7684579412058541,4000.0,0.6
29,Zprime_4000GeV_075,0.724291549615507,4000.0,0.75
