,name,auc,mass,nu
0,Zprime_1500GeV_015,0.8356708667066493,1500.0,0.15
1,Zprime_1500GeV_030,0.8222122746879076,1500.0,0.3
2,Zprime_1500GeV_045,0.8022918355438261,1500.0,0.45
3,Zprime_1500GeV_060,0.7760558701321882,1500.0,0.6
4,Zprime_1500GeV_075,0.728920380251436,1500.0,0.75
5,Zprime_2000GeV_015,0.836513815068368,2000.0,0.15
6,Zprime_2000GeV_030,0.8208049651123488,2000.0,0.3
7,Zprime_2000GeV_045,0.7969230855525677,2000.0,0.45
8,Zprime_2000GeV_060,0.7678714642912389,2000.0,0.6
9,Zprime_2000GeV_075,0.7412781015178523,2000.0,0.75
10,Zprime_2500GeV_015,0.8327032928491166,2500.0,0.15
11,Zprime_2500GeV_030,0.8162926685212231,2500.0,0.3
12,Zprime_2500GeV_045,0.7944246640440125,2500.0,0.45
13,Zprime_2500GeV_060,0.7649223402101517,2500.0,0.6
14,Zprime_2500GeV_075,0.7298941448863148,2500.0,0.75
15,Zprime_3000GeV_015,0.8367302766795969,3000.0,0.15
16,Zprime_3000GeV_030,0.8117178583916671,3000.0,0.3
17,Zprime_3000GeV_045,0.7887079900633154,3000.0,0.45
18,Zprime_3000GeV_060,0.7604053628883274,3000.0,0.6
19,Zprime_3000GeV_075,0.7273471140860088,3000.0,0.75
20,Zprime_3500GeV_015,0.8337541800272398,3500.0,0.15
21,Zprime_3500GeV_030,0.8183309131053706,3500.0,0.3
22,Zprime_3500GeV_045,0.7875082171745774,3500.0,0.45
23,Zprime_3500GeV_060,0.7644003133199982,3500.0,0.6
24,Zprime_3500GeV_075,0.7280691848223111,3500.0,0.75
25,Zprime_4000GeV_015,0.8420174888509668,4000.0,0.15
26,Zprime_4000GeV_030,0.828063795248393,4000.0,0.3
27,Zprime_4000GeV_045,0.793269623559431,4000.0,0.45
28,Zprime_4000GeV_060,0.7659466426406083,4000.0,0.6
29,Zprime_4000GeV_075,0.7244792383388173,4000.0,0.75
