,name,auc,mass,nu
0,Zprime_1500GeV_015,0.8754516724491951,1500.0,0.15
1,Zprime_1500GeV_030,0.8713226630837932,1500.0,0.3
2,Zprime_1500GeV_045,0.8517184786000841,1500.0,0.45
3,Zprime_1500GeV_060,0.8321848579533083,1500.0,0.6
4,Zprime_1500GeV_075,0.7946332651921152,1500.0,0.75
5,Zprime_2000GeV_015,0.8771166699089291,2000.0,0.15
6,Zprime_2000GeV_030,0.8606430929911743,2000.0,0.3
7,Zprime_2000GeV_045,0.842427536190549,2000.0,0.45
8,Zprime_2000GeV_060,0.8170961229474227,2000.0,0.6
9,Zprime_2000GeV_075,0.7944635823693204,2000.0,0.75
10,Zprime_2500GeV_015,0.874098979749153,2500.0,0.15
11,Zprime_2500GeV_030,0.8579255798293857,2500.0,0.3
12,Zprime_2500GeV_045,0.8385911182149646,2500.0,0.45
13,Zprime_2500GeV_060,0.8160316702708351,2500.0,0.6
14,Zprime_2500GeV_075,0.7783736724962735,2500.0,0.75
15,Zprime_3000GeV_015,0.8786603855740527,3000.0,0.15
16,Zprime_3000GeV_030,0.8595093018999879,3000.0,0.3
17,Zprime_3000GeV_045,0.8371531352867386,3000.0,0.45
18,Zprime_3000GeV_060,0.806356679900666,3000.0,0.6
19,Zprime_3000GeV_075,0.7722938342059689,3000.0,0.75
20,Zprime_3500GeV_015,0.8759970771940908,3500.0,0.15
21,Zprime_3500GeV_030,0.8651545111022881,3500.0,0.3
22,Zprime_3500GeV_045,0.8380998927982775,3500.0,0.45
23,Zprime_3500GeV_060,0.8091959308780322,3500.0,0.6
24,Zprime_3500GeV_075,0.7726824051394441,3500.0,0.75
25,Zprime_4000GeV_015,0.8811803381456971,4000.0,0.15
26,Zprime_4000GeV_030,0.869375442202439,4000.0,0.3
27,Zprime_4000GeV_045,0.8403585339400288,4000.0,0.45
28,Zprime_4000GeV_060,0.8102370764281711,4000.0,0.6
29,Zprime_4000GeV_075,0.7650580558703208,4000.0,0.75
