,name,auc,mass,nu
0,Zprime_1500GeV_015,0.8839654879276876,1500.0,0.15
1,Zprime_1500GeV_030,0.8692813418657288,1500.0,0.3
2,Zprime_1500GeV_045,0.8507999808493026,1500.0,0.45
3,Zprime_1500GeV_060,0.8329292497918592,1500.0,0.6
4,Zprime_1500GeV_075,0.7952037595424214,1500.0,0.75
5,Zprime_2000GeV_015,0.8780022997050794,2000.0,0.15
6,Zprime_2000GeV_030,0.866231672203357,2000.0,0.3
7,Zprime_2000GeV_045,0.8430496025475894,2000.0,0.45
8,Zprime_2000GeV_060,0.8192839961917676,2000.0,0.6
9,Zprime_2000GeV_075,0.7958437839457922,2000.0,0.75
10,Zprime_2500GeV_015,0.8748796374819854,2500.0,0.15
11,Zprime_2500GeV_030,0.8585694863237674,2500.0,0.3
12,Zprime_2500GeV_045,0.8412025408288584,2500.0,0.45
13,Zprime_2500GeV_060,0.8148050369895381,2500.0,0.6
14,Zprime_2500GeV_075,0.7804283056001758,2500.0,0.75
15,Zprime_3000GeV_015,0.87805862177217,3000.0,0.15
16,Zprime_3000GeV_030,0.8576157991826491,3000.0,0.3
17,Zprime_3000GeV_045,0.8363281127907205,3000.0,0.45
18,Zprime_3000GeV_060,0.8067234327925175,3000.0,0.6
19,Zprime_3000GeV_075,0.7746838173346615,3000.0,0.75
20,Zprime_3500GeV_015,0.8724632721366182,3500.0,0.15
21,Zprime_3500GeV_030,0.8598829165013063,3500.0,0.3
22,Zprime_3500GeV_045,0.8332753596494679,3500.0,0.45
23,Zprime_3500GeV_060,0.8089756063385887,3500.0,0.6
24,Zprime_3500GeV_075,0.7733804090928624,3500.0,0.75
25,Zprime_4000GeV_015,0.8753819809518949,4000.0,0.15
26,Zprime_4000GeV_030,0.8651838340320813,4000.0,0.3
27,Zprime_4000GeV_045,0.8351257913640135,4000.0,0.45
28,Zprime_4000GeV_060,0.8078742256048659,4000.0,0.6
29,Zprime_4000GeV_075,0.7651469815891158,4000.0,0.75
