,name,auc,mass,nu
0,Zprime_1500GeV_015,0.8850206358726012,1500.0,0.15
1,Zprime_1500GeV_030,0.8814739251907848,1500.0,0.3
2,Zprime_1500GeV_045,0.8603045575804587,1500.0,0.45
3,Zprime_1500GeV_060,0.8438851002201916,1500.0,0.6
4,Zprime_1500GeV_075,0.8080804825358132,1500.0,0.75
5,Zprime_2000GeV_015,0.8844149274765358,2000.0,0.15
6,Zprime_2000GeV_030,0.8718985071056781,2000.0,0.3
7,Zprime_2000GeV_045,0.8510336652820575,2000.0,0.45
8,Zprime_2000GeV_060,0.8289027841409781,2000.0,0.6
9,Zprime_2000GeV_075,0.8040939430054284,2000.0,0.75
10,Zprime_2500GeV_015,0.8789315491279903,2500.0,0.15
11,Zprime_2500GeV_030,0.8636113226724488,2500.0,0.3
12,Zprime_2500GeV_045,0.8473339956685545,2500.0,0.45
13,Zprime_2500GeV_060,0.825728065525861,2500.0,0.6
14,Zprime_2500GeV_075,0.7899348853193819,2500.0,0.75
15,Zprime_3000GeV_015,0.8824354275706314,3000.0,0.15
16,Zprime_3000GeV_030,0.864403387287804,3000.0,0.3
17,Zprime_3000GeV_045,0.8416756815143598,3000.0,0.45
18,Zprime_3000GeV_060,0.8158597896916429,3000.0,0.6
19,Zprime_3000GeV_075,0.7884870705551178,3000.0,0.75
20,Zprime_3500GeV_015,0.8753232145451317,3500.0,0.15
21,Zprime_3500GeV_030,0.8648090633637687,3500.0,0.3
22,Zprime_3500GeV_045,0.8429894138763856,3500.0,0.45
23,Zprime_3500GeV_060,0.8182592782553966,3500.0,0.6
24,Zprime_3500GeV_075,0.7837120020626531,3500.0,0.75
25,Zprime_4000GeV_015,0.8822178144462263,4000.0,0.15
26,Zprime_4000GeV_030,0.8698450033167076,4000.0,0.3
27,Zprime_4000GeV_045,0.8418117232939702,4000.0,0.45
28,Zprime_4000GeV_060,0.8153634598370567,4000.0,0.6
29,Zprime_4000GeV_075,0.7745346782714311,4000.0,0.75
