,name,auc,mass,nu
0,Zprime_1500GeV_015,0.8700640655564961,1500.0,0.15
1,Zprime_1500GeV_030,0.8664849517199695,1500.0,0.3
2,Zprime_1500GeV_045,0.8485977604665039,1500.0,0.45
3,Zprime_1500GeV_060,0.8302201851989982,1500.0,0.6
4,Zprime_1500GeV_075,0.7966680144229454,1500.0,0.75
5,Zprime_2000GeV_015,0.872749242146787,2000.0,0.15
6,Zprime_2000GeV_030,0.8588876602577723,2000.0,0.3
7,Zprime_2000GeV_045,0.8408432501541094,2000.0,0.45
8,Zprime_2000GeV_060,0.817804699731854,2000.0,0.6
9,Zprime_2000GeV_075,0.7961612912759529,2000.0,0.75
10,Zprime_2500GeV_015,0.8640947830702747,2500.0,0.15
11,Zprime_2500GeV_030,0.8504319357554605,2500.0,0.3
12,Zprime_2500GeV_045,0.8340456221207356,2500.0,0.45
13,Zprime_2500GeV_060,0.8131497913147946,2500.0,0.6
14,Zprime_2500GeV_075,0.7805043057829013,2500.0,0.75
15,Zprime_3000GeV_015,0.8696103071708757,3000.0,0.15
16,Zprime_3000GeV_030,0.8510633912550336,3000.0,0.3
17,Zprime_3000GeV_045,0.8307900568677116,3000.0,0.45
18,Zprime_3000GeV_060,0.805339030655871,3000.0,0.6
19,Zprime_3000GeV_075,0.7756115060950932,3000.0,0.75
20,Zprime_3500GeV_015,0.8684644840816227,3500.0,0.15
21,Zprime_3500GeV_030,0.8556350672271961,3500.0,0.3
22,Zprime_3500GeV_045,0.8315137580999192,3500.0,0.45
23,Zprime_3500GeV_060,0.807556682303058,3500.0,0.6
24,Zprime_3500GeV_075,0.7738693008465473,3500.0,0.75
25,Zprime_4000GeV_015,0.8750883080401534,4000.0,0.15
26,Zprime_4000GeV_030,0.8640136336042987,4000.0,0.3
27,Zprime_4000GeV_045,0.833828095511703,4000.0,0.45
28,Zprime_4000GeV_060,0.8084565482869948,4000.0,0.6
29,Zprime_4000GeV_075,0.7686284750351147,4000.0,0.75
