,name,auc,mass,nu
0,Zprime_1500GeV_015,0.8844705249863144,1500.0,0.15
1,Zprime_1500GeV_030,0.8796278929449233,1500.0,0.3
2,Zprime_1500GeV_045,0.8617494249849398,1500.0,0.45
3,Zprime_1500GeV_060,0.8444346092837498,1500.0,0.6
4,Zprime_1500GeV_075,0.8112439427703061,1500.0,0.75
5,Zprime_2000GeV_015,0.885871427866405,2000.0,0.15
6,Zprime_2000GeV_030,0.8717557252429493,2000.0,0.3
7,Zprime_2000GeV_045,0.8532061439985884,2000.0,0.45
8,Zprime_2000GeV_060,0.8312070776848058,2000.0,0.6
9,Zprime_2000GeV_075,0.8074728383799977,2000.0,0.75
10,Zprime_2500GeV_015,0.881110310631803,2500.0,0.15
11,Zprime_2500GeV_030,0.8655930468475795,2500.0,0.3
12,Zprime_2500GeV_045,0.8505129578258257,2500.0,0.45
13,Zprime_2500GeV_060,0.8280890126661608,2500.0,0.6
14,Zprime_2500GeV_075,0.7947208240988369,2500.0,0.75
15,Zprime_3000GeV_015,0.888371615131175,3000.0,0.15
16,Zprime_3000GeV_030,0.8683102449342098,3000.0,0.3
17,Zprime_3000GeV_045,0.8460470747957783,3000.0,0.45
18,Zprime_3000GeV_060,0.819185622578524,3000.0,0.6
19,Zprime_3000GeV_075,0.7911103088531146,3000.0,0.75
20,Zprime_3500GeV_015,0.8842645099426812,3500.0,0.15
21,Zprime_3500GeV_030,0.8729002804530316,3500.0,0.3
22,Zprime_3500GeV_045,0.8486596083830542,3500.0,0.45
23,Zprime_3500GeV_060,0.8219140390590942,3500.0,0.6
24,Zprime_3500GeV_075,0.7862565961926862,3500.0,0.75
25,Zprime_4000GeV_015,0.8871034173405379,4000.0,0.15
26,Zprime_4000GeV_030,0.8784394006382847,4000.0,0.3
27,Zprime_4000GeV_045,0.8495084579319551,4000.0,0.45
28,Zprime_4000GeV_060,0.8209086660612368,4000.0,0.6
29,Zprime_4000GeV_075,0.7807857717289338,4000.0,0.75
