,name,auc,mass,nu
0,Zprime_1500GeV_015,0.8471551174908871,1500.0,0.15
1,Zprime_1500GeV_030,0.8201707553410246,1500.0,0.3
2,Zprime_1500GeV_045,0.8080219459963511,1500.0,0.45
3,Zprime_1500GeV_060,0.7767821533943018,1500.0,0.6
4,Zprime_1500GeV_075,0.7239170094655463,1500.0,0.75
5,Zprime_2000GeV_015,0.8389741636569219,2000.0,0.15
6,Zprime_2000GeV_030,0.8238283345772668,2000.0,0.3
7,Zprime_2000GeV_045,0.7993039116253546,2000.0,0.45
8,Zprime_2000GeV_060,0.7713522889976904,2000.0,0.6
9,Zprime_2000GeV_075,0.743908999575176,2000.0,0.75
10,Zprime_2500GeV_015,0.8344956601548144,2500.0,0.15
11,Zprime_2500GeV_030,0.8174710305038533,2500.0,0.3
12,Zprime_2500GeV_045,0.7967741206801249,2500.0,0.45
13,Zprime_2500GeV_060,0.7697170857351232,2500.0,0.6
14,Zprime_2500GeV_075,0.7304698902990874,2500.0,0.75
15,Zprime_3000GeV_015,0.8366587941941908,3000.0,0.15
16,Zprime_3000GeV_030,0.8142941141535562,3000.0,0.3
17,Zprime_3000GeV_045,0.7905530811730863,3000.0,0.45
18,Zprime_3000GeV_060,0.7629105396489863,3000.0,0.6
19,Zprime_3000GeV_075,0.7328932249772714,3000.0,0.75
20,Zprime_3500GeV_015,0.8329807581457466,3500.0,0.15
21,Zprime_3500GeV_030,0.8157368019585762,3500.0,0.3
22,Zprime_3500GeV_045,0.7887011162264993,3500.0,0.45
23,Zprime_3500GeV_060,0.7667042914945055,3500.0,0.6
24,Zprime_3500GeV_075,0.7275009453826651,3500.0,0.75
25,Zprime_4000GeV_015,0.843063881417747,4000.0,0.15
26,Zprime_4000GeV_030,0.8273313809093226,4000.0,0.3
27,Zprime_4000GeV_045,0.7934296365585692,4000.0,0.45
28,Zprime_4000GeV_060,0.7638903210024347,4000.0,0.6
29,Zprime_4000GeV_075,0.7200420929931717,4000.0,0.75
