,name,auc,mass,nu
0,Zprime_1500GeV_015,0.8534698906831232,1500.0,0.15
1,Zprime_1500GeV_030,0.8334336305441725,1500.0,0.3
2,Zprime_1500GeV_045,0.8070179619046072,1500.0,0.45
3,Zprime_1500GeV_060,0.7863343735704463,1500.0,0.6
4,Zprime_1500GeV_075,0.7357237590736365,1500.0,0.75
5,Zprime_2000GeV_015,0.8484957519982294,2000.0,0.15
6,Zprime_2000GeV_030,0.8334622235524524,2000.0,0.3
7,Zprime_2000GeV_045,0.8060469694705286,2000.0,0.45
8,Zprime_2000GeV_060,0.776580338625204,2000.0,0.6
9,Zprime_2000GeV_075,0.7506358985767947,2000.0,0.75
10,Zprime_2500GeV_015,0.8478197172414323,2500.0,0.15
11,Zprime_2500GeV_030,0.8283079191026844,2500.0,0.3
12,Zprime_2500GeV_045,0.8083945998666293,2500.0,0.45
13,Zprime_2500GeV_060,0.7778283469169718,2500.0,0.6
14,Zprime_2500GeV_075,0.7375550716832098,2500.0,0.75
15,Zprime_3000GeV_015,0.8502567169378994,3000.0,0.15
16,Zprime_3000GeV_030,0.8265699551499108,3000.0,0.3
17,Zprime_3000GeV_045,0.8021792017174263,3000.0,0.45
18,Zprime_3000GeV_060,0.7717739932077176,3000.0,0.6
19,Zprime_3000GeV_075,0.739345718548534,3000.0,0.75
20,Zprime_3500GeV_015,0.8463163156988698,3500.0,0.15
21,Zprime_3500GeV_030,0.8285312682969754,3500.0,0.3
22,Zprime_3500GeV_045,0.7999330463462409,3500.0,0.45
23,Zprime_3500GeV_060,0.7753179952064192,3500.0,0.6
24,Zprime_3500GeV_075,0.7332246358128143,3500.0,0.75
25,Zprime_4000GeV_015,0.8494765799288997,4000.0,0.15
26,Zprime_4000GeV_030,0.836854866738569,4000.0,0.3
27,Zprime_4000GeV_045,0.8025724660787785,4000.0,0.45
28,Zprime_4000GeV_060,0.7723879622730265,4000.0,0.6
29,Zprime_4000GeV_075,0.727345274404815,4000.0,0.75
