,name,auc,mass,nu
0,Zprime_1500GeV_015,0.8712287452380552,1500.0,0.15
1,Zprime_1500GeV_030,0.8661202626078613,1500.0,0.3
2,Zprime_1500GeV_045,0.8467193669552522,1500.0,0.45
3,Zprime_1500GeV_060,0.8253680568160897,1500.0,0.6
4,Zprime_1500GeV_075,0.7810566437129541,1500.0,0.75
5,Zprime_2000GeV_015,0.8779030153860959,2000.0,0.15
6,Zprime_2000GeV_030,0.8647371600340211,2000.0,0.3
7,Zprime_2000GeV_045,0.8430909107503243,2000.0,0.45
8,Zprime_2000GeV_060,0.8167582418961682,2000.0,0.6
9,Zprime_2000GeV_075,0.7944693164941352,2000.0,0.75
10,Zprime_2500GeV_015,0.8716679334770328,2500.0,0.15
11,Zprime_2500GeV_030,0.8566885452702571,2500.0,0.3
12,Zprime_2500GeV_045,0.8373871316797856,2500.0,0.45
13,Zprime_2500GeV_060,0.813247996972295,2500.0,0.6
14,Zprime_2500GeV_075,0.7757132190409801,2500.0,0.75
15,Zprime_3000GeV_015,0.8731248462137188,3000.0,0.15
16,Zprime_3000GeV_030,0.8534593875573645,3000.0,0.3
17,Zprime_3000GeV_045,0.8313924104525444,3000.0,0.45
18,Zprime_3000GeV_060,0.8034948263434091,3000.0,0.6
19,Zprime_3000GeV_075,0.7721990361794083,3000.0,0.75
20,Zprime_3500GeV_015,0.8645569545994319,3500.0,0.15
21,Zprime_3500GeV_030,0.8531565854468909,3500.0,0.3
22,Zprime_3500GeV_045,0.8289678101740244,3500.0,0.45
23,Zprime_3500GeV_060,0.8053096962012164,3500.0,0.6
24,Zprime_3500GeV_075,0.7643953203558077,3500.0,0.75
25,Zprime_4000GeV_015,0.868259752051675,4000.0,0.15
26,Zprime_4000GeV_030,0.8570665160227837,4000.0,0.3
27,Zprime_4000GeV_045,0.8281539461472172,4000.0,0.45
28,Zprime_4000GeV_060,0.8010902738732417,4000.0,0.6
29,Zprime_4000GeV_075,0.7598047084203432,4000.0,0.75
