,name,auc,mass,nu
0,Zprime_1500GeV_015,0.8799445755399986,1500.0,0.15
1,Zprime_1500GeV_030,0.873718833015975,1500.0,0.3
2,Zprime_1500GeV_045,0.8540090403589965,1500.0,0.45
3,Zprime_1500GeV_060,0.835314623580902,1500.0,0.6
4,Zprime_1500GeV_075,0.8026488573091642,1500.0,0.75
5,Zprime_2000GeV_015,0.8778124234291763,2000.0,0.15
6,Zprime_2000GeV_030,0.8638614403777654,2000.0,0.3
7,Zprime_2000GeV_045,0.845293355739587,2000.0,0.45
8,Zprime_2000GeV_060,0.822975933798743,2000.0,0.6
9,Zprime_2000GeV_075,0.7990691724928095,2000.0,0.75
10,Zprime_2500GeV_015,0.8709803022763263,2500.0,0.15
11,Zprime_2500GeV_030,0.856186824447383,2500.0,0.3
12,Zprime_2500GeV_045,0.8405532705480729,2500.0,0.45
13,Zprime_2500GeV_060,0.8198117233167148,2500.0,0.6
14,Zprime_2500GeV_075,0.7842415368716309,2500.0,0.75
15,Zprime_3000GeV_015,0.875502467456671,3000.0,0.15
16,Zprime_3000GeV_030,0.8567625405093825,3000.0,0.3
17,Zprime_3000GeV_045,0.8364637654144824,3000.0,0.45
18,Zprime_3000GeV_060,0.8105158822541703,3000.0,0.6
19,Zprime_3000GeV_075,0.7821671841288309,3000.0,0.75
20,Zprime_3500GeV_015,0.8701836091326925,3500.0,0.15
21,Zprime_3500GeV_030,0.86037972158399,3500.0,0.3
22,Zprime_3500GeV_045,0.8351260975976803,3500.0,0.45
23,Zprime_3500GeV_060,0.8115997127214715,3500.0,0.6
24,Zprime_3500GeV_075,0.7787091981436122,3500.0,0.75
25,Zprime_4000GeV_015,0.8763338540479815,4000.0,0.15
26,Zprime_4000GeV_030,0.8652192026617181,4000.0,0.3
27,Zprime_4000GeV_045,0.8395702424252386,4000.0,0.45
28,Zprime_4000GeV_060,0.8107039568213585,4000.0,0.6
29,Zprime_4000GeV_075,0.7724122490426203,4000.0,0.75
