,name,auc,mass,nu
0,Zprime_1500GeV_015,0.843251910850041,1500.0,0.15
1,Zprime_1500GeV_030,0.8298404323329325,1500.0,0.3
2,Zprime_1500GeV_045,0.8099747900396168,1500.0,0.45
3,Zprime_1500GeV_060,0.7793152522071983,1500.0,0.6
4,Zprime_1500GeV_075,0.7424321950234029,1500.0,0.75
5,Zprime_2000GeV_015,0.8365526174080647,2000.0,0.15
6,Zprime_2000GeV_030,0.8221405254775302,2000.0,0.3
7,Zprime_2000GeV_045,0.7975846822909595,2000.0,0.45
8,Zprime_2000GeV_060,0.7733866737638236,2000.0,0.6
9,Zprime_2000GeV_075,0.7474846683554458,2000.0,0.75
10,Zprime_2500GeV_015,0.8388316871713369,2500.0,0.15
11,Zprime_2500GeV_030,0.819626810250258,2500.0,0.3
12,Zprime_2500GeV_045,0.799876122090319,2500.0,0.45
13,Zprime_2500GeV_060,0.7707964323310408,2500.0,0.6
14,Zprime_2500GeV_075,0.7379882049883972,2500.0,0.75
15,Zprime_3000GeV_015,0.8493073272960892,3000.0,0.15
16,Zprime_3000GeV_030,0.8239668259718478,3000.0,0.3
17,Zprime_3000GeV_045,0.7992408914322835,3000.0,0.45
18,Zprime_3000GeV_060,0.7677480353918056,3000.0,0.6
19,Zprime_3000GeV_075,0.7332950831265255,3000.0,0.75
20,Zprime_3500GeV_015,0.8478770831491447,3500.0,0.15
21,Zprime_3500GeV_030,0.8333507792661882,3500.0,0.3
22,Zprime_3500GeV_045,0.8005272177147146,3500.0,0.45
23,Zprime_3500GeV_060,0.7770502471475168,3500.0,0.6
24,Zprime_3500GeV_075,0.7359628400154699,3500.0,0.75
25,Zprime_4000GeV_015,0.857017890964002,4000.0,0.15
26,Zprime_4000GeV_030,0.8407329234960275,4000.0,0.3
27,Zprime_4000GeV_045,0.8059255990141996,4000.0,0.45
28,Zprime_4000GeV_060,0.7757278274094006,4000.0,0.6
29,Zprime_4000GeV_075,0.7317379986925607,4000.0,0.75
