,name,auc,mass,nu
0,Zprime_1500GeV_015,0.8609937167551328,1500.0,0.15
1,Zprime_1500GeV_030,0.8530079653068512,1500.0,0.3
2,Zprime_1500GeV_045,0.8296849644405372,1500.0,0.45
3,Zprime_1500GeV_060,0.8068798470083985,1500.0,0.6
4,Zprime_1500GeV_075,0.7693188863905636,1500.0,0.75
5,Zprime_2000GeV_015,0.8734112515301633,2000.0,0.15
6,Zprime_2000GeV_030,0.8570223657851344,2000.0,0.3
7,Zprime_2000GeV_045,0.8359260053627459,2000.0,0.45
8,Zprime_2000GeV_060,0.8064451717009754,2000.0,0.6
9,Zprime_2000GeV_075,0.7729129734823245,2000.0,0.75
10,Zprime_2500GeV_015,0.8700546067321957,2500.0,0.15
11,Zprime_2500GeV_030,0.8525892478058368,2500.0,0.3
12,Zprime_2500GeV_045,0.8349553191643607,2500.0,0.45
13,Zprime_2500GeV_060,0.8103071175920094,2500.0,0.6
14,Zprime_2500GeV_075,0.7707948150589066,2500.0,0.75
15,Zprime_3000GeV_015,0.8786800906651855,3000.0,0.15
16,Zprime_3000GeV_030,0.8554625049945559,3000.0,0.3
17,Zprime_3000GeV_045,0.8335754567790539,3000.0,0.45
18,Zprime_3000GeV_060,0.8033499658019024,3000.0,0.6
19,Zprime_3000GeV_075,0.768940641389438,3000.0,0.75
20,Zprime_3500GeV_015,0.8753509888933765,3500.0,0.15
21,Zprime_3500GeV_030,0.8620344082416863,3500.0,0.3
22,Zprime_3500GeV_045,0.8334828207584372,3500.0,0.45
23,Zprime_3500GeV_060,0.8063121741735727,3500.0,0.6
24,Zprime_3500GeV_075,0.7639668041768725,3500.0,0.75
25,Zprime_4000GeV_015,0.8829932829149608,4000.0,0.15
26,Zprime_4000GeV_030,0.8696920103513955,4000.0,0.3
27,Zprime_4000GeV_045,0.8357870052430121,4000.0,0.45
28,Zprime_4000GeV_060,0.8048044112897217,4000.0,0.6
29,Zprime_4000GeV_075,0.7589124972599118,4000.0,0.75
