,name,auc,mass,nu
0,Zprime_1500GeV_015,0.8763273424844881,1500.0,0.15
1,Zprime_1500GeV_030,0.8658639499595289,1500.0,0.3
2,Zprime_1500GeV_045,0.8456811224416964,1500.0,0.45
3,Zprime_1500GeV_060,0.823621279819328,1500.0,0.6
4,Zprime_1500GeV_075,0.783923555710329,1500.0,0.75
5,Zprime_2000GeV_015,0.8735424344255269,2000.0,0.15
6,Zprime_2000GeV_030,0.8595547492713629,2000.0,0.3
7,Zprime_2000GeV_045,0.8368080139244294,2000.0,0.45
8,Zprime_2000GeV_060,0.813173534246395,2000.0,0.6
9,Zprime_2000GeV_075,0.7882866607303745,2000.0,0.75
10,Zprime_2500GeV_015,0.8725776197690481,2500.0,0.15
11,Zprime_2500GeV_030,0.8540119389438665,2500.0,0.3
12,Zprime_2500GeV_045,0.8362182056241969,2500.0,0.45
13,Zprime_2500GeV_060,0.8106825140590185,2500.0,0.6
14,Zprime_2500GeV_075,0.777403146098687,2500.0,0.75
15,Zprime_3000GeV_015,0.8750345086439063,3000.0,0.15
16,Zprime_3000GeV_030,0.8532131033285975,3000.0,0.3
17,Zprime_3000GeV_045,0.8327123944792283,3000.0,0.45
18,Zprime_3000GeV_060,0.8026121009854155,3000.0,0.6
19,Zprime_3000GeV_075,0.7717061468840754,3000.0,0.75
20,Zprime_3500GeV_015,0.869972234414915,3500.0,0.15
21,Zprime_3500GeV_030,0.8572281204885964,3500.0,0.3
22,Zprime_3500GeV_045,0.8288039874041881,3500.0,0.45
23,Zprime_3500GeV_060,0.803568831861116,3500.0,0.6
24,Zprime_3500GeV_075,0.7651412595075416,3500.0,0.75
25,Zprime_4000GeV_015,0.8728419728194143,4000.0,0.15
26,Zprime_4000GeV_030,0.862190645538393,4000.0,0.3
27,Zprime_4000GeV_045,0.8312033688501527,4000.0,0.45
28,Zprime_4000GeV_060,0.8027069096318548,4000.0,0.6
29,Zprime_4000GeV_075,0.7619433844978087,4000.0,0.75
