,name,auc,mass,nu
0,Zprime_1500GeV_015,0.8741882040158211,1500.0,0.15
1,Zprime_1500GeV_030,0.8698775114809048,1500.0,0.3
2,Zprime_1500GeV_045,0.846005663072031,1500.0,0.45
3,Zprime_1500GeV_060,0.8269177952549495,1500.0,0.6
4,Zprime_1500GeV_075,0.7898865401282572,1500.0,0.75
5,Zprime_2000GeV_015,0.8748369470091281,2000.0,0.15
6,Zprime_2000GeV_030,0.8636241560869173,2000.0,0.3
7,Zprime_2000GeV_045,0.8401888027295166,2000.0,0.45
8,Zprime_2000GeV_060,0.8177082081108521,2000.0,0.6
9,Zprime_2000GeV_075,0.7903393414269259,2000.0,0.75
10,Zprime_2500GeV_015,0.8701715268852015,2500.0,0.15
11,Zprime_2500GeV_030,0.8559221960571908,2500.0,0.3
12,Zprime_2500GeV_045,0.8372887900289131,2500.0,0.45
13,Zprime_2500GeV_060,0.8135235890512538,2500.0,0.6
14,Zprime_2500GeV_075,0.7759633693750315,2500.0,0.75
15,Zprime_3000GeV_015,0.8719621056751552,3000.0,0.15
16,Zprime_3000GeV_030,0.8521942915140726,3000.0,0.3
17,Zprime_3000GeV_045,0.831388182232921,3000.0,0.45
18,Zprime_3000GeV_060,0.8039033265228145,3000.0,0.6
19,Zprime_3000GeV_075,0.772500418997995,3000.0,0.75
20,Zprime_3500GeV_015,0.8663242161743003,3500.0,0.15
21,Zprime_3500GeV_030,0.8542972740304833,3500.0,0.3
22,Zprime_3500GeV_045,0.8288138067278881,3500.0,0.45
23,Zprime_3500GeV_060,0.8061288559331337,3500.0,0.6
24,Zprime_3500GeV_075,0.768738698379958,3500.0,0.75
25,Zprime_4000GeV_015,0.8681133913649519,4000.0,0.15
26,Zprime_4000GeV_030,0.8588572656773437,4000.0,0.3
27,Zprime_4000GeV_045,0.8281542955537472,4000.0,0.45
28,Zprime_4000GeV_060,0.8029438867364805,4000.0,0.6
29,Zprime_4000GeV_075,0.7621492011371568,4000.0,0.75
