,name,auc,mass,nu
0,Zprime_1500GeV_015,0.8546680838064917,1500.0,0.15
1,Zprime_1500GeV_030,0.8473670397124121,1500.0,0.3
2,Zprime_1500GeV_045,0.8243917841751551,1500.0,0.45
3,Zprime_1500GeV_060,0.8050241490801489,1500.0,0.6
4,Zprime_1500GeV_075,0.7665449639956539,1500.0,0.75
5,Zprime_2000GeV_015,0.8659536377888399,2000.0,0.15
6,Zprime_2000GeV_030,0.8493785144877043,2000.0,0.3
7,Zprime_2000GeV_045,0.8291168543931963,2000.0,0.45
8,Zprime_2000GeV_060,0.8023558180333427,2000.0,0.6
9,Zprime_2000GeV_075,0.7708110427730356,2000.0,0.75
10,Zprime_2500GeV_015,0.8636217810730413,2500.0,0.15
11,Zprime_2500GeV_030,0.8462824970571166,2500.0,0.3
12,Zprime_2500GeV_045,0.8286370992406996,2500.0,0.45
13,Zprime_2500GeV_060,0.8047462095188708,2500.0,0.6
14,Zprime_2500GeV_075,0.7654279964514824,2500.0,0.75
15,Zprime_3000GeV_015,0.872072017210674,3000.0,0.15
16,Zprime_3000GeV_030,0.8512153918110826,3000.0,0.3
17,Zprime_3000GeV_045,0.8282235984203107,3000.0,0.45
18,Zprime_3000GeV_060,0.7986351898666153,3000.0,0.6
19,Zprime_3000GeV_075,0.7645636881701646,3000.0,0.75
20,Zprime_3500GeV_015,0.8701816861059516,3500.0,0.15
21,Zprime_3500GeV_030,0.8590018933790584,3500.0,0.3
22,Zprime_3500GeV_045,0.8310254420164844,3500.0,0.45
23,Zprime_3500GeV_060,0.8020276012166427,3500.0,0.6
24,Zprime_3500GeV_075,0.7617934983455804,3500.0,0.75
25,Zprime_4000GeV_015,0.8794060011617226,4000.0,0.15
26,Zprime_4000GeV_030,0.8662007577889665,4000.0,0.3
27,Zprime_4000GeV_045,0.8333073962283114,4000.0,0.45
28,Zprime_4000GeV_060,0.8029585122138436,4000.0,0.6
29,Zprime_4000GeV_075,0.7575235589059177,4000.0,0.75
