,name,auc,mass,nu
0,Zprime_1500GeV_015,0.8807634945902064,1500.0,0.15
1,Zprime_1500GeV_030,0.8708282656384397,1500.0,0.3
2,Zprime_1500GeV_045,0.8521412434205167,1500.0,0.45
3,Zprime_1500GeV_060,0.8293056481943377,1500.0,0.6
4,Zprime_1500GeV_075,0.7914133694074393,1500.0,0.75
5,Zprime_2000GeV_015,0.8795275187423504,2000.0,0.15
6,Zprime_2000GeV_030,0.8665960803925458,2000.0,0.3
7,Zprime_2000GeV_045,0.8438904169913329,2000.0,0.45
8,Zprime_2000GeV_060,0.8195468622944215,2000.0,0.6
9,Zprime_2000GeV_075,0.8012543953313255,2000.0,0.75
10,Zprime_2500GeV_015,0.873123520234011,2500.0,0.15
11,Zprime_2500GeV_030,0.8583838702017368,2500.0,0.3
12,Zprime_2500GeV_045,0.8401473223070909,2500.0,0.45
13,Zprime_2500GeV_060,0.8161737901497561,2500.0,0.6
14,Zprime_2500GeV_075,0.7823368855900023,2500.0,0.75
15,Zprime_3000GeV_015,0.877207576200247,3000.0,0.15
16,Zprime_3000GeV_030,0.8562096504523269,3000.0,0.3
17,Zprime_3000GeV_045,0.8346804015869458,3000.0,0.45
18,Zprime_3000GeV_060,0.8055930428333233,3000.0,0.6
19,Zprime_3000GeV_075,0.7745053600226781,3000.0,0.75
20,Zprime_3500GeV_015,0.8711760491547056,3500.0,0.15
21,Zprime_3500GeV_030,0.8588448799833642,3500.0,0.3
22,Zprime_3500GeV_045,0.8324904739542066,3500.0,0.45
23,Zprime_3500GeV_060,0.8083062904883241,3500.0,0.6
24,Zprime_3500GeV_075,0.7702709273344506,3500.0,0.75
25,Zprime_4000GeV_015,0.8777255140474189,4000.0,0.15
26,Zprime_4000GeV_030,0.8626146246219528,4000.0,0.3
27,Zprime_4000GeV_045,0.8338824054397311,4000.0,0.45
28,Zprime_4000GeV_060,0.8076348763399674,4000.0,0.6
29,Zprime_4000GeV_075,0.7636591687599464,4000.0,0.75
