,name,auc,mass,nu
0,Zprime_1500GeV_015,0.8789788746209595,1500.0,0.15
1,Zprime_1500GeV_030,0.864885787982087,1500.0,0.3
2,Zprime_1500GeV_045,0.845623692311544,1500.0,0.45
3,Zprime_1500GeV_060,0.8273625871636925,1500.0,0.6
4,Zprime_1500GeV_075,0.787087783300881,1500.0,0.75
5,Zprime_2000GeV_015,0.8735210168099574,2000.0,0.15
6,Zprime_2000GeV_030,0.8592804405077733,2000.0,0.3
7,Zprime_2000GeV_045,0.837285021465054,2000.0,0.45
8,Zprime_2000GeV_060,0.8140958178671075,2000.0,0.6
9,Zprime_2000GeV_075,0.7917618576714975,2000.0,0.75
10,Zprime_2500GeV_015,0.8681237631537428,2500.0,0.15
11,Zprime_2500GeV_030,0.8529802533453734,2500.0,0.3
12,Zprime_2500GeV_045,0.8347236541824252,2500.0,0.45
13,Zprime_2500GeV_060,0.8098707295545253,2500.0,0.6
14,Zprime_2500GeV_075,0.7746366175220494,2500.0,0.75
15,Zprime_3000GeV_015,0.8716453648860156,3000.0,0.15
16,Zprime_3000GeV_030,0.8507234934256056,3000.0,0.3
17,Zprime_3000GeV_045,0.8301471029259582,3000.0,0.45
18,Zprime_3000GeV_060,0.8021402705466739,3000.0,0.6
19,Zprime_3000GeV_075,0.7690673121898153,3000.0,0.75
20,Zprime_3500GeV_015,0.8651499892699975,3500.0,0.15
21,Zprime_3500GeV_030,0.8524392786683612,3500.0,0.3
22,Zprime_3500GeV_045,0.8257805841619814,3500.0,0.45
23,Zprime_3500GeV_060,0.8027137530879108,3500.0,0.6
24,Zprime_3500GeV_075,0.764487097675218,3500.0,0.75
25,Zprime_4000GeV_015,0.870072573473382,4000.0,0.15
26,Zprime_4000GeV_030,0.8575649205382265,4000.0,0.3
27,Zprime_4000GeV_045,0.8279338883954829,4000.0,0.45
28,Zprime_4000GeV_060,0.8013465951769237,4000.0,0.6
29,Zprime_4000GeV_075,0.761250148464985,4000.0,0.75
