,name,auc,mass,nu
0,Zprime_1500GeV_015,0.8846480177791727,1500.0,0.15
1,Zprime_1500GeV_030,0.8791567426142858,1500.0,0.3
2,Zprime_1500GeV_045,0.8586708186198365,1500.0,0.45
3,Zprime_1500GeV_060,0.8405192224694666,1500.0,0.6
4,Zprime_1500GeV_075,0.8040630945265469,1500.0,0.75
5,Zprime_2000GeV_015,0.8851509871265093,2000.0,0.15
6,Zprime_2000GeV_030,0.8715626416363141,2000.0,0.3
7,Zprime_2000GeV_045,0.8514654286945315,2000.0,0.45
8,Zprime_2000GeV_060,0.8272173674095792,2000.0,0.6
9,Zprime_2000GeV_075,0.8043957664843171,2000.0,0.75
10,Zprime_2500GeV_015,0.8820211318520201,2500.0,0.15
11,Zprime_2500GeV_030,0.866239026756576,2500.0,0.3
12,Zprime_2500GeV_045,0.8492171962564192,2500.0,0.45
13,Zprime_2500GeV_060,0.826277898029768,2500.0,0.6
14,Zprime_2500GeV_075,0.791563307772887,2500.0,0.75
15,Zprime_3000GeV_015,0.8889992593853865,3000.0,0.15
16,Zprime_3000GeV_030,0.8683712315676528,3000.0,0.3
17,Zprime_3000GeV_045,0.846338420387037,3000.0,0.45
18,Zprime_3000GeV_060,0.8180014995072777,3000.0,0.6
19,Zprime_3000GeV_075,0.78711881867865,3000.0,0.75
20,Zprime_3500GeV_015,0.8837960947075576,3500.0,0.15
21,Zprime_3500GeV_030,0.8727062603201863,3500.0,0.3
22,Zprime_3500GeV_045,0.8484889604393582,3500.0,0.45
23,Zprime_3500GeV_060,0.8209430388449902,3500.0,0.6
24,Zprime_3500GeV_075,0.7839952193717503,3500.0,0.75
25,Zprime_4000GeV_015,0.8895006771076027,4000.0,0.15
26,Zprime_4000GeV_030,0.8787942879549653,4000.0,0.3
27,Zprime_4000GeV_045,0.8491418241408982,4000.0,0.45
28,Zprime_4000GeV_060,0.8207544329787757,4000.0,0.6
29,Zprime_4000GeV_075,0.77810207379458,4000.0,0.75
