,name,auc,mass,nu
0,Zprime_1500GeV_015,0.8572125364093769,1500.0,0.15
1,Zprime_1500GeV_030,0.8454478318895468,1500.0,0.3
2,Zprime_1500GeV_045,0.8240269436255739,1500.0,0.45
3,Zprime_1500GeV_060,0.8013869121557269,1500.0,0.6
4,Zprime_1500GeV_075,0.7545008920862989,1500.0,0.75
5,Zprime_2000GeV_015,0.8607230801192441,2000.0,0.15
6,Zprime_2000GeV_030,0.8479979172091491,2000.0,0.3
7,Zprime_2000GeV_045,0.8240750765413902,2000.0,0.45
8,Zprime_2000GeV_060,0.7949750109154491,2000.0,0.6
9,Zprime_2000GeV_075,0.7643549168511106,2000.0,0.75
10,Zprime_2500GeV_015,0.8576344786196964,2500.0,0.15
11,Zprime_2500GeV_030,0.8422153021194687,2500.0,0.3
12,Zprime_2500GeV_045,0.8240792368940051,2500.0,0.45
13,Zprime_2500GeV_060,0.7957493824176555,2500.0,0.6
14,Zprime_2500GeV_075,0.7523840756072034,2500.0,0.75
15,Zprime_3000GeV_015,0.8620682123966756,3000.0,0.15
16,Zprime_3000GeV_030,0.8406331806099727,3000.0,0.3
17,Zprime_3000GeV_045,0.8177129672494485,3000.0,0.45
18,Zprime_3000GeV_060,0.787757008330445,3000.0,0.6
19,Zprime_3000GeV_075,0.7514287594179567,3000.0,0.75
20,Zprime_3500GeV_015,0.8549119652963292,3500.0,0.15
21,Zprime_3500GeV_030,0.8432964364851832,3500.0,0.3
22,Zprime_3500GeV_045,0.8150829796083147,3500.0,0.45
23,Zprime_3500GeV_060,0.7892596834532845,3500.0,0.6
24,Zprime_3500GeV_075,0.7514689098018994,3500.0,0.75
25,Zprime_4000GeV_015,0.8599367523067579,4000.0,0.15
26,Zprime_4000GeV_030,0.8512690113004096,4000.0,0.3
27,Zprime_4000GeV_045,0.8202035727516502,4000.0,0.45
28,Zprime_4000GeV_060,0.7920427863305817,4000.0,0.6
29,Zprime_4000GeV_075,0.7478441992424343,4000.0,0.75
