,name,auc,mass,nu
0,Zprime_1500GeV_015,0.8773209518097727,1500.0,0.15
1,Zprime_1500GeV_030,0.8647873179592415,1500.0,0.3
2,Zprime_1500GeV_045,0.8487965148366293,1500.0,0.45
3,Zprime_1500GeV_060,0.8268558703908824,1500.0,0.6
4,Zprime_1500GeV_075,0.7902654047426512,1500.0,0.75
5,Zprime_2000GeV_015,0.8776809443327462,2000.0,0.15
6,Zprime_2000GeV_030,0.8638125807025138,2000.0,0.3
7,Zprime_2000GeV_045,0.8430270803077095,2000.0,0.45
8,Zprime_2000GeV_060,0.8163702253661591,2000.0,0.6
9,Zprime_2000GeV_075,0.7931246075637504,2000.0,0.75
10,Zprime_2500GeV_015,0.8709963265606029,2500.0,0.15
11,Zprime_2500GeV_030,0.8570622908974004,2500.0,0.3
12,Zprime_2500GeV_045,0.8385165477163461,2500.0,0.45
13,Zprime_2500GeV_060,0.8165181785110557,2500.0,0.6
14,Zprime_2500GeV_075,0.7793753440667808,2500.0,0.75
15,Zprime_3000GeV_015,0.873077166489024,3000.0,0.15
16,Zprime_3000GeV_030,0.8530453031787876,3000.0,0.3
17,Zprime_3000GeV_045,0.8333708203978158,3000.0,0.45
18,Zprime_3000GeV_060,0.8066173670365261,3000.0,0.6
19,Zprime_3000GeV_075,0.7749398896539313,3000.0,0.75
20,Zprime_3500GeV_015,0.8694004138937755,3500.0,0.15
21,Zprime_3500GeV_030,0.8567712871787723,3500.0,0.3
22,Zprime_3500GeV_045,0.8324533446364659,3500.0,0.45
23,Zprime_3500GeV_060,0.8096877930900858,3500.0,0.6
24,Zprime_3500GeV_075,0.7737025804649563,3500.0,0.75
25,Zprime_4000GeV_015,0.875354826868312,4000.0,0.15
26,Zprime_4000GeV_030,0.8643501746264619,4000.0,0.3
27,Zprime_4000GeV_045,0.8352794011087004,4000.0,0.45
28,Zprime_4000GeV_060,0.8081699776733641,4000.0,0.6
29,Zprime_4000GeV_075,0.7645538322748915,4000.0,0.75
