,name,auc,mass,nu
0,Zprime_1500GeV_015,0.8758023374866647,1500.0,0.15
1,Zprime_1500GeV_030,0.8641760905538518,1500.0,0.3
2,Zprime_1500GeV_045,0.8454563433280793,1500.0,0.45
3,Zprime_1500GeV_060,0.8250899069262287,1500.0,0.6
4,Zprime_1500GeV_075,0.7834491901463668,1500.0,0.75
5,Zprime_2000GeV_015,0.8696532005003701,2000.0,0.15
6,Zprime_2000GeV_030,0.8551839757058022,2000.0,0.3
7,Zprime_2000GeV_045,0.8339049837181984,2000.0,0.45
8,Zprime_2000GeV_060,0.8118591061118873,2000.0,0.6
9,Zprime_2000GeV_075,0.7890693121062831,2000.0,0.75
10,Zprime_2500GeV_015,0.8656721979810243,2500.0,0.15
11,Zprime_2500GeV_030,0.8497745470089719,2500.0,0.3
12,Zprime_2500GeV_045,0.8314826453778006,2500.0,0.45
13,Zprime_2500GeV_060,0.8081090011582075,2500.0,0.6
14,Zprime_2500GeV_075,0.7740368121583818,2500.0,0.75
15,Zprime_3000GeV_015,0.870057134540723,3000.0,0.15
16,Zprime_3000GeV_030,0.8484872866372175,3000.0,0.3
17,Zprime_3000GeV_045,0.8290843883473555,3000.0,0.45
18,Zprime_3000GeV_060,0.7999348364005888,3000.0,0.6
19,Zprime_3000GeV_075,0.7687329664686764,3000.0,0.75
20,Zprime_3500GeV_015,0.8662743270185356,3500.0,0.15
21,Zprime_3500GeV_030,0.8539057487939119,3500.0,0.3
22,Zprime_3500GeV_045,0.8265514568640457,3500.0,0.45
23,Zprime_3500GeV_060,0.8017222728920926,3500.0,0.6
24,Zprime_3500GeV_075,0.7621409479609815,3500.0,0.75
25,Zprime_4000GeV_015,0.870097930206851,4000.0,0.15
26,Zprime_4000GeV_030,0.8596012552042953,4000.0,0.3
27,Zprime_4000GeV_045,0.8286579043003467,4000.0,0.45
28,Zprime_4000GeV_060,0.8024209021929649,4000.0,0.6
29,Zprime_4000GeV_075,0.7588491540575236,4000.0,0.75
