,name,auc,mass,nu
0,Zprime_1500GeV_015,0.8349235286314557,1500.0,0.15
1,Zprime_1500GeV_030,0.8243741242706218,1500.0,0.3
2,Zprime_1500GeV_045,0.7985129219989024,1500.0,0.45
3,Zprime_1500GeV_060,0.7797790689001153,1500.0,0.6
4,Zprime_1500GeV_075,0.7271495317453807,1500.0,0.75
5,Zprime_2000GeV_015,0.8379256916283508,2000.0,0.15
6,Zprime_2000GeV_030,0.8226368616162589,2000.0,0.3
7,Zprime_2000GeV_045,0.7984712922726946,2000.0,0.45
8,Zprime_2000GeV_060,0.7692663183801212,2000.0,0.6
9,Zprime_2000GeV_075,0.7472910679832399,2000.0,0.75
10,Zprime_2500GeV_015,0.831695829861906,2500.0,0.15
11,Zprime_2500GeV_030,0.8179916750279218,2500.0,0.3
12,Zprime_2500GeV_045,0.7989155258877567,2500.0,0.45
13,Zprime_2500GeV_060,0.7706069900278455,2500.0,0.6
14,Zprime_2500GeV_075,0.7302995198359935,2500.0,0.75
15,Zprime_3000GeV_015,0.8350976727776194,3000.0,0.15
16,Zprime_3000GeV_030,0.8121806464286903,3000.0,0.3
17,Zprime_3000GeV_045,0.7905475962982452,3000.0,0.45
18,Zprime_3000GeV_060,0.7608038900372324,3000.0,0.6
19,Zprime_3000GeV_075,0.7311642376295862,3000.0,0.75
20,Zprime_3500GeV_015,0.8265396774456127,3500.0,0.15
21,Zprime_3500GeV_030,0.8151601798008896,3500.0,0.3
22,Zprime_3500GeV_045,0.7863275736800764,3500.0,0.45
23,Zprime_3500GeV_060,0.764672463810594,3500.0,0.6
24,Zprime_3500GeV_075,0.7297077800696146,3500.0,0.75
25,Zprime_4000GeV_015,0.83189657511764,4000.0,0.15
26,Zprime_4000GeV_030,0.8237231659909178,4000.0,0.3
27,Zprime_4000GeV_045,0.7911077769963561,4000.0,0.45
28,Zprime_4000GeV_060,0.7645409584872294,4000.0,0.6
29,Zprime_4000GeV_075,0.7256637395028778,4000.0,0.75
