,name,auc,mass,nu
0,Zprime_1500GeV_015,0.8671549353272314,1500.0,0.15
1,Zprime_1500GeV_030,0.857394207136019,1500.0,0.3
2,Zprime_1500GeV_045,0.8383382465560041,1500.0,0.45
3,Zprime_1500GeV_060,0.8182463201863631,1500.0,0.6
4,Zprime_1500GeV_075,0.777308806959445,1500.0,0.75
5,Zprime_2000GeV_015,0.8684394824538006,2000.0,0.15
6,Zprime_2000GeV_030,0.8549965067806751,2000.0,0.3
7,Zprime_2000GeV_045,0.8327292353314524,2000.0,0.45
8,Zprime_2000GeV_060,0.8083874299100429,2000.0,0.6
9,Zprime_2000GeV_075,0.782687707142426,2000.0,0.75
10,Zprime_2500GeV_015,0.8626093499564187,2500.0,0.15
11,Zprime_2500GeV_030,0.8476517497262739,2500.0,0.3
12,Zprime_2500GeV_045,0.8296508587716183,2500.0,0.45
13,Zprime_2500GeV_060,0.8065796119125194,2500.0,0.6
14,Zprime_2500GeV_075,0.7685109892470985,2500.0,0.75
15,Zprime_3000GeV_015,0.8641444776622262,3000.0,0.15
16,Zprime_3000GeV_030,0.8428956159331568,3000.0,0.3
17,Zprime_3000GeV_045,0.8242119156085536,3000.0,0.45
18,Zprime_3000GeV_060,0.7961669830390823,3000.0,0.6
19,Zprime_3000GeV_075,0.7625878136473065,3000.0,0.75
20,Zprime_3500GeV_015,0.8595663959304666,3500.0,0.15
21,Zprime_3500GeV_030,0.8462613597754935,3500.0,0.3
22,Zprime_3500GeV_045,0.8216457376212734,3500.0,0.45
23,Zprime_3500GeV_060,0.7969569013940541,3500.0,0.6
24,Zprime_3500GeV_075,0.7597047827768466,3500.0,0.75
25,Zprime_4000GeV_015,0.8637581301017871,4000.0,0.15
26,Zprime_4000GeV_030,0.8499507827550582,4000.0,0.3
27,Zprime_4000GeV_045,0.8234313295091651,4000.0,0.45
28,Zprime_4000GeV_060,0.7971061368332356,4000.0,0.6
29,Zprime_4000GeV_075,0.7544952076255294,4000.0,0.75
