,name,auc,mass,nu
0,Zprime_1500GeV_015,0.8496912793120006,1500.0,0.15
1,Zprime_1500GeV_030,0.8363852215978377,1500.0,0.3
2,Zprime_1500GeV_045,0.8138716934026067,1500.0,0.45
3,Zprime_1500GeV_060,0.7892925927730396,1500.0,0.6
4,Zprime_1500GeV_075,0.7421572722752303,1500.0,0.75
5,Zprime_2000GeV_015,0.8622828635424927,2000.0,0.15
6,Zprime_2000GeV_030,0.8469591413994906,2000.0,0.3
7,Zprime_2000GeV_045,0.820803039066817,2000.0,0.45
8,Zprime_2000GeV_060,0.7909628198636572,2000.0,0.6
9,Zprime_2000GeV_075,0.7589021267846273,2000.0,0.75
10,Zprime_2500GeV_015,0.8650121432807921,2500.0,0.15
11,Zprime_2500GeV_030,0.8446414096177026,2500.0,0.3
12,Zprime_2500GeV_045,0.8231989215198955,2500.0,0.45
13,Zprime_2500GeV_060,0.7932181486729301,2500.0,0.6
14,Zprime_2500GeV_075,0.7494921805972428,2500.0,0.75
15,Zprime_3000GeV_015,0.8697417623897121,3000.0,0.15
16,Zprime_3000GeV_030,0.8450483911932661,3000.0,0.3
17,Zprime_3000GeV_045,0.8209943113391459,3000.0,0.45
18,Zprime_3000GeV_060,0.7884341073811532,3000.0,0.6
19,Zprime_3000GeV_075,0.7477503196775532,3000.0,0.75
20,Zprime_3500GeV_015,0.8683510741881323,3500.0,0.15
21,Zprime_3500GeV_030,0.8517587397378498,3500.0,0.3
22,Zprime_3500GeV_045,0.8180352950383181,3500.0,0.45
23,Zprime_3500GeV_060,0.7907291155518259,3500.0,0.6
24,Zprime_3500GeV_075,0.7439266468995746,3500.0,0.75
25,Zprime_4000GeV_015,0.8719564959510636,4000.0,0.15
26,Zprime_4000GeV_030,0.8581684758004431,4000.0,0.3
27,Zprime_4000GeV_045,0.824297812128727,4000.0,0.45
28,Zprime_4000GeV_060,0.7900704545253634,4000.0,0.6
29,Zprime_4000GeV_075,0.7405246316438115,4000.0,0.75
