,name,auc,mass,nu
0,Zprime_1500GeV_015,0.8763593378958323,1500.0,0.15
1,Zprime_1500GeV_030,0.8714968843582845,1500.0,0.3
2,Zprime_1500GeV_045,0.8511341297710108,1500.0,0.45
3,Zprime_1500GeV_060,0.8327095216188378,1500.0,0.6
4,Zprime_1500GeV_075,0.7994693523570667,1500.0,0.75
5,Zprime_2000GeV_015,0.8759207239263429,2000.0,0.15
6,Zprime_2000GeV_030,0.8601508270698917,2000.0,0.3
7,Zprime_2000GeV_045,0.8427661398611133,2000.0,0.45
8,Zprime_2000GeV_060,0.8195346038560835,2000.0,0.6
9,Zprime_2000GeV_075,0.7976690487988981,2000.0,0.75
10,Zprime_2500GeV_015,0.8695568843451943,2500.0,0.15
11,Zprime_2500GeV_030,0.8539296395549736,2500.0,0.3
12,Zprime_2500GeV_045,0.8379480363137053,2500.0,0.45
13,Zprime_2500GeV_060,0.8155802323653116,2500.0,0.6
14,Zprime_2500GeV_075,0.781933651108928,2500.0,0.75
15,Zprime_3000GeV_015,0.8750377241190284,3000.0,0.15
16,Zprime_3000GeV_030,0.8548665136860254,3000.0,0.3
17,Zprime_3000GeV_045,0.8343276594121946,3000.0,0.45
18,Zprime_3000GeV_060,0.8078425220046885,3000.0,0.6
19,Zprime_3000GeV_075,0.7801512015031946,3000.0,0.75
20,Zprime_3500GeV_015,0.8703746216749164,3500.0,0.15
21,Zprime_3500GeV_030,0.8588391044872681,3500.0,0.3
22,Zprime_3500GeV_045,0.8349197523209496,3500.0,0.45
23,Zprime_3500GeV_060,0.8093022976299074,3500.0,0.6
24,Zprime_3500GeV_075,0.776033808173263,3500.0,0.75
25,Zprime_4000GeV_015,0.8779237335712508,4000.0,0.15
26,Zprime_4000GeV_030,0.8671186588397213,4000.0,0.3
27,Zprime_4000GeV_045,0.8366368302860476,4000.0,0.45
28,Zprime_4000GeV_060,0.8090224535721303,4000.0,0.6
29,Zprime_4000GeV_075,0.7682578768930296,4000.0,0.75
