,name,auc,mass,nu
0,Zprime_1500GeV_015,0.8722079916597071,1500.0,0.15
1,Zprime_1500GeV_030,0.8594921271532641,1500.0,0.3
2,Zprime_1500GeV_045,0.839930477697893,1500.0,0.45
3,Zprime_1500GeV_060,0.8273090698529713,1500.0,0.6
4,Zprime_1500GeV_075,0.7796369652435141,1500.0,0.75
5,Zprime_2000GeV_015,0.8710583897516619,2000.0,0.15
6,Zprime_2000GeV_030,0.858466414084502,2000.0,0.3
7,Zprime_2000GeV_045,0.8335382201174846,2000.0,0.45
8,Zprime_2000GeV_060,0.8105317919739388,2000.0,0.6
9,Zprime_2000GeV_075,0.7846914551295895,2000.0,0.75
10,Zprime_2500GeV_015,0.8713442835214799,2500.0,0.15
11,Zprime_2500GeV_030,0.8523762676679957,2500.0,0.3
12,Zprime_2500GeV_045,0.8351471221566156,2500.0,0.45
13,Zprime_2500GeV_060,0.80832569455032,2500.0,0.6
14,Zprime_2500GeV_075,0.772770914640659,2500.0,0.75
15,Zprime_3000GeV_015,0.8771839300908878,3000.0,0.15
16,Zprime_3000GeV_030,0.8529207856533401,3000.0,0.3
17,Zprime_3000GeV_045,0.8322657291376242,3000.0,0.45
18,Zprime_3000GeV_060,0.8017460175536977,3000.0,0.6
19,Zprime_3000GeV_075,0.7686435651190234,3000.0,0.75
20,Zprime_3500GeV_015,0.8714189834189331,3500.0,0.15
21,Zprime_3500GeV_030,0.8579425535713799,3500.0,0.3
22,Zprime_3500GeV_045,0.8306105012013422,3500.0,0.45
23,Zprime_3500GeV_060,0.8046385089497916,3500.0,0.6
24,Zprime_3500GeV_075,0.7656263697305659,3500.0,0.75
25,Zprime_4000GeV_015,0.8774548542655665,4000.0,0.15
26,Zprime_4000GeV_030,0.865175842991428,4000.0,0.3
27,Zprime_4000GeV_045,0.8328748537315903,4000.0,0.45
28,Zprime_4000GeV_060,0.8041101789602081,4000.0,0.6
29,Zprime_4000GeV_075,0.7613776430320444,4000.0,0.75
