,name,auc,mass,nu
0,Zprime_1500GeV_015,0.8792990622775502,1500.0,0.15
1,Zprime_1500GeV_030,0.8676551665655768,1500.0,0.3
2,Zprime_1500GeV_045,0.8473795389293926,1500.0,0.45
3,Zprime_1500GeV_060,0.8267176847064017,1500.0,0.6
4,Zprime_1500GeV_075,0.7868561812902408,1500.0,0.75
5,Zprime_2000GeV_015,0.8741043848102078,2000.0,0.15
6,Zprime_2000GeV_030,0.8616056183540901,2000.0,0.3
7,Zprime_2000GeV_045,0.8397083441238534,2000.0,0.45
8,Zprime_2000GeV_060,0.8167931066240919,2000.0,0.6
9,Zprime_2000GeV_075,0.7936085405006902,2000.0,0.75
10,Zprime_2500GeV_015,0.8709062162678293,2500.0,0.15
11,Zprime_2500GeV_030,0.8554375783763367,2500.0,0.3
12,Zprime_2500GeV_045,0.836292854922215,2500.0,0.45
13,Zprime_2500GeV_060,0.8133585564567714,2500.0,0.6
14,Zprime_2500GeV_075,0.7788267202878437,2500.0,0.75
15,Zprime_3000GeV_015,0.8733673177723466,3000.0,0.15
16,Zprime_3000GeV_030,0.8521027536253467,3000.0,0.3
17,Zprime_3000GeV_045,0.8324434088471626,3000.0,0.45
18,Zprime_3000GeV_060,0.8014298512676189,3000.0,0.6
19,Zprime_3000GeV_075,0.7698561444534121,3000.0,0.75
20,Zprime_3500GeV_015,0.8666504369700966,3500.0,0.15
21,Zprime_3500GeV_030,0.8554668471207072,3500.0,0.3
22,Zprime_3500GeV_045,0.8270302790748502,3500.0,0.45
23,Zprime_3500GeV_060,0.8038572055547298,3500.0,0.6
24,Zprime_3500GeV_075,0.7655076167762451,3500.0,0.75
25,Zprime_4000GeV_015,0.867695260768365,4000.0,0.15
26,Zprime_4000GeV_030,0.8575306110761082,4000.0,0.3
27,Zprime_4000GeV_045,0.82935298782537,4000.0,0.45
28,Zprime_4000GeV_060,0.8020919142818008,4000.0,0.6
29,Zprime_4000GeV_075,0.7600697020461721,4000.0,0.75
