,name,auc,mass,nu
0,Zprime_1500GeV_015,0.8784969583340339,1500.0,0.15
1,Zprime_1500GeV_030,0.8699413750034342,1500.0,0.3
2,Zprime_1500GeV_045,0.8466746746742351,1500.0,0.45
3,Zprime_1500GeV_060,0.8265074419781808,1500.0,0.6
4,Zprime_1500GeV_075,0.78757351968645,1500.0,0.75
5,Zprime_2000GeV_015,0.8758971075874727,2000.0,0.15
6,Zprime_2000GeV_030,0.8627907854645898,2000.0,0.3
7,Zprime_2000GeV_045,0.8397957711048314,2000.0,0.45
8,Zprime_2000GeV_060,0.8169060822884562,2000.0,0.6
9,Zprime_2000GeV_075,0.7925536201864402,2000.0,0.75
10,Zprime_2500GeV_015,0.8709754318559646,2500.0,0.15
11,Zprime_2500GeV_030,0.8565240375204299,2500.0,0.3
12,Zprime_2500GeV_045,0.8373289409497261,2500.0,0.45
13,Zprime_2500GeV_060,0.8135600837095316,2500.0,0.6
14,Zprime_2500GeV_075,0.7764604051511488,2500.0,0.75
15,Zprime_3000GeV_015,0.8750042831777589,3000.0,0.15
16,Zprime_3000GeV_030,0.8535741361375624,3000.0,0.3
17,Zprime_3000GeV_045,0.8332196060361325,3000.0,0.45
18,Zprime_3000GeV_060,0.8036485019526042,3000.0,0.6
19,Zprime_3000GeV_075,0.7722274658733581,3000.0,0.75
20,Zprime_3500GeV_015,0.867546810852453,3500.0,0.15
21,Zprime_3500GeV_030,0.855915663592276,3500.0,0.3
22,Zprime_3500GeV_045,0.8297250790213794,3500.0,0.45
23,Zprime_3500GeV_060,0.8061520968905037,3500.0,0.6
24,Zprime_3500GeV_075,0.7696362103046711,3500.0,0.75
25,Zprime_4000GeV_015,0.8747535251498267,4000.0,0.15
26,Zprime_4000GeV_030,0.8615778414740949,4000.0,0.3
27,Zprime_4000GeV_045,0.8320181848780439,4000.0,0.45
28,Zprime_4000GeV_060,0.8077234824992084,4000.0,0.6
29,Zprime_4000GeV_075,0.7604687391403193,4000.0,0.75
