,name,auc,mass,nu
0,Zprime_1500GeV_015,0.8797223592342027,1500.0,0.15
1,Zprime_1500GeV_030,0.878778844914271,1500.0,0.3
2,Zprime_1500GeV_045,0.8597789016855468,1500.0,0.45
3,Zprime_1500GeV_060,0.8372983750139588,1500.0,0.6
4,Zprime_1500GeV_075,0.8022394379716798,1500.0,0.75
5,Zprime_2000GeV_015,0.8849612019893958,2000.0,0.15
6,Zprime_2000GeV_030,0.870344571468223,2000.0,0.3
7,Zprime_2000GeV_045,0.8516893105969943,2000.0,0.45
8,Zprime_2000GeV_060,0.8273943128767378,2000.0,0.6
9,Zprime_2000GeV_075,0.8030961372940769,2000.0,0.75
10,Zprime_2500GeV_015,0.8809110367814146,2500.0,0.15
11,Zprime_2500GeV_030,0.8652870209646086,2500.0,0.3
12,Zprime_2500GeV_045,0.8470814225792219,2500.0,0.45
13,Zprime_2500GeV_060,0.8249373115950549,2500.0,0.6
14,Zprime_2500GeV_075,0.787514801069454,2500.0,0.75
15,Zprime_3000GeV_015,0.8865862926505155,3000.0,0.15
16,Zprime_3000GeV_030,0.865992500956591,3000.0,0.3
17,Zprime_3000GeV_045,0.8439441048073885,3000.0,0.45
18,Zprime_3000GeV_060,0.815363338902225,3000.0,0.6
19,Zprime_3000GeV_075,0.7841797128812461,3000.0,0.75
20,Zprime_3500GeV_015,0.8820926338046875,3500.0,0.15
21,Zprime_3500GeV_030,0.8706415977534754,3500.0,0.3
22,Zprime_3500GeV_045,0.8458702137584941,3500.0,0.45
23,Zprime_3500GeV_060,0.8169517487149998,3500.0,0.6
24,Zprime_3500GeV_075,0.782865250741266,3500.0,0.75
25,Zprime_4000GeV_015,0.8828865344150609,4000.0,0.15
26,Zprime_4000GeV_030,0.8744817266367315,4000.0,0.3
27,Zprime_4000GeV_045,0.8442749405849387,4000.0,0.45
28,Zprime_4000GeV_060,0.8163341853655187,4000.0,0.6
29,Zprime_4000GeV_075,0.7744508105338213,4000.0,0.75
