,name,auc,mass,nu
0,Zprime_1500GeV_015,0.8507847283332679,1500.0,0.15
1,Zprime_1500GeV_030,0.8289402670670807,1500.0,0.3
2,Zprime_1500GeV_045,0.8105479383461749,1500.0,0.45
3,Zprime_1500GeV_060,0.7815342534502226,1500.0,0.6
4,Zprime_1500GeV_075,0.7293134758327487,1500.0,0.75
5,Zprime_2000GeV_015,0.8435799991004602,2000.0,0.15
6,Zprime_2000GeV_030,0.830143238546246,2000.0,0.3
7,Zprime_2000GeV_045,0.8047360876445027,2000.0,0.45
8,Zprime_2000GeV_060,0.777376690848656,2000.0,0.6
9,Zprime_2000GeV_075,0.747258363073723,2000.0,0.75
10,Zprime_2500GeV_015,0.8383647431352327,2500.0,0.15
11,Zprime_2500GeV_030,0.8226265051447688,2500.0,0.3
12,Zprime_2500GeV_045,0.8007820525226367,2500.0,0.45
13,Zprime_2500GeV_060,0.7744718920641778,2500.0,0.6
14,Zprime_2500GeV_075,0.7375333554099639,2500.0,0.75
15,Zprime_3000GeV_015,0.838779589667778,3000.0,0.15
16,Zprime_3000GeV_030,0.8193065302360998,3000.0,0.3
17,Zprime_3000GeV_045,0.7963514820424725,3000.0,0.45
18,Zprime_3000GeV_060,0.768065529394407,3000.0,0.6
19,Zprime_3000GeV_075,0.7381468359801373,3000.0,0.75
20,Zprime_3500GeV_015,0.8371017314251196,3500.0,0.15
21,Zprime_3500GeV_030,0.8210328264864757,3500.0,0.3
22,Zprime_3500GeV_045,0.7962496748278884,3500.0,0.45
23,Zprime_3500GeV_060,0.7722401860626107,3500.0,0.6
24,Zprime_3500GeV_075,0.7332733337630527,3500.0,0.75
25,Zprime_4000GeV_015,0.8455618985176654,4000.0,0.15
26,Zprime_4000GeV_030,0.8318090115939502,4000.0,0.3
27,Zprime_4000GeV_045,0.7993785106051414,4000.0,0.45
28,Zprime_4000GeV_060,0.7702652372131259,4000.0,0.6
29,Zprime_4000GeV_075,0.7269045890854283,4000.0,0.75
