,name,auc,mass,nu
0,Zprime_1500GeV_015,0.8790693725910023,1500.0,0.15
1,Zprime_1500GeV_030,0.8750211997835905,1500.0,0.3
2,Zprime_1500GeV_045,0.8561586622095909,1500.0,0.45
3,Zprime_1500GeV_060,0.8402002743880488,1500.0,0.6
4,Zprime_1500GeV_075,0.801382998849803,1500.0,0.75
5,Zprime_2000GeV_015,0.8809095245640229,2000.0,0.15
6,Zprime_2000GeV_030,0.8668092164331385,2000.0,0.3
7,Zprime_2000GeV_045,0.8463355393529794,2000.0,0.45
8,Zprime_2000GeV_060,0.823610360279826,2000.0,0.6
9,Zprime_2000GeV_075,0.7991855094994277,2000.0,0.75
10,Zprime_2500GeV_015,0.8777434221064652,2500.0,0.15
11,Zprime_2500GeV_030,0.8599569799844287,2500.0,0.3
12,Zprime_2500GeV_045,0.8420284320842157,2500.0,0.45
13,Zprime_2500GeV_060,0.8224691841053046,2500.0,0.6
14,Zprime_2500GeV_075,0.7854876553756678,2500.0,0.75
15,Zprime_3000GeV_015,0.8813458597031151,3000.0,0.15
16,Zprime_3000GeV_030,0.8603095845756789,3000.0,0.3
17,Zprime_3000GeV_045,0.8404688200786066,3000.0,0.45
18,Zprime_3000GeV_060,0.8139071370086077,3000.0,0.6
19,Zprime_3000GeV_075,0.7840403059233667,3000.0,0.75
20,Zprime_3500GeV_015,0.8749242351806205,3500.0,0.15
21,Zprime_3500GeV_030,0.8665299433897395,3500.0,0.3
22,Zprime_3500GeV_045,0.8392803968137486,3500.0,0.45
23,Zprime_3500GeV_060,0.8151177821671652,3500.0,0.6
24,Zprime_3500GeV_075,0.7820806475871256,3500.0,0.75
25,Zprime_4000GeV_015,0.8811358096776801,4000.0,0.15
26,Zprime_4000GeV_030,0.8694241733651445,4000.0,0.3
27,Zprime_4000GeV_045,0.8425283257037631,4000.0,0.45
28,Zprime_4000GeV_060,0.8121848418685537,4000.0,0.6
29,Zprime_4000GeV_075,0.7740590190325561,4000.0,0.75
