,name,auc,mass,nu
0,Zprime_1500GeV_015,0.8782885210739997,1500.0,0.15
1,Zprime_1500GeV_030,0.8675162782637363,1500.0,0.3
2,Zprime_1500GeV_045,0.8490224469452112,1500.0,0.45
3,Zprime_1500GeV_060,0.8266358727449972,1500.0,0.6
4,Zprime_1500GeV_075,0.7863330537366893,1500.0,0.75
5,Zprime_2000GeV_015,0.8764465719579706,2000.0,0.15
6,Zprime_2000GeV_030,0.8614505319765668,2000.0,0.3
7,Zprime_2000GeV_045,0.841182462276912,2000.0,0.45
8,Zprime_2000GeV_060,0.817366505885417,2000.0,0.6
9,Zprime_2000GeV_075,0.7940326617562614,2000.0,0.75
10,Zprime_2500GeV_015,0.8717526923202732,2500.0,0.15
11,Zprime_2500GeV_030,0.8560255229045459,2500.0,0.3
12,Zprime_2500GeV_045,0.837612571509142,2500.0,0.45
13,Zprime_2500GeV_060,0.8144465797993999,2500.0,0.6
14,Zprime_2500GeV_075,0.7785775724517464,2500.0,0.75
15,Zprime_3000GeV_015,0.8753038747662474,3000.0,0.15
16,Zprime_3000GeV_030,0.8551356307460821,3000.0,0.3
17,Zprime_3000GeV_045,0.8334666805144402,3000.0,0.45
18,Zprime_3000GeV_060,0.8043067947172258,3000.0,0.6
19,Zprime_3000GeV_075,0.7709639742890223,3000.0,0.75
20,Zprime_3500GeV_015,0.871053985640881,3500.0,0.15
21,Zprime_3500GeV_030,0.8572405427235086,3500.0,0.3
22,Zprime_3500GeV_045,0.8309386302683183,3500.0,0.45
23,Zprime_3500GeV_060,0.806998009751687,3500.0,0.6
24,Zprime_3500GeV_075,0.7710956662799192,3500.0,0.75
25,Zprime_4000GeV_015,0.8750764842957768,4000.0,0.15
26,Zprime_4000GeV_030,0.8629489905679619,4000.0,0.3
27,Zprime_4000GeV_045,0.8332411381161172,4000.0,0.45
28,Zprime_4000GeV_060,0.8063736465076391,4000.0,0.6
29,Zprime_4000GeV_075,0.7650333929868568,4000.0,0.75
