,name,auc,mass,nu
0,Zprime_1500GeV_015,0.8788921133412925,1500.0,0.15
1,Zprime_1500GeV_030,0.8726021129513902,1500.0,0.3
2,Zprime_1500GeV_045,0.8568157046259695,1500.0,0.45
3,Zprime_1500GeV_060,0.8379591763702048,1500.0,0.6
4,Zprime_1500GeV_075,0.8014803833096988,1500.0,0.75
5,Zprime_2000GeV_015,0.8813416591351848,2000.0,0.15
6,Zprime_2000GeV_030,0.8672154190144654,2000.0,0.3
7,Zprime_2000GeV_045,0.8481334871956929,2000.0,0.45
8,Zprime_2000GeV_060,0.8269106693709796,2000.0,0.6
9,Zprime_2000GeV_075,0.8006085923571233,2000.0,0.75
10,Zprime_2500GeV_015,0.8742751341349845,2500.0,0.15
11,Zprime_2500GeV_030,0.8605040630733939,2500.0,0.3
12,Zprime_2500GeV_045,0.8439720980781458,2500.0,0.45
13,Zprime_2500GeV_060,0.8234355222522218,2500.0,0.6
14,Zprime_2500GeV_075,0.7870889426480674,2500.0,0.75
15,Zprime_3000GeV_015,0.8796899642185226,3000.0,0.15
16,Zprime_3000GeV_030,0.8612054104580292,3000.0,0.3
17,Zprime_3000GeV_045,0.8413477937121658,3000.0,0.45
18,Zprime_3000GeV_060,0.8146672759369847,3000.0,0.6
19,Zprime_3000GeV_075,0.7850418643973107,3000.0,0.75
20,Zprime_3500GeV_015,0.8772184425956557,3500.0,0.15
21,Zprime_3500GeV_030,0.8660927692503256,3500.0,0.3
22,Zprime_3500GeV_045,0.8413985532565528,3500.0,0.45
23,Zprime_3500GeV_060,0.8161397582945705,3500.0,0.6
24,Zprime_3500GeV_075,0.781509915774999,3500.0,0.75
25,Zprime_4000GeV_015,0.8805469131991965,4000.0,0.15
26,Zprime_4000GeV_030,0.8705331028433502,4000.0,0.3
27,Zprime_4000GeV_045,0.8435117987445125,4000.0,0.45
28,Zprime_4000GeV_060,0.8147814614070515,4000.0,0.6
29,Zprime_4000GeV_075,0.7747953802768608,4000.0,0.75
