,name,auc,mass,nu
0,Zprime_1500GeV_015,0.8714111424370321,1500.0,0.15
1,Zprime_1500GeV_030,0.8691643798198138,1500.0,0.3
2,Zprime_1500GeV_045,0.850682649885502,1500.0,0.45
3,Zprime_1500GeV_060,0.832243872510448,1500.0,0.6
4,Zprime_1500GeV_075,0.7928453953334705,1500.0,0.75
5,Zprime_2000GeV_015,0.8760506422709999,2000.0,0.15
6,Zprime_2000GeV_030,0.8615677235203856,2000.0,0.3
7,Zprime_2000GeV_045,0.8407124519370267,2000.0,0.45
8,Zprime_2000GeV_060,0.8181763716774124,2000.0,0.6
9,Zprime_2000GeV_075,0.7919183562163443,2000.0,0.75
10,Zprime_2500GeV_015,0.8708903197569263,2500.0,0.15
11,Zprime_2500GeV_030,0.855791338309434,2500.0,0.3
12,Zprime_2500GeV_045,0.839806956179864,2500.0,0.45
13,Zprime_2500GeV_060,0.8168888732568568,2500.0,0.6
14,Zprime_2500GeV_075,0.7807444853264917,2500.0,0.75
15,Zprime_3000GeV_015,0.8764306761867156,3000.0,0.15
16,Zprime_3000GeV_030,0.8578000085406478,3000.0,0.3
17,Zprime_3000GeV_045,0.8374486618549433,3000.0,0.45
18,Zprime_3000GeV_060,0.8092866107585246,3000.0,0.6
19,Zprime_3000GeV_075,0.7794807075708298,3000.0,0.75
20,Zprime_3500GeV_015,0.8736912099080569,3500.0,0.15
21,Zprime_3500GeV_030,0.8639018959337669,3500.0,0.3
22,Zprime_3500GeV_045,0.8386768152600621,3500.0,0.45
23,Zprime_3500GeV_060,0.8112495366634767,3500.0,0.6
24,Zprime_3500GeV_075,0.775185015684758,3500.0,0.75
25,Zprime_4000GeV_015,0.8805790364272119,4000.0,0.15
26,Zprime_4000GeV_030,0.8696989611382359,4000.0,0.3
27,Zprime_4000GeV_045,0.8406755520038297,4000.0,0.45
28,Zprime_4000GeV_060,0.8118675611656406,4000.0,0.6
29,Zprime_4000GeV_075,0.7697623545858278,4000.0,0.75
