,name,auc,mass,nu
0,Zprime_1500GeV_015,0.8802408250238679,1500.0,0.15
1,Zprime_1500GeV_030,0.8701546936981299,1500.0,0.3
2,Zprime_1500GeV_045,0.8488687142832357,1500.0,0.45
3,Zprime_1500GeV_060,0.8308698303786891,1500.0,0.6
4,Zprime_1500GeV_075,0.7881239232599295,1500.0,0.75
5,Zprime_2000GeV_015,0.8821000363962757,2000.0,0.15
6,Zprime_2000GeV_030,0.8664591521339425,2000.0,0.3
7,Zprime_2000GeV_045,0.8466271591022744,2000.0,0.45
8,Zprime_2000GeV_060,0.8204892837819829,2000.0,0.6
9,Zprime_2000GeV_075,0.7969385484949214,2000.0,0.75
10,Zprime_2500GeV_015,0.876501743009203,2500.0,0.15
11,Zprime_2500GeV_030,0.8616029121340895,2500.0,0.3
12,Zprime_2500GeV_045,0.8424613139600281,2500.0,0.45
13,Zprime_2500GeV_060,0.8184938097879807,2500.0,0.6
14,Zprime_2500GeV_075,0.781253767834371,2500.0,0.75
15,Zprime_3000GeV_015,0.8777819095258962,3000.0,0.15
16,Zprime_3000GeV_030,0.8584330754902777,3000.0,0.3
17,Zprime_3000GeV_045,0.8369825230817328,3000.0,0.45
18,Zprime_3000GeV_060,0.8074846629947483,3000.0,0.6
19,Zprime_3000GeV_075,0.7748262032581941,3000.0,0.75
20,Zprime_3500GeV_015,0.8720326601993249,3500.0,0.15
21,Zprime_3500GeV_030,0.8595757331809614,3500.0,0.3
22,Zprime_3500GeV_045,0.8340759320862842,3500.0,0.45
23,Zprime_3500GeV_060,0.8096932491469904,3500.0,0.6
24,Zprime_3500GeV_075,0.7717925207339607,3500.0,0.75
25,Zprime_4000GeV_015,0.8772246877245146,4000.0,0.15
26,Zprime_4000GeV_030,0.8647773879536945,4000.0,0.3
27,Zprime_4000GeV_045,0.8359690308535385,4000.0,0.45
28,Zprime_4000GeV_060,0.8087738375228585,4000.0,0.6
29,Zprime_4000GeV_075,0.7650994114850785,4000.0,0.75
