,name,auc,mass,nu
0,Zprime_1500GeV_015,0.8441220926213443,1500.0,0.15
1,Zprime_1500GeV_030,0.8203511186088926,1500.0,0.3
2,Zprime_1500GeV_045,0.7986592425503898,1500.0,0.45
3,Zprime_1500GeV_060,0.7680628199451309,1500.0,0.6
4,Zprime_1500GeV_075,0.7193040833945822,1500.0,0.75
5,Zprime_2000GeV_015,0.8321126659540524,2000.0,0.15
6,Zprime_2000GeV_030,0.8190514608257867,2000.0,0.3
7,Zprime_2000GeV_045,0.7930280785496627,2000.0,0.45
8,Zprime_2000GeV_060,0.7641672821918165,2000.0,0.6
9,Zprime_2000GeV_075,0.7360261418070371,2000.0,0.75
10,Zprime_2500GeV_015,0.8256900303336996,2500.0,0.15
11,Zprime_2500GeV_030,0.8114802175713858,2500.0,0.3
12,Zprime_2500GeV_045,0.7907941392998978,2500.0,0.45
13,Zprime_2500GeV_060,0.7628207144319878,2500.0,0.6
14,Zprime_2500GeV_075,0.7249039132805672,2500.0,0.75
15,Zprime_3000GeV_015,0.8282371433019856,3000.0,0.15
16,Zprime_3000GeV_030,0.8072769936210551,3000.0,0.3
17,Zprime_3000GeV_045,0.7848979626198551,3000.0,0.45
18,Zprime_3000GeV_060,0.7577506573591192,3000.0,0.6
19,Zprime_3000GeV_075,0.7272484952121978,3000.0,0.75
20,Zprime_3500GeV_015,0.8249129185333819,3500.0,0.15
21,Zprime_3500GeV_030,0.8118303744384805,3500.0,0.3
22,Zprime_3500GeV_045,0.7841264737075333,3500.0,0.45
23,Zprime_3500GeV_060,0.7609745158125096,3500.0,0.6
24,Zprime_3500GeV_075,0.7225550685402432,3500.0,0.75
25,Zprime_4000GeV_015,0.8338263652653843,4000.0,0.15
26,Zprime_4000GeV_030,0.8209429269095733,4000.0,0.3
27,Zprime_4000GeV_045,0.7880802605636912,4000.0,0.45
28,Zprime_4000GeV_060,0.760160312297801,4000.0,0.6
29,Zprime_4000GeV_075,0.7168162575052499,4000.0,0.75
