,name,auc,mass,nu
0,Zprime_1500GeV_015,0.8934183804062904,1500.0,0.15
1,Zprime_1500GeV_030,0.8903514171229794,1500.0,0.3
2,Zprime_1500GeV_045,0.865197813306616,1500.0,0.45
3,Zprime_1500GeV_060,0.8509330012852778,1500.0,0.6
4,Zprime_1500GeV_075,0.814570152249023,1500.0,0.75
5,Zprime_2000GeV_015,0.8902927072608862,2000.0,0.15
6,Zprime_2000GeV_030,0.8759376646112838,2000.0,0.3
7,Zprime_2000GeV_045,0.8577304237147302,2000.0,0.45
8,Zprime_2000GeV_060,0.8349593173251982,2000.0,0.6
9,Zprime_2000GeV_075,0.8128341544237435,2000.0,0.75
10,Zprime_2500GeV_015,0.8843077115349833,2500.0,0.15
11,Zprime_2500GeV_030,0.8688184101659538,2500.0,0.3
12,Zprime_2500GeV_045,0.8517994000528902,2500.0,0.45
13,Zprime_2500GeV_060,0.8295060329550689,2500.0,0.6
14,Zprime_2500GeV_075,0.7973545487911149,2500.0,0.75
15,Zprime_3000GeV_015,0.8880928499277079,3000.0,0.15
16,Zprime_3000GeV_030,0.8690546395698528,3000.0,0.3
17,Zprime_3000GeV_045,0.8469621607319093,3000.0,0.45
18,Zprime_3000GeV_060,0.819575468037656,3000.0,0.6
19,Zprime_3000GeV_075,0.792981293563595,3000.0,0.75
20,Zprime_3500GeV_015,0.8814100810222285,3500.0,0.15
21,Zprime_3500GeV_030,0.8724295985996487,3500.0,0.3
22,Zprime_3500GeV_045,0.8486940039118103,3500.0,0.45
23,Zprime_3500GeV_060,0.8219983180057231,3500.0,0.6
24,Zprime_3500GeV_075,0.7880756091272398,3500.0,0.75
25,Zprime_4000GeV_015,0.8875581292982659,4000.0,0.15
26,Zprime_4000GeV_030,0.876640612658807,4000.0,0.3
27,Zprime_4000GeV_045,0.8503135589391543,4000.0,0.45
28,Zprime_4000GeV_060,0.8212368604079932,4000.0,0.6
29,Zprime_4000GeV_075,0.780988717998794,4000.0,0.75
