,name,auc,mass,nu
0,Zprime_1500GeV_015,0.8796252052844274,1500.0,0.15
1,Zprime_1500GeV_030,0.8769063954925957,1500.0,0.3
2,Zprime_1500GeV_045,0.8572296298183386,1500.0,0.45
3,Zprime_1500GeV_060,0.8379469423021951,1500.0,0.6
4,Zprime_1500GeV_075,0.7967378438243463,1500.0,0.75
5,Zprime_2000GeV_015,0.8839105198451752,2000.0,0.15
6,Zprime_2000GeV_030,0.8701712928399773,2000.0,0.3
7,Zprime_2000GeV_045,0.8514164102610906,2000.0,0.45
8,Zprime_2000GeV_060,0.8269822815221349,2000.0,0.6
9,Zprime_2000GeV_075,0.8022896655024353,2000.0,0.75
10,Zprime_2500GeV_015,0.8773221758416567,2500.0,0.15
11,Zprime_2500GeV_030,0.8629352479088803,2500.0,0.3
12,Zprime_2500GeV_045,0.8458856994744289,2500.0,0.45
13,Zprime_2500GeV_060,0.8246558478148043,2500.0,0.6
14,Zprime_2500GeV_075,0.7877531246371025,2500.0,0.75
15,Zprime_3000GeV_015,0.8812685893624894,3000.0,0.15
16,Zprime_3000GeV_030,0.86294422225482,3000.0,0.3
17,Zprime_3000GeV_045,0.8415954020327276,3000.0,0.45
18,Zprime_3000GeV_060,0.8147139097063523,3000.0,0.6
19,Zprime_3000GeV_075,0.7837062192427193,3000.0,0.75
20,Zprime_3500GeV_015,0.8794253226887556,3500.0,0.15
21,Zprime_3500GeV_030,0.8676021199752377,3500.0,0.3
22,Zprime_3500GeV_045,0.8444818115997605,3500.0,0.45
23,Zprime_3500GeV_060,0.8165314939550975,3500.0,0.6
24,Zprime_3500GeV_075,0.782966578574191,3500.0,0.75
25,Zprime_4000GeV_015,0.8848021395937692,4000.0,0.15
26,Zprime_4000GeV_030,0.8743642725244078,4000.0,0.3
27,Zprime_4000GeV_045,0.8460557517312866,4000.0,0.45
28,Zprime_4000GeV_060,0.8170040134562584,4000.0,0.6
29,Zprime_4000GeV_075,0.7739115572835737,4000.0,0.75
