,name,auc,mass,nu
0,Zprime_1500GeV_015,0.8821145417042673,1500.0,0.15
1,Zprime_1500GeV_030,0.8794676727736133,1500.0,0.3
2,Zprime_1500GeV_045,0.8614329553193587,1500.0,0.45
3,Zprime_1500GeV_060,0.8402243652620591,1500.0,0.6
4,Zprime_1500GeV_075,0.8036334448929525,1500.0,0.75
5,Zprime_2000GeV_015,0.8849692222028855,2000.0,0.15
6,Zprime_2000GeV_030,0.8704293122008326,2000.0,0.3
7,Zprime_2000GeV_045,0.8506792703744986,2000.0,0.45
8,Zprime_2000GeV_060,0.828015518652992,2000.0,0.6
9,Zprime_2000GeV_075,0.8059010535740415,2000.0,0.75
10,Zprime_2500GeV_015,0.8799565997442849,2500.0,0.15
11,Zprime_2500GeV_030,0.8652427105771514,2500.0,0.3
12,Zprime_2500GeV_045,0.8479657934957715,2500.0,0.45
13,Zprime_2500GeV_060,0.8247152043199443,2500.0,0.6
14,Zprime_2500GeV_075,0.7892919319018854,2500.0,0.75
15,Zprime_3000GeV_015,0.8850305550935714,3000.0,0.15
16,Zprime_3000GeV_030,0.8661230944737717,3000.0,0.3
17,Zprime_3000GeV_045,0.8433956692902227,3000.0,0.45
18,Zprime_3000GeV_060,0.8165882756156166,3000.0,0.6
19,Zprime_3000GeV_075,0.7848436444544913,3000.0,0.75
20,Zprime_3500GeV_015,0.8816666712105273,3500.0,0.15
21,Zprime_3500GeV_030,0.869970017165449,3500.0,0.3
22,Zprime_3500GeV_045,0.844699566261131,3500.0,0.45
23,Zprime_3500GeV_060,0.8187726418124737,3500.0,0.6
24,Zprime_3500GeV_075,0.783108772721413,3500.0,0.75
25,Zprime_4000GeV_015,0.8850032665957265,4000.0,0.15
26,Zprime_4000GeV_030,0.875469835363001,4000.0,0.3
27,Zprime_4000GeV_045,0.8452620444152821,4000.0,0.45
28,Zprime_4000GeV_060,0.818147966415262,4000.0,0.6
29,Zprime_4000GeV_075,0.7752107896241549,4000.0,0.75
