,name,auc,mass,nu
0,Zprime_1500GeV_015,0.8737461068357145,1500.0,0.15
1,Zprime_1500GeV_030,0.8610377961101237,1500.0,0.3
2,Zprime_1500GeV_045,0.8438829444372824,1500.0,0.45
3,Zprime_1500GeV_060,0.8239388805364279,1500.0,0.6
4,Zprime_1500GeV_075,0.7877317345539596,1500.0,0.75
5,Zprime_2000GeV_015,0.8642519398777456,2000.0,0.15
6,Zprime_2000GeV_030,0.8532023600503088,2000.0,0.3
7,Zprime_2000GeV_045,0.8312658411490925,2000.0,0.45
8,Zprime_2000GeV_060,0.8106662582565952,2000.0,0.6
9,Zprime_2000GeV_075,0.786148852078074,2000.0,0.75
10,Zprime_2500GeV_015,0.8610440284196844,2500.0,0.15
11,Zprime_2500GeV_030,0.8454332719447523,2500.0,0.3
12,Zprime_2500GeV_045,0.8282300635680011,2500.0,0.45
13,Zprime_2500GeV_060,0.8043707767170765,2500.0,0.6
14,Zprime_2500GeV_075,0.7733457117445561,2500.0,0.75
15,Zprime_3000GeV_015,0.8614488953985495,3000.0,0.15
16,Zprime_3000GeV_030,0.8410895903671167,3000.0,0.3
17,Zprime_3000GeV_045,0.8217598175102301,3000.0,0.45
18,Zprime_3000GeV_060,0.7966563708616107,3000.0,0.6
19,Zprime_3000GeV_075,0.7656244697764938,3000.0,0.75
20,Zprime_3500GeV_015,0.8565393936166028,3500.0,0.15
21,Zprime_3500GeV_030,0.843895317489138,3500.0,0.3
22,Zprime_3500GeV_045,0.8191287176461653,3500.0,0.45
23,Zprime_3500GeV_060,0.7975021710230294,3500.0,0.6
24,Zprime_3500GeV_075,0.7641831678913669,3500.0,0.75
25,Zprime_4000GeV_015,0.8592864463660506,4000.0,0.15
26,Zprime_4000GeV_030,0.8475552106200003,4000.0,0.3
27,Zprime_4000GeV_045,0.8204344697016078,4000.0,0.45
28,Zprime_4000GeV_060,0.7973273023803621,4000.0,0.6
29,Zprime_4000GeV_075,0.7580369788307743,4000.0,0.75
