,name,auc,mass,nu
0,Zprime_1500GeV_015,0.8616110880681872,1500.0,0.15
1,Zprime_1500GeV_030,0.8539134800508056,1500.0,0.3
2,Zprime_1500GeV_045,0.838380358324481,1500.0,0.45
3,Zprime_1500GeV_060,0.8147415561217121,1500.0,0.6
4,Zprime_1500GeV_075,0.7819296158699278,1500.0,0.75
5,Zprime_2000GeV_015,0.8667948716020781,2000.0,0.15
6,Zprime_2000GeV_030,0.8500793171891956,2000.0,0.3
7,Zprime_2000GeV_045,0.8288720094097137,2000.0,0.45
8,Zprime_2000GeV_060,0.8080785284206384,2000.0,0.6
9,Zprime_2000GeV_075,0.7823274771827162,2000.0,0.75
10,Zprime_2500GeV_015,0.8685895872938069,2500.0,0.15
11,Zprime_2500GeV_030,0.8507455017876777,2500.0,0.3
12,Zprime_2500GeV_045,0.8316002350953825,2500.0,0.45
13,Zprime_2500GeV_060,0.808098950956615,2500.0,0.6
14,Zprime_2500GeV_075,0.7703478228968691,2500.0,0.75
15,Zprime_3000GeV_015,0.8749214805709614,3000.0,0.15
16,Zprime_3000GeV_030,0.8542779687421562,3000.0,0.3
17,Zprime_3000GeV_045,0.8326310142432136,3000.0,0.45
18,Zprime_3000GeV_060,0.8029013431204592,3000.0,0.6
19,Zprime_3000GeV_075,0.7663731939373127,3000.0,0.75
20,Zprime_3500GeV_015,0.8739801507614018,3500.0,0.15
21,Zprime_3500GeV_030,0.861170465692443,3500.0,0.3
22,Zprime_3500GeV_045,0.8342955185722465,3500.0,0.45
23,Zprime_3500GeV_060,0.8061104450358014,3500.0,0.6
24,Zprime_3500GeV_075,0.7682360556056895,3500.0,0.75
25,Zprime_4000GeV_015,0.8807633881614398,4000.0,0.15
26,Zprime_4000GeV_030,0.8672410588860826,4000.0,0.3
27,Zprime_4000GeV_045,0.837695463709711,4000.0,0.45
28,Zprime_4000GeV_060,0.8079799147312484,4000.0,0.6
29,Zprime_4000GeV_075,0.7630285513702224,4000.0,0.75
