,name,auc,mass,nu
0,Zprime_1500GeV_015,0.8751158374016549,1500.0,0.15
1,Zprime_1500GeV_030,0.8641200200981874,1500.0,0.3
2,Zprime_1500GeV_045,0.8493583528116277,1500.0,0.45
3,Zprime_1500GeV_060,0.824580711003073,1500.0,0.6
4,Zprime_1500GeV_075,0.7852734047783679,1500.0,0.75
5,Zprime_2000GeV_015,0.8769680339353461,2000.0,0.15
6,Zprime_2000GeV_030,0.8624147980614092,2000.0,0.3
7,Zprime_2000GeV_045,0.8397857506570333,2000.0,0.45
8,Zprime_2000GeV_060,0.812023472385211,2000.0,0.6
9,Zprime_2000GeV_075,0.7907892775764261,2000.0,0.75
10,Zprime_2500GeV_015,0.8740531316562412,2500.0,0.15
11,Zprime_2500GeV_030,0.8571352852060694,2500.0,0.3
12,Zprime_2500GeV_045,0.8386830088216454,2500.0,0.45
13,Zprime_2500GeV_060,0.8119322489967602,2500.0,0.6
14,Zprime_2500GeV_075,0.7743286745356796,2500.0,0.75
15,Zprime_3000GeV_015,0.8808415742662787,3000.0,0.15
16,Zprime_3000GeV_030,0.8565055754327925,3000.0,0.3
17,Zprime_3000GeV_045,0.8348399590054502,3000.0,0.45
18,Zprime_3000GeV_060,0.8030898061150719,3000.0,0.6
19,Zprime_3000GeV_075,0.7689513268097152,3000.0,0.75
20,Zprime_3500GeV_015,0.8731730515698324,3500.0,0.15
21,Zprime_3500GeV_030,0.8605444567195986,3500.0,0.3
22,Zprime_3500GeV_045,0.8320311509117726,3500.0,0.45
23,Zprime_3500GeV_060,0.8061846421381501,3500.0,0.6
24,Zprime_3500GeV_075,0.7653960831077307,3500.0,0.75
25,Zprime_4000GeV_015,0.8770622566132441,4000.0,0.15
26,Zprime_4000GeV_030,0.8659963290010355,4000.0,0.3
27,Zprime_4000GeV_045,0.8349598992202188,4000.0,0.45
28,Zprime_4000GeV_060,0.8075065834273921,4000.0,0.6
29,Zprime_4000GeV_075,0.7610809220696912,4000.0,0.75
