,name,auc,mass,nu
0,Zprime_1500GeV_015,0.8728899184134483,1500.0,0.15
1,Zprime_1500GeV_030,0.8620109601360255,1500.0,0.3
2,Zprime_1500GeV_045,0.8419241937108086,1500.0,0.45
3,Zprime_1500GeV_060,0.8099742432013542,1500.0,0.6
4,Zprime_1500GeV_075,0.7686394430254417,1500.0,0.75
5,Zprime_2000GeV_015,0.8828393440619262,2000.0,0.15
6,Zprime_2000GeV_030,0.8713792804658049,2000.0,0.3
7,Zprime_2000GeV_045,0.8474007146351894,2000.0,0.45
8,Zprime_2000GeV_060,0.8213716456121738,2000.0,0.6
9,Zprime_2000GeV_075,0.7897200551273044,2000.0,0.75
10,Zprime_2500GeV_015,0.8742728098893466,2500.0,0.15
11,Zprime_2500GeV_030,0.8619597748021381,2500.0,0.3
12,Zprime_2500GeV_045,0.8434312867757521,2500.0,0.45
13,Zprime_2500GeV_060,0.8227695271907454,2500.0,0.6
14,Zprime_2500GeV_075,0.7807006947785754,2500.0,0.75
15,Zprime_3000GeV_015,0.8710888170324043,3000.0,0.15
16,Zprime_3000GeV_030,0.8539987152530252,3000.0,0.3
17,Zprime_3000GeV_045,0.834707371237972,3000.0,0.45
18,Zprime_3000GeV_060,0.8090878486972043,3000.0,0.6
19,Zprime_3000GeV_075,0.7790679653376299,3000.0,0.75
20,Zprime_3500GeV_015,0.8639835841803473,3500.0,0.15
21,Zprime_3500GeV_030,0.8524203017642495,3500.0,0.3
22,Zprime_3500GeV_045,0.8291539188564334,3500.0,0.45
23,Zprime_3500GeV_060,0.8084546669249367,3500.0,0.6
24,Zprime_3500GeV_075,0.7758653602355013,3500.0,0.75
25,Zprime_4000GeV_015,0.8655557128631988,4000.0,0.15
26,Zprime_4000GeV_030,0.8546022395573727,4000.0,0.3
27,Zprime_4000GeV_045,0.8275688630090591,4000.0,0.45
28,Zprime_4000GeV_060,0.8030930646004262,4000.0,0.6
29,Zprime_4000GeV_075,0.7649733627868948,4000.0,0.75
