,name,auc,mass,nu
0,Zprime_1500GeV_015,0.8766972674624463,1500.0,0.15
1,Zprime_1500GeV_030,0.8669926360017458,1500.0,0.3
2,Zprime_1500GeV_045,0.8478941275938155,1500.0,0.45
3,Zprime_1500GeV_060,0.8256214929888342,1500.0,0.6
4,Zprime_1500GeV_075,0.7993879173534946,1500.0,0.75
5,Zprime_2000GeV_015,0.8822499570879525,2000.0,0.15
6,Zprime_2000GeV_030,0.8714250456299081,2000.0,0.3
7,Zprime_2000GeV_045,0.847796538330113,2000.0,0.45
8,Zprime_2000GeV_060,0.8246588203698896,2000.0,0.6
9,Zprime_2000GeV_075,0.8000862531429789,2000.0,0.75
10,Zprime_2500GeV_015,0.8745882876518587,2500.0,0.15
11,Zprime_2500GeV_030,0.8608820405017789,2500.0,0.3
12,Zprime_2500GeV_045,0.8435666571103101,2500.0,0.45
13,Zprime_2500GeV_060,0.8214118558308481,2500.0,0.6
14,Zprime_2500GeV_075,0.7848518051288229,2500.0,0.75
15,Zprime_3000GeV_015,0.874301959866074,3000.0,0.15
16,Zprime_3000GeV_030,0.8551233903365612,3000.0,0.3
17,Zprime_3000GeV_045,0.8369869301133522,3000.0,0.45
18,Zprime_3000GeV_060,0.807861820496967,3000.0,0.6
19,Zprime_3000GeV_075,0.7772555472671647,3000.0,0.75
20,Zprime_3500GeV_015,0.8691084886800915,3500.0,0.15
21,Zprime_3500GeV_030,0.8575916362952253,3500.0,0.3
22,Zprime_3500GeV_045,0.8328900404027982,3500.0,0.45
23,Zprime_3500GeV_060,0.8082646679235649,3500.0,0.6
24,Zprime_3500GeV_075,0.7731909903521776,3500.0,0.75
25,Zprime_4000GeV_015,0.869077318774282,4000.0,0.15
26,Zprime_4000GeV_030,0.858525138237837,4000.0,0.3
27,Zprime_4000GeV_045,0.8302450793590602,4000.0,0.45
28,Zprime_4000GeV_060,0.803630077797707,4000.0,0.6
29,Zprime_4000GeV_075,0.7623822414231664,4000.0,0.75
