,name,auc,mass,nu
0,Zprime_1500GeV_015,0.8996124802292981,1500.0,0.15
1,Zprime_1500GeV_030,0.8938308483736009,1500.0,0.3
2,Zprime_1500GeV_045,0.8714341469500054,1500.0,0.45
3,Zprime_1500GeV_060,0.8531490580669532,1500.0,0.6
4,Zprime_1500GeV_075,0.824874710583471,1500.0,0.75
5,Zprime_2000GeV_015,0.908555560545726,2000.0,0.15
6,Zprime_2000GeV_030,0.8978778907596201,2000.0,0.3
7,Zprime_2000GeV_045,0.8775997845179616,2000.0,0.45
8,Zprime_2000GeV_060,0.8512424623526622,2000.0,0.6
9,Zprime_2000GeV_075,0.8278106751898028,2000.0,0.75
10,Zprime_2500GeV_015,0.9042895595028145,2500.0,0.15
11,Zprime_2500GeV_030,0.891359826786499,2500.0,0.3
12,Zprime_2500GeV_045,0.8746728077421303,2500.0,0.45
13,Zprime_2500GeV_060,0.8528928023490645,2500.0,0.6
14,Zprime_2500GeV_075,0.8140790648486467,2500.0,0.75
15,Zprime_3000GeV_015,0.9077734784928648,3000.0,0.15
16,Zprime_3000GeV_030,0.8881247374899082,3000.0,0.3
17,Zprime_3000GeV_045,0.8710382075592664,3000.0,0.45
18,Zprime_3000GeV_060,0.8436868187496037,3000.0,0.6
19,Zprime_3000GeV_075,0.8088747509866733,3000.0,0.75
20,Zprime_3500GeV_015,0.9020292745408149,3500.0,0.15
21,Zprime_3500GeV_030,0.8929375477835415,3500.0,0.3
22,Zprime_3500GeV_045,0.8672616184129247,3500.0,0.45
23,Zprime_3500GeV_060,0.8423264436685185,3500.0,0.6
24,Zprime_3500GeV_075,0.8061995638066997,3500.0,0.75
25,Zprime_4000GeV_015,0.9018991179622995,4000.0,0.15
26,Zprime_4000GeV_030,0.8941429443244481,4000.0,0.3
27,Zprime_4000GeV_045,0.8667969383755582,4000.0,0.45
28,Zprime_4000GeV_060,0.8365899817282391,4000.0,0.6
29,Zprime_4000GeV_075,0.79570845968302,4000.0,0.75
