,name,auc,mass,nu
0,Zprime_1500GeV_015,0.8443982699876774,1500.0,0.15
1,Zprime_1500GeV_030,0.8296303311976312,1500.0,0.3
2,Zprime_1500GeV_045,0.8112980144915551,1500.0,0.45
3,Zprime_1500GeV_060,0.7829729386530273,1500.0,0.6
4,Zprime_1500GeV_075,0.7452798979099502,1500.0,0.75
5,Zprime_2000GeV_015,0.8521395196042717,2000.0,0.15
6,Zprime_2000GeV_030,0.8378215621457051,2000.0,0.3
7,Zprime_2000GeV_045,0.8157818725449983,2000.0,0.45
8,Zprime_2000GeV_060,0.7898049549765537,2000.0,0.6
9,Zprime_2000GeV_075,0.7644437182262541,2000.0,0.75
10,Zprime_2500GeV_015,0.842275069489143,2500.0,0.15
11,Zprime_2500GeV_030,0.8273412289398678,2500.0,0.3
12,Zprime_2500GeV_045,0.8085256779930243,2500.0,0.45
13,Zprime_2500GeV_060,0.7845894969277322,2500.0,0.6
14,Zprime_2500GeV_075,0.7472292354184116,2500.0,0.75
15,Zprime_3000GeV_015,0.8419019808224288,3000.0,0.15
16,Zprime_3000GeV_030,0.8218357477787368,3000.0,0.3
17,Zprime_3000GeV_045,0.7987846670923695,3000.0,0.45
18,Zprime_3000GeV_060,0.7711901574140323,3000.0,0.6
19,Zprime_3000GeV_075,0.74550322053422,3000.0,0.75
20,Zprime_3500GeV_015,0.8371355726792246,3500.0,0.15
21,Zprime_3500GeV_030,0.8186188026776589,3500.0,0.3
22,Zprime_3500GeV_045,0.7914798875570325,3500.0,0.45
23,Zprime_3500GeV_060,0.7671917695532479,3500.0,0.6
24,Zprime_3500GeV_075,0.7381609832613506,3500.0,0.75
25,Zprime_4000GeV_015,0.8426295630215712,4000.0,0.15
26,Zprime_4000GeV_030,0.8255839926319557,4000.0,0.3
27,Zprime_4000GeV_045,0.7938902831361331,4000.0,0.45
28,Zprime_4000GeV_060,0.7645332129904936,4000.0,0.6
29,Zprime_4000GeV_075,0.7299690963904059,4000.0,0.75
