,name,auc,mass,nu
0,Zprime_1500GeV_015,0.8537899956745021,1500.0,0.15
1,Zprime_1500GeV_030,0.847963117660175,1500.0,0.3
2,Zprime_1500GeV_045,0.8253096732300468,1500.0,0.45
3,Zprime_1500GeV_060,0.7987048083741181,1500.0,0.6
4,Zprime_1500GeV_075,0.7649213632582421,1500.0,0.75
5,Zprime_2000GeV_015,0.8692854716293205,2000.0,0.15
6,Zprime_2000GeV_030,0.8543517806966787,2000.0,0.3
7,Zprime_2000GeV_045,0.8283989239589139,2000.0,0.45
8,Zprime_2000GeV_060,0.8004775129905284,2000.0,0.6
9,Zprime_2000GeV_075,0.7702270352083453,2000.0,0.75
10,Zprime_2500GeV_015,0.8676758963474063,2500.0,0.15
11,Zprime_2500GeV_030,0.8507794958524433,2500.0,0.3
12,Zprime_2500GeV_045,0.8303091168744505,2500.0,0.45
13,Zprime_2500GeV_060,0.8043875555222223,2500.0,0.6
14,Zprime_2500GeV_075,0.7617850621264997,2500.0,0.75
15,Zprime_3000GeV_015,0.8741685090465474,3000.0,0.15
16,Zprime_3000GeV_030,0.8518008279218504,3000.0,0.3
17,Zprime_3000GeV_045,0.8315970813709115,3000.0,0.45
18,Zprime_3000GeV_060,0.7959946649275005,3000.0,0.6
19,Zprime_3000GeV_075,0.7600474791382325,3000.0,0.75
20,Zprime_3500GeV_015,0.8745043139921824,3500.0,0.15
21,Zprime_3500GeV_030,0.8599115819947547,3500.0,0.3
22,Zprime_3500GeV_045,0.829787891911588,3500.0,0.45
23,Zprime_3500GeV_060,0.7995719038871284,3500.0,0.6
24,Zprime_3500GeV_075,0.7598426266142375,3500.0,0.75
25,Zprime_4000GeV_015,0.879146599809391,4000.0,0.15
26,Zprime_4000GeV_030,0.8627342197321102,4000.0,0.3
27,Zprime_4000GeV_045,0.83155020446993,4000.0,0.45
28,Zprime_4000GeV_060,0.7992213385440937,4000.0,0.6
29,Zprime_4000GeV_075,0.7490487804477,4000.0,0.75
