,name,auc,mass,nu
0,Zprime_1500GeV_015,0.847656640480121,1500.0,0.15
1,Zprime_1500GeV_030,0.8345412705155804,1500.0,0.3
2,Zprime_1500GeV_045,0.8116107159011879,1500.0,0.45
3,Zprime_1500GeV_060,0.7811531788960258,1500.0,0.6
4,Zprime_1500GeV_075,0.7356011701399441,1500.0,0.75
5,Zprime_2000GeV_015,0.8484734647233804,2000.0,0.15
6,Zprime_2000GeV_030,0.8328253596388389,2000.0,0.3
7,Zprime_2000GeV_045,0.8073294222544722,2000.0,0.45
8,Zprime_2000GeV_060,0.7816121223045353,2000.0,0.6
9,Zprime_2000GeV_075,0.7522454512312753,2000.0,0.75
10,Zprime_2500GeV_015,0.8489920376121711,2500.0,0.15
11,Zprime_2500GeV_030,0.8295866136740555,2500.0,0.3
12,Zprime_2500GeV_045,0.8083954141887255,2500.0,0.45
13,Zprime_2500GeV_060,0.7799803648698175,2500.0,0.6
14,Zprime_2500GeV_075,0.7380170130533918,2500.0,0.75
15,Zprime_3000GeV_015,0.8564644294323197,3000.0,0.15
16,Zprime_3000GeV_030,0.830986539339529,3000.0,0.3
17,Zprime_3000GeV_045,0.8047303428642887,3000.0,0.45
18,Zprime_3000GeV_060,0.7723847367122416,3000.0,0.6
19,Zprime_3000GeV_075,0.7392971601416852,3000.0,0.75
20,Zprime_3500GeV_015,0.8552617549300334,3500.0,0.15
21,Zprime_3500GeV_030,0.8368323993782243,3500.0,0.3
22,Zprime_3500GeV_045,0.8055971725815353,3500.0,0.45
23,Zprime_3500GeV_060,0.7780483686372855,3500.0,0.6
24,Zprime_3500GeV_075,0.7390079718085907,3500.0,0.75
25,Zprime_4000GeV_015,0.861038293179882,4000.0,0.15
26,Zprime_4000GeV_030,0.8439251143747679,4000.0,0.3
27,Zprime_4000GeV_045,0.8081848711835113,4000.0,0.45
28,Zprime_4000GeV_060,0.775649181370187,4000.0,0.6
29,Zprime_4000GeV_075,0.7331935651977761,4000.0,0.75
