,name,auc,mass,nu
0,Zprime_1500GeV_015,0.8431806142954437,1500.0,0.15
1,Zprime_1500GeV_030,0.8276748057948226,1500.0,0.3
2,Zprime_1500GeV_045,0.804789761974652,1500.0,0.45
3,Zprime_1500GeV_060,0.7681914531926723,1500.0,0.6
4,Zprime_1500GeV_075,0.71586447674245,1500.0,0.75
5,Zprime_2000GeV_015,0.8559400356516913,2000.0,0.15
6,Zprime_2000GeV_030,0.8397506879750909,2000.0,0.3
7,Zprime_2000GeV_045,0.8109369019075637,2000.0,0.45
8,Zprime_2000GeV_060,0.7820673594818354,2000.0,0.6
9,Zprime_2000GeV_075,0.7451206252040505,2000.0,0.75
10,Zprime_2500GeV_015,0.8579905914851387,2500.0,0.15
11,Zprime_2500GeV_030,0.8379131996307385,2500.0,0.3
12,Zprime_2500GeV_045,0.8147923100067347,2500.0,0.45
13,Zprime_2500GeV_060,0.7828099442508524,2500.0,0.6
14,Zprime_2500GeV_075,0.7312890459172847,2500.0,0.75
15,Zprime_3000GeV_015,0.8604885838575018,3000.0,0.15
16,Zprime_3000GeV_030,0.8369544194962384,3000.0,0.3
17,Zprime_3000GeV_045,0.8113195479007658,3000.0,0.45
18,Zprime_3000GeV_060,0.775749369069666,3000.0,0.6
19,Zprime_3000GeV_075,0.737933299595452,3000.0,0.75
20,Zprime_3500GeV_015,0.8596462829245836,3500.0,0.15
21,Zprime_3500GeV_030,0.8402177538923837,3500.0,0.3
22,Zprime_3500GeV_045,0.8105309940708665,3500.0,0.45
23,Zprime_3500GeV_060,0.7817174937059865,3500.0,0.6
24,Zprime_3500GeV_075,0.7374528997185157,3500.0,0.75
25,Zprime_4000GeV_015,0.8659289866306242,4000.0,0.15
26,Zprime_4000GeV_030,0.8500356565249378,4000.0,0.3
27,Zprime_4000GeV_045,0.815233333757206,4000.0,0.45
28,Zprime_4000GeV_060,0.7801229544324205,4000.0,0.6
29,Zprime_4000GeV_075,0.7329633077081997,4000.0,0.75
