,name,auc,mass,nu
0,Zprime_1500GeV_015,0.8256217085810218,1500.0,0.15
1,Zprime_1500GeV_030,0.8076673266102572,1500.0,0.3
2,Zprime_1500GeV_045,0.7939282336263338,1500.0,0.45
3,Zprime_1500GeV_060,0.7661803014711794,1500.0,0.6
4,Zprime_1500GeV_075,0.7341734470432981,1500.0,0.75
5,Zprime_2000GeV_015,0.8342321564438013,2000.0,0.15
6,Zprime_2000GeV_030,0.8192482187298701,2000.0,0.3
7,Zprime_2000GeV_045,0.7995286377948877,2000.0,0.45
8,Zprime_2000GeV_060,0.7719052958277368,2000.0,0.6
9,Zprime_2000GeV_075,0.7482069618485219,2000.0,0.75
10,Zprime_2500GeV_015,0.8237184962708215,2500.0,0.15
11,Zprime_2500GeV_030,0.8111573010003839,2500.0,0.3
12,Zprime_2500GeV_045,0.7927571065748101,2500.0,0.45
13,Zprime_2500GeV_060,0.7687781372004177,2500.0,0.6
14,Zprime_2500GeV_075,0.7379267146807433,2500.0,0.75
15,Zprime_3000GeV_015,0.8337337599999683,3000.0,0.15
16,Zprime_3000GeV_030,0.8105632403331264,3000.0,0.3
17,Zprime_3000GeV_045,0.7865032265143449,3000.0,0.45
18,Zprime_3000GeV_060,0.7601429711831291,3000.0,0.6
19,Zprime_3000GeV_075,0.7354202505609775,3000.0,0.75
20,Zprime_3500GeV_015,0.8359468099360383,3500.0,0.15
21,Zprime_3500GeV_030,0.8154444430250705,3500.0,0.3
22,Zprime_3500GeV_045,0.7870712477657273,3500.0,0.45
23,Zprime_3500GeV_060,0.7596520079194895,3500.0,0.6
24,Zprime_3500GeV_075,0.7303805088205592,3500.0,0.75
25,Zprime_4000GeV_015,0.8436000889146502,4000.0,0.15
26,Zprime_4000GeV_030,0.8265823129109645,4000.0,0.3
27,Zprime_4000GeV_045,0.7918494427495364,4000.0,0.45
28,Zprime_4000GeV_060,0.7614866593821292,4000.0,0.6
29,Zprime_4000GeV_075,0.7231930131037468,4000.0,0.75
