,name,auc,mass,nu
0,Zprime_1500GeV_015,0.8282205107077094,1500.0,0.15
1,Zprime_1500GeV_030,0.8250305402237996,1500.0,0.3
2,Zprime_1500GeV_045,0.7995499954920483,1500.0,0.45
3,Zprime_1500GeV_060,0.7691826382749003,1500.0,0.6
4,Zprime_1500GeV_075,0.7427308558134317,1500.0,0.75
5,Zprime_2000GeV_015,0.8360273075795426,2000.0,0.15
6,Zprime_2000GeV_030,0.8252890497214828,2000.0,0.3
7,Zprime_2000GeV_045,0.7996044710431274,2000.0,0.45
8,Zprime_2000GeV_060,0.7739971051484492,2000.0,0.6
9,Zprime_2000GeV_075,0.7484076691542132,2000.0,0.75
10,Zprime_2500GeV_015,0.8226550075117547,2500.0,0.15
11,Zprime_2500GeV_030,0.8108750000467813,2500.0,0.3
12,Zprime_2500GeV_045,0.7957142866899602,2500.0,0.45
13,Zprime_2500GeV_060,0.7755309708241209,2500.0,0.6
14,Zprime_2500GeV_075,0.7374544128699554,2500.0,0.75
15,Zprime_3000GeV_015,0.8257196033457411,3000.0,0.15
16,Zprime_3000GeV_030,0.8079970163445946,3000.0,0.3
17,Zprime_3000GeV_045,0.7904156211896916,3000.0,0.45
18,Zprime_3000GeV_060,0.759470751660165,3000.0,0.6
19,Zprime_3000GeV_075,0.7287621245780983,3000.0,0.75
20,Zprime_3500GeV_015,0.8233514630454177,3500.0,0.15
21,Zprime_3500GeV_030,0.8116386376140206,3500.0,0.3
22,Zprime_3500GeV_045,0.788368123691579,3500.0,0.45
23,Zprime_3500GeV_060,0.761636170284918,3500.0,0.6
24,Zprime_3500GeV_075,0.7275529663293152,3500.0,0.75
25,Zprime_4000GeV_015,0.8247766551604173,4000.0,0.15
26,Zprime_4000GeV_030,0.8121547364182515,4000.0,0.3
27,Zprime_4000GeV_045,0.7815711086832374,4000.0,0.45
28,Zprime_4000GeV_060,0.7581116001319006,4000.0,0.6
29,Zprime_4000GeV_075,0.7174850408576057,4000.0,0.75
