,name,auc,mass,nu
0,Zprime_1500GeV_015,0.8850080857849938,1500.0,0.15
1,Zprime_1500GeV_030,0.8786425689506316,1500.0,0.3
2,Zprime_1500GeV_045,0.856669863414001,1500.0,0.45
3,Zprime_1500GeV_060,0.8353821058915525,1500.0,0.6
4,Zprime_1500GeV_075,0.8047266878247346,1500.0,0.75
5,Zprime_2000GeV_015,0.8980326127914655,2000.0,0.15
6,Zprime_2000GeV_030,0.8847574116056053,2000.0,0.3
7,Zprime_2000GeV_045,0.8602663823490319,2000.0,0.45
8,Zprime_2000GeV_060,0.8348089874119897,2000.0,0.6
9,Zprime_2000GeV_075,0.8070528252562186,2000.0,0.75
10,Zprime_2500GeV_015,0.8957824612193336,2500.0,0.15
11,Zprime_2500GeV_030,0.8785529705961044,2500.0,0.3
12,Zprime_2500GeV_045,0.8598766415695414,2500.0,0.45
13,Zprime_2500GeV_060,0.8355304650113071,2500.0,0.6
14,Zprime_2500GeV_075,0.794171938452304,2500.0,0.75
15,Zprime_3000GeV_015,0.8997619438565931,3000.0,0.15
16,Zprime_3000GeV_030,0.8786700814127554,3000.0,0.3
17,Zprime_3000GeV_045,0.8590329276796682,3000.0,0.45
18,Zprime_3000GeV_060,0.8255033509844919,3000.0,0.6
19,Zprime_3000GeV_075,0.7896670312033091,3000.0,0.75
20,Zprime_3500GeV_015,0.8965810007706235,3500.0,0.15
21,Zprime_3500GeV_030,0.8833400641171985,3500.0,0.3
22,Zprime_3500GeV_045,0.8566326033199859,3500.0,0.45
23,Zprime_3500GeV_060,0.8281729480671285,3500.0,0.6
24,Zprime_3500GeV_075,0.7886257762306883,3500.0,0.75
25,Zprime_4000GeV_015,0.8974896167263302,4000.0,0.15
26,Zprime_4000GeV_030,0.8859341317247477,4000.0,0.3
27,Zprime_4000GeV_045,0.8560714338725495,4000.0,0.45
28,Zprime_4000GeV_060,0.8244515975660477,4000.0,0.6
29,Zprime_4000GeV_075,0.7786140288346922,4000.0,0.75
