,name,auc,mass,nu
0,Zprime_1500GeV_015,0.8884526021653648,1500.0,0.15
1,Zprime_1500GeV_030,0.8865392378470516,1500.0,0.3
2,Zprime_1500GeV_045,0.8663917200400477,1500.0,0.45
3,Zprime_1500GeV_060,0.8470742092024662,1500.0,0.6
4,Zprime_1500GeV_075,0.8171634710505336,1500.0,0.75
5,Zprime_2000GeV_015,0.8980129597231499,2000.0,0.15
6,Zprime_2000GeV_030,0.8860997653952927,2000.0,0.3
7,Zprime_2000GeV_045,0.8655674173359598,2000.0,0.45
8,Zprime_2000GeV_060,0.8393257809233183,2000.0,0.6
9,Zprime_2000GeV_075,0.8172747769372324,2000.0,0.75
10,Zprime_2500GeV_015,0.897189419430117,2500.0,0.15
11,Zprime_2500GeV_030,0.8818960715555817,2500.0,0.3
12,Zprime_2500GeV_045,0.8634564873975088,2500.0,0.45
13,Zprime_2500GeV_060,0.8426553980874025,2500.0,0.6
14,Zprime_2500GeV_075,0.8087133770325974,2500.0,0.75
15,Zprime_3000GeV_015,0.9054174057170579,3000.0,0.15
16,Zprime_3000GeV_030,0.8845943335396986,3000.0,0.3
17,Zprime_3000GeV_045,0.8644193841792179,3000.0,0.45
18,Zprime_3000GeV_060,0.8372464752856376,3000.0,0.6
19,Zprime_3000GeV_075,0.8054788026670283,3000.0,0.75
20,Zprime_3500GeV_015,0.9008731566722229,3500.0,0.15
21,Zprime_3500GeV_030,0.8903646302908096,3500.0,0.3
22,Zprime_3500GeV_045,0.8651627886579053,3500.0,0.45
23,Zprime_3500GeV_060,0.8398339390803576,3500.0,0.6
24,Zprime_3500GeV_075,0.8043571520660091,3500.0,0.75
25,Zprime_4000GeV_015,0.9078294340128565,4000.0,0.15
26,Zprime_4000GeV_030,0.8960999202849405,4000.0,0.3
27,Zprime_4000GeV_045,0.8669348337148415,4000.0,0.45
28,Zprime_4000GeV_060,0.8356447258588162,4000.0,0.6
29,Zprime_4000GeV_075,0.79262998504887,4000.0,0.75
