,name,auc,mass,nu
0,Zprime_1500GeV_015,0.8424171125292764,1500.0,0.15
1,Zprime_1500GeV_030,0.8330306390304062,1500.0,0.3
2,Zprime_1500GeV_045,0.8130117499956897,1500.0,0.45
3,Zprime_1500GeV_060,0.7776369242152499,1500.0,0.6
4,Zprime_1500GeV_075,0.7418374562543969,1500.0,0.75
5,Zprime_2000GeV_015,0.8467493722468188,2000.0,0.15
6,Zprime_2000GeV_030,0.8365226097404346,2000.0,0.3
7,Zprime_2000GeV_045,0.8134127871057617,2000.0,0.45
8,Zprime_2000GeV_060,0.7900345051956396,2000.0,0.6
9,Zprime_2000GeV_075,0.7649503936764437,2000.0,0.75
10,Zprime_2500GeV_015,0.8347407951539922,2500.0,0.15
11,Zprime_2500GeV_030,0.8219960362051238,2500.0,0.3
12,Zprime_2500GeV_045,0.8072320184070452,2500.0,0.45
13,Zprime_2500GeV_060,0.7854729251700088,2500.0,0.6
14,Zprime_2500GeV_075,0.7472760171559593,2500.0,0.75
15,Zprime_3000GeV_015,0.8381713192561311,3000.0,0.15
16,Zprime_3000GeV_030,0.8190902654413171,3000.0,0.3
17,Zprime_3000GeV_045,0.7987731202377375,3000.0,0.45
18,Zprime_3000GeV_060,0.7746589828274323,3000.0,0.6
19,Zprime_3000GeV_075,0.7503708187791767,3000.0,0.75
20,Zprime_3500GeV_015,0.8370741535751225,3500.0,0.15
21,Zprime_3500GeV_030,0.8238555689440465,3500.0,0.3
22,Zprime_3500GeV_045,0.7990965565466397,3500.0,0.45
23,Zprime_3500GeV_060,0.7798928522141085,3500.0,0.6
24,Zprime_3500GeV_075,0.7516577923891791,3500.0,0.75
25,Zprime_4000GeV_015,0.8470477343875366,4000.0,0.15
26,Zprime_4000GeV_030,0.8331322960539835,4000.0,0.3
27,Zprime_4000GeV_045,0.8040715366958466,4000.0,0.45
28,Zprime_4000GeV_060,0.7785661537708489,4000.0,0.6
29,Zprime_4000GeV_075,0.7443104006962461,4000.0,0.75
