,name,auc,mass,nu
0,Zprime_1500GeV_015,0.8505674763662453,1500.0,0.15
1,Zprime_1500GeV_030,0.8322716246447982,1500.0,0.3
2,Zprime_1500GeV_045,0.8116179088572304,1500.0,0.45
3,Zprime_1500GeV_060,0.7830791178053923,1500.0,0.6
4,Zprime_1500GeV_075,0.7420253310796726,1500.0,0.75
5,Zprime_2000GeV_015,0.8593565820130971,2000.0,0.15
6,Zprime_2000GeV_030,0.8454218221170964,2000.0,0.3
7,Zprime_2000GeV_045,0.8191340424920998,2000.0,0.45
8,Zprime_2000GeV_060,0.7902418381780159,2000.0,0.6
9,Zprime_2000GeV_075,0.7601554723441878,2000.0,0.75
10,Zprime_2500GeV_015,0.8554719332654076,2500.0,0.15
11,Zprime_2500GeV_030,0.8378749957681915,2500.0,0.3
12,Zprime_2500GeV_045,0.8173221071624288,2500.0,0.45
13,Zprime_2500GeV_060,0.790993014477947,2500.0,0.6
14,Zprime_2500GeV_075,0.746882863596186,2500.0,0.75
15,Zprime_3000GeV_015,0.8558199077356408,3000.0,0.15
16,Zprime_3000GeV_030,0.8341850195866627,3000.0,0.3
17,Zprime_3000GeV_045,0.8126120018914164,3000.0,0.45
18,Zprime_3000GeV_060,0.7808620438102425,3000.0,0.6
19,Zprime_3000GeV_075,0.7494928955508612,3000.0,0.75
20,Zprime_3500GeV_015,0.8506760264220459,3500.0,0.15
21,Zprime_3500GeV_030,0.8351264242732851,3500.0,0.3
22,Zprime_3500GeV_045,0.8094353993592255,3500.0,0.45
23,Zprime_3500GeV_060,0.7852809305122015,3500.0,0.6
24,Zprime_3500GeV_075,0.748412621672146,3500.0,0.75
25,Zprime_4000GeV_015,0.8553003588552708,4000.0,0.15
26,Zprime_4000GeV_030,0.8407654707440587,4000.0,0.3
27,Zprime_4000GeV_045,0.8112720161003539,4000.0,0.45
28,Zprime_4000GeV_060,0.782065486391362,4000.0,0.6
29,Zprime_4000GeV_075,0.7426297467649756,4000.0,0.75
