,name,auc,mass,nu
0,Zprime_1500GeV_015,0.8531277413894097,1500.0,0.15
1,Zprime_1500GeV_030,0.8442854116008466,1500.0,0.3
2,Zprime_1500GeV_045,0.8208050158733715,1500.0,0.45
3,Zprime_1500GeV_060,0.7884236481345779,1500.0,0.6
4,Zprime_1500GeV_075,0.7361887237153143,1500.0,0.75
5,Zprime_2000GeV_015,0.8697001342811559,2000.0,0.15
6,Zprime_2000GeV_030,0.8539151982688054,2000.0,0.3
7,Zprime_2000GeV_045,0.826480464476744,2000.0,0.45
8,Zprime_2000GeV_060,0.7963698067278925,2000.0,0.6
9,Zprime_2000GeV_075,0.7616422930253226,2000.0,0.75
10,Zprime_2500GeV_015,0.8700269802601766,2500.0,0.15
11,Zprime_2500GeV_030,0.851453085479782,2500.0,0.3
12,Zprime_2500GeV_045,0.8275163334104041,2500.0,0.45
13,Zprime_2500GeV_060,0.7974391482112213,2500.0,0.6
14,Zprime_2500GeV_075,0.7492229801324342,2500.0,0.75
15,Zprime_3000GeV_015,0.8710421978829694,3000.0,0.15
16,Zprime_3000GeV_030,0.8495151504543266,3000.0,0.3
17,Zprime_3000GeV_045,0.8225948057712276,3000.0,0.45
18,Zprime_3000GeV_060,0.7882607087422054,3000.0,0.6
19,Zprime_3000GeV_075,0.7508876270788853,3000.0,0.75
20,Zprime_3500GeV_015,0.8728472153654191,3500.0,0.15
21,Zprime_3500GeV_030,0.8533257007551251,3500.0,0.3
22,Zprime_3500GeV_045,0.8222017986961702,3500.0,0.45
23,Zprime_3500GeV_060,0.7938522630975322,3500.0,0.6
24,Zprime_3500GeV_075,0.749976363909839,3500.0,0.75
25,Zprime_4000GeV_015,0.8809549915577253,4000.0,0.15
26,Zprime_4000GeV_030,0.8632407803359835,4000.0,0.3
27,Zprime_4000GeV_045,0.8286685618179269,4000.0,0.45
28,Zprime_4000GeV_060,0.7943005551161657,4000.0,0.6
29,Zprime_4000GeV_075,0.7480163562524258,4000.0,0.75
