,name,auc,mass,nu
0,Zprime_1500GeV_015,0.833484211932582,1500.0,0.15
1,Zprime_1500GeV_030,0.8211019208638338,1500.0,0.3
2,Zprime_1500GeV_045,0.8053590487551737,1500.0,0.45
3,Zprime_1500GeV_060,0.7788321673029871,1500.0,0.6
4,Zprime_1500GeV_075,0.7412152299021376,1500.0,0.75
5,Zprime_2000GeV_015,0.8396438025490292,2000.0,0.15
6,Zprime_2000GeV_030,0.825042371817561,2000.0,0.3
7,Zprime_2000GeV_045,0.8041872484149273,2000.0,0.45
8,Zprime_2000GeV_060,0.7799544068272549,2000.0,0.6
9,Zprime_2000GeV_075,0.7565330171337628,2000.0,0.75
10,Zprime_2500GeV_015,0.8268095559718329,2500.0,0.15
11,Zprime_2500GeV_030,0.8142637038959313,2500.0,0.3
12,Zprime_2500GeV_045,0.7955691445999677,2500.0,0.45
13,Zprime_2500GeV_060,0.772908236907315,2500.0,0.6
14,Zprime_2500GeV_075,0.7410721734773588,2500.0,0.75
15,Zprime_3000GeV_015,0.8304703205954547,3000.0,0.15
16,Zprime_3000GeV_030,0.8101418638017255,3000.0,0.3
17,Zprime_3000GeV_045,0.7863347293688464,3000.0,0.45
18,Zprime_3000GeV_060,0.761832887361589,3000.0,0.6
19,Zprime_3000GeV_075,0.7387803842241252,3000.0,0.75
20,Zprime_3500GeV_015,0.8311071646760354,3500.0,0.15
21,Zprime_3500GeV_030,0.8110820111337662,3500.0,0.3
22,Zprime_3500GeV_045,0.7843065579939673,3500.0,0.45
23,Zprime_3500GeV_060,0.7611294096298996,3500.0,0.6
24,Zprime_3500GeV_075,0.7341414834869681,3500.0,0.75
25,Zprime_4000GeV_015,0.842014353858386,4000.0,0.15
26,Zprime_4000GeV_030,0.8232033412685227,4000.0,0.3
27,Zprime_4000GeV_045,0.7904565881574028,4000.0,0.45
28,Zprime_4000GeV_060,0.7606139212014158,4000.0,0.6
29,Zprime_4000GeV_075,0.7265056330173298,4000.0,0.75
