,name,auc,mass,nu
0,Zprime_1500GeV_015,0.8438205637721331,1500.0,0.15
1,Zprime_1500GeV_030,0.8305028146673388,1500.0,0.3
2,Zprime_1500GeV_045,0.8110301180600192,1500.0,0.45
3,Zprime_1500GeV_060,0.7771923731245367,1500.0,0.6
4,Zprime_1500GeV_075,0.7388742942310917,1500.0,0.75
5,Zprime_2000GeV_015,0.8426658178364048,2000.0,0.15
6,Zprime_2000GeV_030,0.8319017191266179,2000.0,0.3
7,Zprime_2000GeV_045,0.8097533860172845,2000.0,0.45
8,Zprime_2000GeV_060,0.7878554029153756,2000.0,0.6
9,Zprime_2000GeV_075,0.7629552655941305,2000.0,0.75
10,Zprime_2500GeV_015,0.832035177405373,2500.0,0.15
11,Zprime_2500GeV_030,0.8178499157466763,2500.0,0.3
12,Zprime_2500GeV_045,0.8026212313662212,2500.0,0.45
13,Zprime_2500GeV_060,0.7813670841293889,2500.0,0.6
14,Zprime_2500GeV_075,0.7469885797554924,2500.0,0.75
15,Zprime_3000GeV_015,0.8359237716385949,3000.0,0.15
16,Zprime_3000GeV_030,0.8147968168739574,3000.0,0.3
17,Zprime_3000GeV_045,0.7953314205241051,3000.0,0.45
18,Zprime_3000GeV_060,0.7688682074312585,3000.0,0.6
19,Zprime_3000GeV_075,0.7485731561744835,3000.0,0.75
20,Zprime_3500GeV_015,0.8340707642532733,3500.0,0.15
21,Zprime_3500GeV_030,0.817645835863789,3500.0,0.3
22,Zprime_3500GeV_045,0.7959434577309823,3500.0,0.45
23,Zprime_3500GeV_060,0.7731955587522554,3500.0,0.6
24,Zprime_3500GeV_075,0.7451436322224371,3500.0,0.75
25,Zprime_4000GeV_015,0.8412325618926569,4000.0,0.15
26,Zprime_4000GeV_030,0.8258119174770578,4000.0,0.3
27,Zprime_4000GeV_045,0.7960980290697321,4000.0,0.45
28,Zprime_4000GeV_060,0.7692900593370142,4000.0,0.6
29,Zprime_4000GeV_075,0.7360603155341396,4000.0,0.75
