,name,auc,mass,nu
0,Zprime_1500GeV_015,0.9004104318304331,1500.0,0.15
1,Zprime_1500GeV_030,0.8973413889778324,1500.0,0.3
2,Zprime_1500GeV_045,0.8757620003489959,1500.0,0.45
3,Zprime_1500GeV_060,0.8576018991084615,1500.0,0.6
4,Zprime_1500GeV_075,0.8261907412942029,1500.0,0.75
5,Zprime_2000GeV_015,0.9149280650988008,2000.0,0.15
6,Zprime_2000GeV_030,0.902453519685873,2000.0,0.3
7,Zprime_2000GeV_045,0.8812561146261002,2000.0,0.45
8,Zprime_2000GeV_060,0.8545011298713104,2000.0,0.6
9,Zprime_2000GeV_075,0.8297811653453757,2000.0,0.75
10,Zprime_2500GeV_015,0.9127010545921523,2500.0,0.15
11,Zprime_2500GeV_030,0.8979373140867999,2500.0,0.3
12,Zprime_2500GeV_045,0.8806519872834788,2500.0,0.45
13,Zprime_2500GeV_060,0.8578962140419597,2500.0,0.6
14,Zprime_2500GeV_075,0.8171235222396965,2500.0,0.75
15,Zprime_3000GeV_015,0.9171824415099941,3000.0,0.15
16,Zprime_3000GeV_030,0.897707088310841,3000.0,0.3
17,Zprime_3000GeV_045,0.87823470911555,3000.0,0.45
18,Zprime_3000GeV_060,0.8495146998485748,3000.0,0.6
19,Zprime_3000GeV_075,0.8129928859873332,3000.0,0.75
20,Zprime_3500GeV_015,0.914115339478457,3500.0,0.15
21,Zprime_3500GeV_030,0.9033085832453918,3500.0,0.3
22,Zprime_3500GeV_045,0.8760770939504641,3500.0,0.45
23,Zprime_3500GeV_060,0.8494623519865143,3500.0,0.6
24,Zprime_3500GeV_075,0.8108876103912847,3500.0,0.75
25,Zprime_4000GeV_015,0.9149470996952521,4000.0,0.15
26,Zprime_4000GeV_030,0.9057803234996908,4000.0,0.3
27,Zprime_4000GeV_045,0.8765916018616303,4000.0,0.45
28,Zprime_4000GeV_060,0.8446727002271158,4000.0,0.6
29,Zprime_4000GeV_075,0.8017879179140689,4000.0,0.75
