,name,auc,mass,nu
0,Zprime_1500GeV_015,0.8160370638183777,1500.0,0.15
1,Zprime_1500GeV_030,0.7976265675641687,1500.0,0.3
2,Zprime_1500GeV_045,0.7748729400005337,1500.0,0.45
3,Zprime_1500GeV_060,0.7555564035514932,1500.0,0.6
4,Zprime_1500GeV_075,0.7088199033180662,1500.0,0.75
5,Zprime_2000GeV_015,0.8252611744669068,2000.0,0.15
6,Zprime_2000GeV_030,0.8064575423098218,2000.0,0.3
7,Zprime_2000GeV_045,0.7870484018827487,2000.0,0.45
8,Zprime_2000GeV_060,0.755925984161523,2000.0,0.6
9,Zprime_2000GeV_075,0.7247059609639136,2000.0,0.75
10,Zprime_2500GeV_015,0.8330115566890937,2500.0,0.15
11,Zprime_2500GeV_030,0.8124809732980691,2500.0,0.3
12,Zprime_2500GeV_045,0.788854876875619,2500.0,0.45
13,Zprime_2500GeV_060,0.7554787921626048,2500.0,0.6
14,Zprime_2500GeV_075,0.718186379472049,2500.0,0.75
15,Zprime_3000GeV_015,0.8504305806976571,3000.0,0.15
16,Zprime_3000GeV_030,0.8225130529129754,3000.0,0.3
17,Zprime_3000GeV_045,0.7961301094666386,3000.0,0.45
18,Zprime_3000GeV_060,0.7600863667972932,3000.0,0.6
19,Zprime_3000GeV_075,0.7269816353062827,3000.0,0.75
20,Zprime_3500GeV_015,0.860826208912007,3500.0,0.15
21,Zprime_3500GeV_030,0.8392182686754377,3500.0,0.3
22,Zprime_3500GeV_045,0.8050728929060447,3500.0,0.45
23,Zprime_3500GeV_060,0.7684089638355168,3500.0,0.6
24,Zprime_3500GeV_075,0.7246447603085584,3500.0,0.75
25,Zprime_4000GeV_015,0.872130226621338,4000.0,0.15
26,Zprime_4000GeV_030,0.8506855355148144,4000.0,0.3
27,Zprime_4000GeV_045,0.8162679020290267,4000.0,0.45
28,Zprime_4000GeV_060,0.7787584391414882,4000.0,0.6
29,Zprime_4000GeV_075,0.7244914095033024,4000.0,0.75
