,name,auc,mass,nu
0,Zprime_1500GeV_015,0.8174065323426729,1500.0,0.15
1,Zprime_1500GeV_030,0.810793934859499,1500.0,0.3
2,Zprime_1500GeV_045,0.785599339609764,1500.0,0.45
3,Zprime_1500GeV_060,0.7567939027079887,1500.0,0.6
4,Zprime_1500GeV_075,0.7206160424590129,1500.0,0.75
5,Zprime_2000GeV_015,0.83313666593318,2000.0,0.15
6,Zprime_2000GeV_030,0.8198473643455426,2000.0,0.3
7,Zprime_2000GeV_045,0.7920519891300608,2000.0,0.45
8,Zprime_2000GeV_060,0.7631490965143819,2000.0,0.6
9,Zprime_2000GeV_075,0.7272891353860195,2000.0,0.75
10,Zprime_2500GeV_015,0.8293765231567938,2500.0,0.15
11,Zprime_2500GeV_030,0.8126531738958803,2500.0,0.3
12,Zprime_2500GeV_045,0.7923160011286903,2500.0,0.45
13,Zprime_2500GeV_060,0.764081716094971,2500.0,0.6
14,Zprime_2500GeV_075,0.7175264223334957,2500.0,0.75
15,Zprime_3000GeV_015,0.8319033605975378,3000.0,0.15
16,Zprime_3000GeV_030,0.811188588862336,3000.0,0.3
17,Zprime_3000GeV_045,0.7895186469701896,3000.0,0.45
18,Zprime_3000GeV_060,0.7528864174550658,3000.0,0.6
19,Zprime_3000GeV_075,0.7147009428688658,3000.0,0.75
20,Zprime_3500GeV_015,0.8323612536839291,3500.0,0.15
21,Zprime_3500GeV_030,0.8144998004514761,3500.0,0.3
22,Zprime_3500GeV_045,0.7844117598593574,3500.0,0.45
23,Zprime_3500GeV_060,0.7574921860999626,3500.0,0.6
24,Zprime_3500GeV_075,0.7164170910419219,3500.0,0.75
25,Zprime_4000GeV_015,0.8340623291416075,4000.0,0.15
26,Zprime_4000GeV_030,0.8194079764692281,4000.0,0.3
27,Zprime_4000GeV_045,0.7846707115054636,4000.0,0.45
28,Zprime_4000GeV_060,0.7536161775784624,4000.0,0.6
29,Zprime_4000GeV_075,0.7064639090893712,4000.0,0.75
