,name,auc,mass,nu
0,Zprime_1500GeV_015,0.8446181650359632,1500.0,0.15
1,Zprime_1500GeV_030,0.8311158647480221,1500.0,0.3
2,Zprime_1500GeV_045,0.8078887729596685,1500.0,0.45
3,Zprime_1500GeV_060,0.7680429640735023,1500.0,0.6
4,Zprime_1500GeV_075,0.7231205052709597,1500.0,0.75
5,Zprime_2000GeV_015,0.8677414240446963,2000.0,0.15
6,Zprime_2000GeV_030,0.8521939826497887,2000.0,0.3
7,Zprime_2000GeV_045,0.8252318114771757,2000.0,0.45
8,Zprime_2000GeV_060,0.7938393150697886,2000.0,0.6
9,Zprime_2000GeV_075,0.7558506576263834,2000.0,0.75
10,Zprime_2500GeV_015,0.8731075693857151,2500.0,0.15
11,Zprime_2500GeV_030,0.8537780590655586,2500.0,0.3
12,Zprime_2500GeV_045,0.8318191000097663,2500.0,0.45
13,Zprime_2500GeV_060,0.7994571596532013,2500.0,0.6
14,Zprime_2500GeV_075,0.7469869268820546,2500.0,0.75
15,Zprime_3000GeV_015,0.8810944705318741,3000.0,0.15
16,Zprime_3000GeV_030,0.8564880221030411,3000.0,0.3
17,Zprime_3000GeV_045,0.8322428406335818,3000.0,0.45
18,Zprime_3000GeV_060,0.7950419699451569,3000.0,0.6
19,Zprime_3000GeV_075,0.7512599462309532,3000.0,0.75
20,Zprime_3500GeV_015,0.8845207766490749,3500.0,0.15
21,Zprime_3500GeV_030,0.8658760936258991,3500.0,0.3
22,Zprime_3500GeV_045,0.8317814268092034,3500.0,0.45
23,Zprime_3500GeV_060,0.8009927250125712,3500.0,0.6
24,Zprime_3500GeV_075,0.7524764391155805,3500.0,0.75
25,Zprime_4000GeV_015,0.8898315305630717,4000.0,0.15
26,Zprime_4000GeV_030,0.874860152502717,4000.0,0.3
27,Zprime_4000GeV_045,0.8384219850794098,4000.0,0.45
28,Zprime_4000GeV_060,0.8034950778170779,4000.0,0.6
29,Zprime_4000GeV_075,0.7508948117625514,4000.0,0.75
