,name,auc,mass,nu
0,Zprime_1500GeV_015,0.8456843582334405,1500.0,0.15
1,Zprime_1500GeV_030,0.8328528399766246,1500.0,0.3
2,Zprime_1500GeV_045,0.8062939683165111,1500.0,0.45
3,Zprime_1500GeV_060,0.7814095180070141,1500.0,0.6
4,Zprime_1500GeV_075,0.7364996624810973,1500.0,0.75
5,Zprime_2000GeV_015,0.8625992243543465,2000.0,0.15
6,Zprime_2000GeV_030,0.8470878857212706,2000.0,0.3
7,Zprime_2000GeV_045,0.819398156308906,2000.0,0.45
8,Zprime_2000GeV_060,0.787463456271778,2000.0,0.6
9,Zprime_2000GeV_075,0.7501742334340882,2000.0,0.75
10,Zprime_2500GeV_015,0.8608567630687214,2500.0,0.15
11,Zprime_2500GeV_030,0.8430823076577382,2500.0,0.3
12,Zprime_2500GeV_045,0.8199697695510104,2500.0,0.45
13,Zprime_2500GeV_060,0.7885083107734279,2500.0,0.6
14,Zprime_2500GeV_075,0.7354788362156058,2500.0,0.75
15,Zprime_3000GeV_015,0.8621586196523345,3000.0,0.15
16,Zprime_3000GeV_030,0.8388512789643334,3000.0,0.3
17,Zprime_3000GeV_045,0.8156471096399172,3000.0,0.45
18,Zprime_3000GeV_060,0.7772953248221097,3000.0,0.6
19,Zprime_3000GeV_075,0.7388850649169254,3000.0,0.75
20,Zprime_3500GeV_015,0.8588290777659825,3500.0,0.15
21,Zprime_3500GeV_030,0.841534560540945,3500.0,0.3
22,Zprime_3500GeV_045,0.8111149374225121,3500.0,0.45
23,Zprime_3500GeV_060,0.7808389064814134,3500.0,0.6
24,Zprime_3500GeV_075,0.7375650744536839,3500.0,0.75
25,Zprime_4000GeV_015,0.8591261242048285,4000.0,0.15
26,Zprime_4000GeV_030,0.845587216113458,4000.0,0.3
27,Zprime_4000GeV_045,0.8107690889407695,4000.0,0.45
28,Zprime_4000GeV_060,0.7750650120481937,4000.0,0.6
29,Zprime_4000GeV_075,0.7261203795185212,4000.0,0.75
