,name,auc,mass,nu
0,Zprime_1500GeV_015,0.87220290695882,1500.0,0.15
1,Zprime_1500GeV_030,0.8634997960462564,1500.0,0.3
2,Zprime_1500GeV_045,0.8382445848846233,1500.0,0.45
3,Zprime_1500GeV_060,0.8060102035470518,1500.0,0.6
4,Zprime_1500GeV_075,0.7597542125679817,1500.0,0.75
5,Zprime_2000GeV_015,0.8914373278918145,2000.0,0.15
6,Zprime_2000GeV_030,0.8782016777169527,2000.0,0.3
7,Zprime_2000GeV_045,0.8521312223243347,2000.0,0.45
8,Zprime_2000GeV_060,0.8217038581535572,2000.0,0.6
9,Zprime_2000GeV_075,0.7870541725224243,2000.0,0.75
10,Zprime_2500GeV_015,0.8948700178401168,2500.0,0.15
11,Zprime_2500GeV_030,0.8772785273688497,2500.0,0.3
12,Zprime_2500GeV_045,0.8559212923976637,2500.0,0.45
13,Zprime_2500GeV_060,0.825757630923942,2500.0,0.6
14,Zprime_2500GeV_075,0.7760379117141769,2500.0,0.75
15,Zprime_3000GeV_015,0.9011427991050904,3000.0,0.15
16,Zprime_3000GeV_030,0.8776823013019351,3000.0,0.3
17,Zprime_3000GeV_045,0.855015411271276,3000.0,0.45
18,Zprime_3000GeV_060,0.8198275305107098,3000.0,0.6
19,Zprime_3000GeV_075,0.776152891926651,3000.0,0.75
20,Zprime_3500GeV_015,0.9022883156374255,3500.0,0.15
21,Zprime_3500GeV_030,0.8864129525830295,3500.0,0.3
22,Zprime_3500GeV_045,0.8528922878337915,3500.0,0.45
23,Zprime_3500GeV_060,0.8238070369825755,3500.0,0.6
24,Zprime_3500GeV_075,0.7775123982036571,3500.0,0.75
25,Zprime_4000GeV_015,0.9058770335199561,4000.0,0.15
26,Zprime_4000GeV_030,0.8939946229408078,4000.0,0.3
27,Zprime_4000GeV_045,0.8595990417075328,4000.0,0.45
28,Zprime_4000GeV_060,0.8229397001850115,4000.0,0.6
29,Zprime_4000GeV_075,0.770823720111013,4000.0,0.75
