,name,auc,mass,nu
0,Zprime_1500GeV_015,0.85564795118073,1500.0,0.15
1,Zprime_1500GeV_030,0.8443153309809963,1500.0,0.3
2,Zprime_1500GeV_045,0.8173394386704956,1500.0,0.45
3,Zprime_1500GeV_060,0.7860142437446467,1500.0,0.6
4,Zprime_1500GeV_075,0.7349454570011523,1500.0,0.75
5,Zprime_2000GeV_015,0.8712321621631292,2000.0,0.15
6,Zprime_2000GeV_030,0.8556845598986123,2000.0,0.3
7,Zprime_2000GeV_045,0.8280274113993649,2000.0,0.45
8,Zprime_2000GeV_060,0.7961251381882835,2000.0,0.6
9,Zprime_2000GeV_075,0.7587409108262994,2000.0,0.75
10,Zprime_2500GeV_015,0.8762786955403796,2500.0,0.15
11,Zprime_2500GeV_030,0.8568383988448657,2500.0,0.3
12,Zprime_2500GeV_045,0.8323836763140686,2500.0,0.45
13,Zprime_2500GeV_060,0.8015674601314489,2500.0,0.6
14,Zprime_2500GeV_075,0.7498857281884314,2500.0,0.75
15,Zprime_3000GeV_015,0.8775873071375928,3000.0,0.15
16,Zprime_3000GeV_030,0.8552043987050311,3000.0,0.3
17,Zprime_3000GeV_045,0.8297963153741191,3000.0,0.45
18,Zprime_3000GeV_060,0.7932522321505442,3000.0,0.6
19,Zprime_3000GeV_075,0.7527587108088029,3000.0,0.75
20,Zprime_3500GeV_015,0.8780841616513817,3500.0,0.15
21,Zprime_3500GeV_030,0.8603931643454774,3500.0,0.3
22,Zprime_3500GeV_045,0.8276449467451474,3500.0,0.45
23,Zprime_3500GeV_060,0.7974013339970119,3500.0,0.6
24,Zprime_3500GeV_075,0.7516858656180838,3500.0,0.75
25,Zprime_4000GeV_015,0.8846535245118143,4000.0,0.15
26,Zprime_4000GeV_030,0.8692055735323001,4000.0,0.3
27,Zprime_4000GeV_045,0.8331501337576435,4000.0,0.45
28,Zprime_4000GeV_060,0.7976794800421985,4000.0,0.6
29,Zprime_4000GeV_075,0.7480461208371352,4000.0,0.75
