,name,auc,mass,nu
0,Zprime_1500GeV_015,0.8740741752826289,1500.0,0.15
1,Zprime_1500GeV_030,0.8627212977375929,1500.0,0.3
2,Zprime_1500GeV_045,0.8412050628307455,1500.0,0.45
3,Zprime_1500GeV_060,0.8195336007970012,1500.0,0.6
4,Zprime_1500GeV_075,0.7871195447582993,1500.0,0.75
5,Zprime_2000GeV_015,0.8849634021131482,2000.0,0.15
6,Zprime_2000GeV_030,0.8720920667099247,2000.0,0.3
7,Zprime_2000GeV_045,0.8469961248601658,2000.0,0.45
8,Zprime_2000GeV_060,0.8199679290771134,2000.0,0.6
9,Zprime_2000GeV_075,0.7901374492587906,2000.0,0.75
10,Zprime_2500GeV_015,0.8818978918499747,2500.0,0.15
11,Zprime_2500GeV_030,0.8647742170435978,2500.0,0.3
12,Zprime_2500GeV_045,0.8451516148272413,2500.0,0.45
13,Zprime_2500GeV_060,0.8187691074242492,2500.0,0.6
14,Zprime_2500GeV_075,0.7752309436766576,2500.0,0.75
15,Zprime_3000GeV_015,0.8818818015083925,3000.0,0.15
16,Zprime_3000GeV_030,0.8603594189852881,3000.0,0.3
17,Zprime_3000GeV_045,0.8406180946242249,3000.0,0.45
18,Zprime_3000GeV_060,0.8068510599401643,3000.0,0.6
19,Zprime_3000GeV_075,0.7721529301807628,3000.0,0.75
20,Zprime_3500GeV_015,0.8757139879563053,3500.0,0.15
21,Zprime_3500GeV_030,0.8623210536544306,3500.0,0.3
22,Zprime_3500GeV_045,0.8351961028609217,3500.0,0.45
23,Zprime_3500GeV_060,0.8084647296495168,3500.0,0.6
24,Zprime_3500GeV_075,0.7683888674015343,3500.0,0.75
25,Zprime_4000GeV_015,0.8745504793119244,4000.0,0.15
26,Zprime_4000GeV_030,0.8651315824316966,4000.0,0.3
27,Zprime_4000GeV_045,0.8338066197936458,4000.0,0.45
28,Zprime_4000GeV_060,0.8018183729375659,4000.0,0.6
29,Zprime_4000GeV_075,0.7569525457484874,4000.0,0.75
