,name,auc,mass,nu
0,Zprime_1500GeV_015,0.8846290208212466,1500.0,0.15
1,Zprime_1500GeV_030,0.8809814983308552,1500.0,0.3
2,Zprime_1500GeV_045,0.8599491924726319,1500.0,0.45
3,Zprime_1500GeV_060,0.8386141022730532,1500.0,0.6
4,Zprime_1500GeV_075,0.8080224154967919,1500.0,0.75
5,Zprime_2000GeV_015,0.9006584677939302,2000.0,0.15
6,Zprime_2000GeV_030,0.8877396567529063,2000.0,0.3
7,Zprime_2000GeV_045,0.8642795451602395,2000.0,0.45
8,Zprime_2000GeV_060,0.8364652524230944,2000.0,0.6
9,Zprime_2000GeV_075,0.8095484863065259,2000.0,0.75
10,Zprime_2500GeV_015,0.9007990770379394,2500.0,0.15
11,Zprime_2500GeV_030,0.8848876504512259,2500.0,0.3
12,Zprime_2500GeV_045,0.8653047308798137,2500.0,0.45
13,Zprime_2500GeV_060,0.8416466866971448,2500.0,0.6
14,Zprime_2500GeV_075,0.8000626032588649,2500.0,0.75
15,Zprime_3000GeV_015,0.9066596650541915,3000.0,0.15
16,Zprime_3000GeV_030,0.8862122991018409,3000.0,0.3
17,Zprime_3000GeV_045,0.8664587363511596,3000.0,0.45
18,Zprime_3000GeV_060,0.8341212474675357,3000.0,0.6
19,Zprime_3000GeV_075,0.7957633700818909,3000.0,0.75
20,Zprime_3500GeV_015,0.905576404294381,3500.0,0.15
21,Zprime_3500GeV_030,0.893480514545836,3500.0,0.3
22,Zprime_3500GeV_045,0.8659553316952604,3500.0,0.45
23,Zprime_3500GeV_060,0.837310132631191,3500.0,0.6
24,Zprime_3500GeV_075,0.794007456112078,3500.0,0.75
25,Zprime_4000GeV_015,0.9072738936711471,4000.0,0.15
26,Zprime_4000GeV_030,0.8976912423746372,4000.0,0.3
27,Zprime_4000GeV_045,0.8663082770368946,4000.0,0.45
28,Zprime_4000GeV_060,0.834504744037562,4000.0,0.6
29,Zprime_4000GeV_075,0.786067841682174,4000.0,0.75
