,name,auc,mass,nu
0,Zprime_1500GeV_015,0.8645562113869899,1500.0,0.15
1,Zprime_1500GeV_030,0.8515089274674967,1500.0,0.3
2,Zprime_1500GeV_045,0.8311401955451772,1500.0,0.45
3,Zprime_1500GeV_060,0.8008240795776634,1500.0,0.6
4,Zprime_1500GeV_075,0.7599595284279097,1500.0,0.75
5,Zprime_2000GeV_015,0.8718260835841691,2000.0,0.15
6,Zprime_2000GeV_030,0.8596466471935597,2000.0,0.3
7,Zprime_2000GeV_045,0.8363862110510796,2000.0,0.45
8,Zprime_2000GeV_060,0.8133469693889993,2000.0,0.6
9,Zprime_2000GeV_075,0.7837314523103577,2000.0,0.75
10,Zprime_2500GeV_015,0.8609851911035616,2500.0,0.15
11,Zprime_2500GeV_030,0.8457445666283606,2500.0,0.3
12,Zprime_2500GeV_045,0.8295830806993068,2500.0,0.45
13,Zprime_2500GeV_060,0.8050933024787517,2500.0,0.6
14,Zprime_2500GeV_075,0.7665175232900029,2500.0,0.75
15,Zprime_3000GeV_015,0.8505304235134522,3000.0,0.15
16,Zprime_3000GeV_030,0.8351318470902604,3000.0,0.3
17,Zprime_3000GeV_045,0.8163479196186976,3000.0,0.45
18,Zprime_3000GeV_060,0.7903777831035375,3000.0,0.6
19,Zprime_3000GeV_075,0.7663744328860322,3000.0,0.75
20,Zprime_3500GeV_015,0.8427519273865034,3500.0,0.15
21,Zprime_3500GeV_030,0.8277527834450853,3500.0,0.3
22,Zprime_3500GeV_045,0.8075893125989411,3500.0,0.45
23,Zprime_3500GeV_060,0.7890749664809789,3500.0,0.6
24,Zprime_3500GeV_075,0.7599921786028923,3500.0,0.75
25,Zprime_4000GeV_015,0.8413441810052467,4000.0,0.15
26,Zprime_4000GeV_030,0.8298866178873452,4000.0,0.3
27,Zprime_4000GeV_045,0.8035982046578316,4000.0,0.45
28,Zprime_4000GeV_060,0.7803560555367732,4000.0,0.6
29,Zprime_4000GeV_075,0.7484047868698273,4000.0,0.75
