,name,auc,mass,nu
0,Zprime_1500GeV_015,0.8658712608499465,1500.0,0.15
1,Zprime_1500GeV_030,0.8576492693066524,1500.0,0.3
2,Zprime_1500GeV_045,0.8318157843325559,1500.0,0.45
3,Zprime_1500GeV_060,0.8052335865894761,1500.0,0.6
4,Zprime_1500GeV_075,0.768652279626946,1500.0,0.75
5,Zprime_2000GeV_015,0.8796026033377129,2000.0,0.15
6,Zprime_2000GeV_030,0.8635238944248267,2000.0,0.3
7,Zprime_2000GeV_045,0.8390175753250628,2000.0,0.45
8,Zprime_2000GeV_060,0.8102219400135725,2000.0,0.6
9,Zprime_2000GeV_075,0.7792378299294916,2000.0,0.75
10,Zprime_2500GeV_015,0.8778753342766923,2500.0,0.15
11,Zprime_2500GeV_030,0.8608318151166909,2500.0,0.3
12,Zprime_2500GeV_045,0.8414945248486547,2500.0,0.45
13,Zprime_2500GeV_060,0.814335723516902,2500.0,0.6
14,Zprime_2500GeV_075,0.7679475162284397,2500.0,0.75
15,Zprime_3000GeV_015,0.8867798547293214,3000.0,0.15
16,Zprime_3000GeV_030,0.863186358114165,3000.0,0.3
17,Zprime_3000GeV_045,0.8426369185296458,3000.0,0.45
18,Zprime_3000GeV_060,0.8096481326833967,3000.0,0.6
19,Zprime_3000GeV_075,0.7748709258345603,3000.0,0.75
20,Zprime_3500GeV_015,0.8852306261798164,3500.0,0.15
21,Zprime_3500GeV_030,0.870598210343664,3500.0,0.3
22,Zprime_3500GeV_045,0.8433040672586687,3500.0,0.45
23,Zprime_3500GeV_060,0.813258382312179,3500.0,0.6
24,Zprime_3500GeV_075,0.7722249940909774,3500.0,0.75
25,Zprime_4000GeV_015,0.8923042974556656,4000.0,0.15
26,Zprime_4000GeV_030,0.8781611000799269,4000.0,0.3
27,Zprime_4000GeV_045,0.8456116473758281,4000.0,0.45
28,Zprime_4000GeV_060,0.8120638986482269,4000.0,0.6
29,Zprime_4000GeV_075,0.7654669727513866,4000.0,0.75
