,name,auc,mass,nu
0,Zprime_1500GeV_015,0.8465702444980693,1500.0,0.15
1,Zprime_1500GeV_030,0.8279905774427159,1500.0,0.3
2,Zprime_1500GeV_045,0.804885356909537,1500.0,0.45
3,Zprime_1500GeV_060,0.7829234602459865,1500.0,0.6
4,Zprime_1500GeV_075,0.7351364712126653,1500.0,0.75
5,Zprime_2000GeV_015,0.8511012451568859,2000.0,0.15
6,Zprime_2000GeV_030,0.8339037551857443,2000.0,0.3
7,Zprime_2000GeV_045,0.8116093325095879,2000.0,0.45
8,Zprime_2000GeV_060,0.782433253521432,2000.0,0.6
9,Zprime_2000GeV_075,0.7549095885552365,2000.0,0.75
10,Zprime_2500GeV_015,0.8481972284800134,2500.0,0.15
11,Zprime_2500GeV_030,0.8299429048989135,2500.0,0.3
12,Zprime_2500GeV_045,0.8073242564232612,2500.0,0.45
13,Zprime_2500GeV_060,0.7790259338805269,2500.0,0.6
14,Zprime_2500GeV_075,0.7381487822915583,2500.0,0.75
15,Zprime_3000GeV_015,0.8584365332390991,3000.0,0.15
16,Zprime_3000GeV_030,0.8313436754991181,3000.0,0.3
17,Zprime_3000GeV_045,0.8039523428237328,3000.0,0.45
18,Zprime_3000GeV_060,0.7724414562955209,3000.0,0.6
19,Zprime_3000GeV_075,0.7375375249736529,3000.0,0.75
20,Zprime_3500GeV_015,0.8620435998226221,3500.0,0.15
21,Zprime_3500GeV_030,0.8396442565361926,3500.0,0.3
22,Zprime_3500GeV_045,0.804154475878597,3500.0,0.45
23,Zprime_3500GeV_060,0.7737657205030075,3500.0,0.6
24,Zprime_3500GeV_075,0.735214293388341,3500.0,0.75
25,Zprime_4000GeV_015,0.869437763568868,4000.0,0.15
26,Zprime_4000GeV_030,0.8515018658438522,4000.0,0.3
27,Zprime_4000GeV_045,0.8119319888306066,4000.0,0.45
28,Zprime_4000GeV_060,0.7761801443154912,4000.0,0.6
29,Zprime_4000GeV_075,0.7294442168902927,4000.0,0.75
