,name,auc,mass,nu
0,Zprime_1500GeV_015,0.8476762593691874,1500.0,0.15
1,Zprime_1500GeV_030,0.8384806555686241,1500.0,0.3
2,Zprime_1500GeV_045,0.8095297552824574,1500.0,0.45
3,Zprime_1500GeV_060,0.7781542915673056,1500.0,0.6
4,Zprime_1500GeV_075,0.7296344526570788,1500.0,0.75
5,Zprime_2000GeV_015,0.8710018395955528,2000.0,0.15
6,Zprime_2000GeV_030,0.8537694290103285,2000.0,0.3
7,Zprime_2000GeV_045,0.8254831089425996,2000.0,0.45
8,Zprime_2000GeV_060,0.7927116891925459,2000.0,0.6
9,Zprime_2000GeV_075,0.756277299480142,2000.0,0.75
10,Zprime_2500GeV_015,0.8757717708594909,2500.0,0.15
11,Zprime_2500GeV_030,0.8565141262397833,2500.0,0.3
12,Zprime_2500GeV_045,0.8320562384489051,2500.0,0.45
13,Zprime_2500GeV_060,0.8004957401622134,2500.0,0.6
14,Zprime_2500GeV_075,0.7461427014514694,2500.0,0.75
15,Zprime_3000GeV_015,0.881689413002244,3000.0,0.15
16,Zprime_3000GeV_030,0.859448067282312,3000.0,0.3
17,Zprime_3000GeV_045,0.833026255033961,3000.0,0.45
18,Zprime_3000GeV_060,0.7958358985985055,3000.0,0.6
19,Zprime_3000GeV_075,0.7523057493123435,3000.0,0.75
20,Zprime_3500GeV_015,0.8828667088104452,3500.0,0.15
21,Zprime_3500GeV_030,0.8654902487531607,3500.0,0.3
22,Zprime_3500GeV_045,0.8324690841540158,3500.0,0.45
23,Zprime_3500GeV_060,0.8003415474556708,3500.0,0.6
24,Zprime_3500GeV_075,0.7532725133758784,3500.0,0.75
25,Zprime_4000GeV_015,0.886451730619625,4000.0,0.15
26,Zprime_4000GeV_030,0.8727713300581763,4000.0,0.3
27,Zprime_4000GeV_045,0.8372528790257323,4000.0,0.45
28,Zprime_4000GeV_060,0.8010459460572504,4000.0,0.6
29,Zprime_4000GeV_075,0.7470098088520043,4000.0,0.75
