,name,auc,mass,nu
0,Zprime_1500GeV_015,0.8554404347172123,1500.0,0.15
1,Zprime_1500GeV_030,0.8433386910819376,1500.0,0.3
2,Zprime_1500GeV_045,0.8252307703458253,1500.0,0.45
3,Zprime_1500GeV_060,0.7951059279874664,1500.0,0.6
4,Zprime_1500GeV_075,0.7579443215200322,1500.0,0.75
5,Zprime_2000GeV_015,0.8629957150386669,2000.0,0.15
6,Zprime_2000GeV_030,0.8494971916334624,2000.0,0.3
7,Zprime_2000GeV_045,0.825023859520619,2000.0,0.45
8,Zprime_2000GeV_060,0.8008955401317074,2000.0,0.6
9,Zprime_2000GeV_075,0.7724896672569797,2000.0,0.75
10,Zprime_2500GeV_015,0.8571010435638478,2500.0,0.15
11,Zprime_2500GeV_030,0.8404249695711848,2500.0,0.3
12,Zprime_2500GeV_045,0.8226897902124942,2500.0,0.45
13,Zprime_2500GeV_060,0.7976895255541212,2500.0,0.6
14,Zprime_2500GeV_075,0.7564943632815846,2500.0,0.75
15,Zprime_3000GeV_015,0.8559275094158891,3000.0,0.15
16,Zprime_3000GeV_030,0.8369908122966774,3000.0,0.3
17,Zprime_3000GeV_045,0.8143417150458143,3000.0,0.45
18,Zprime_3000GeV_060,0.7864759123116091,3000.0,0.6
19,Zprime_3000GeV_075,0.757920533257136,3000.0,0.75
20,Zprime_3500GeV_015,0.8512975449106811,3500.0,0.15
21,Zprime_3500GeV_030,0.8368034427435989,3500.0,0.3
22,Zprime_3500GeV_045,0.8120045455240358,3500.0,0.45
23,Zprime_3500GeV_060,0.7882103695408088,3500.0,0.6
24,Zprime_3500GeV_075,0.7548773179483874,3500.0,0.75
25,Zprime_4000GeV_015,0.8544157236402408,4000.0,0.15
26,Zprime_4000GeV_030,0.8403706784314472,4000.0,0.3
27,Zprime_4000GeV_045,0.8120100558389147,4000.0,0.45
28,Zprime_4000GeV_060,0.7840551147405113,4000.0,0.6
29,Zprime_4000GeV_075,0.7450645901242502,4000.0,0.75
