,name,auc,mass,nu
0,Zprime_1500GeV_015,0.8508283608791879,1500.0,0.15
1,Zprime_1500GeV_030,0.8447270031586411,1500.0,0.3
2,Zprime_1500GeV_045,0.8176696557517127,1500.0,0.45
3,Zprime_1500GeV_060,0.783569590032052,1500.0,0.6
4,Zprime_1500GeV_075,0.7367462787110823,1500.0,0.75
5,Zprime_2000GeV_015,0.8763047956881829,2000.0,0.15
6,Zprime_2000GeV_030,0.8613610360120384,2000.0,0.3
7,Zprime_2000GeV_045,0.8348204389239057,2000.0,0.45
8,Zprime_2000GeV_060,0.800446049031949,2000.0,0.6
9,Zprime_2000GeV_075,0.7646248421200749,2000.0,0.75
10,Zprime_2500GeV_015,0.8852979199679422,2500.0,0.15
11,Zprime_2500GeV_030,0.8661036295297913,2500.0,0.3
12,Zprime_2500GeV_045,0.8426530452598815,2500.0,0.45
13,Zprime_2500GeV_060,0.8104886536956204,2500.0,0.6
14,Zprime_2500GeV_075,0.7582596727576136,2500.0,0.75
15,Zprime_3000GeV_015,0.8959050378974767,3000.0,0.15
16,Zprime_3000GeV_030,0.8719628374034069,3000.0,0.3
17,Zprime_3000GeV_045,0.8464196520435674,3000.0,0.45
18,Zprime_3000GeV_060,0.8090153167490728,3000.0,0.6
19,Zprime_3000GeV_075,0.7622490658721555,3000.0,0.75
20,Zprime_3500GeV_015,0.8993808525857759,3500.0,0.15
21,Zprime_3500GeV_030,0.882574592916163,3500.0,0.3
22,Zprime_3500GeV_045,0.8482241631267396,3500.0,0.45
23,Zprime_3500GeV_060,0.8146190643252981,3500.0,0.6
24,Zprime_3500GeV_075,0.7645181997894239,3500.0,0.75
25,Zprime_4000GeV_015,0.9043433544880981,4000.0,0.15
26,Zprime_4000GeV_030,0.8914772355852384,4000.0,0.3
27,Zprime_4000GeV_045,0.855800398467623,4000.0,0.45
28,Zprime_4000GeV_060,0.8173878814494,4000.0,0.6
29,Zprime_4000GeV_075,0.7613572305046081,4000.0,0.75
