,name,auc,mass,nu
0,Zprime_1500GeV_015,0.8637985485759022,1500.0,0.15
1,Zprime_1500GeV_030,0.8602265630201218,1500.0,0.3
2,Zprime_1500GeV_045,0.8339452287694962,1500.0,0.45
3,Zprime_1500GeV_060,0.8089175719921603,1500.0,0.6
4,Zprime_1500GeV_075,0.7689032909976634,1500.0,0.75
5,Zprime_2000GeV_015,0.8766845955057887,2000.0,0.15
6,Zprime_2000GeV_030,0.862800057297337,2000.0,0.3
7,Zprime_2000GeV_045,0.8383843638991905,2000.0,0.45
8,Zprime_2000GeV_060,0.8070808578826826,2000.0,0.6
9,Zprime_2000GeV_075,0.7775692507069294,2000.0,0.75
10,Zprime_2500GeV_015,0.8772720622616949,2500.0,0.15
11,Zprime_2500GeV_030,0.8595213326089872,2500.0,0.3
12,Zprime_2500GeV_045,0.8414090535103954,2500.0,0.45
13,Zprime_2500GeV_060,0.813264773894768,2500.0,0.6
14,Zprime_2500GeV_075,0.7663942758337412,2500.0,0.75
15,Zprime_3000GeV_015,0.8860222646923168,3000.0,0.15
16,Zprime_3000GeV_030,0.8627078756710689,3000.0,0.3
17,Zprime_3000GeV_045,0.8418514111437503,3000.0,0.45
18,Zprime_3000GeV_060,0.8078312082921595,3000.0,0.6
19,Zprime_3000GeV_075,0.7700287151942093,3000.0,0.75
20,Zprime_3500GeV_015,0.8850567757906195,3500.0,0.15
21,Zprime_3500GeV_030,0.8724026211424806,3500.0,0.3
22,Zprime_3500GeV_045,0.841701740464571,3500.0,0.45
23,Zprime_3500GeV_060,0.8118874991873049,3500.0,0.6
24,Zprime_3500GeV_075,0.7735669975719288,3500.0,0.75
25,Zprime_4000GeV_015,0.8891284041670618,4000.0,0.15
26,Zprime_4000GeV_030,0.8769735643496337,4000.0,0.3
27,Zprime_4000GeV_045,0.8462733520587804,4000.0,0.45
28,Zprime_4000GeV_060,0.8144077611437663,4000.0,0.6
29,Zprime_4000GeV_075,0.7653375051687399,4000.0,0.75
