,name,auc,mass,nu
0,Zprime_1500GeV_015,0.8164490604887719,1500.0,0.15
1,Zprime_1500GeV_030,0.8013603476935791,1500.0,0.3
2,Zprime_1500GeV_045,0.7790570990028586,1500.0,0.45
3,Zprime_1500GeV_060,0.7376033953182431,1500.0,0.6
4,Zprime_1500GeV_075,0.6887039022989516,1500.0,0.75
5,Zprime_2000GeV_015,0.8211517691509809,2000.0,0.15
6,Zprime_2000GeV_030,0.8056382921113197,2000.0,0.3
7,Zprime_2000GeV_045,0.7787530089427328,2000.0,0.45
8,Zprime_2000GeV_060,0.7504486054785837,2000.0,0.6
9,Zprime_2000GeV_075,0.7186313860622138,2000.0,0.75
10,Zprime_2500GeV_015,0.8201966847617455,2500.0,0.15
11,Zprime_2500GeV_030,0.801171127926003,2500.0,0.3
12,Zprime_2500GeV_045,0.7801334117805656,2500.0,0.45
13,Zprime_2500GeV_060,0.7509835988014852,2500.0,0.6
14,Zprime_2500GeV_075,0.7018951440393848,2500.0,0.75
15,Zprime_3000GeV_015,0.8248311185444495,3000.0,0.15
16,Zprime_3000GeV_030,0.8024349539531564,3000.0,0.3
17,Zprime_3000GeV_045,0.7748120361993704,3000.0,0.45
18,Zprime_3000GeV_060,0.7424611215904406,3000.0,0.6
19,Zprime_3000GeV_075,0.7086576243618072,3000.0,0.75
20,Zprime_3500GeV_015,0.8279048874903282,3500.0,0.15
21,Zprime_3500GeV_030,0.8078103611237344,3500.0,0.3
22,Zprime_3500GeV_045,0.776847370979997,3500.0,0.45
23,Zprime_3500GeV_060,0.7485260942132244,3500.0,0.6
24,Zprime_3500GeV_075,0.7090107973957327,3500.0,0.75
25,Zprime_4000GeV_015,0.8372683387963964,4000.0,0.15
26,Zprime_4000GeV_030,0.8199516008684522,4000.0,0.3
27,Zprime_4000GeV_045,0.7817648822859358,4000.0,0.45
28,Zprime_4000GeV_060,0.7487602828896432,4000.0,0.6
29,Zprime_4000GeV_075,0.7040827423126341,4000.0,0.75
