,name,auc,mass,nu
0,Zprime_1500GeV_015,0.8878759469617349,1500.0,0.15
1,Zprime_1500GeV_030,0.8848303987242853,1500.0,0.3
2,Zprime_1500GeV_045,0.8620943955231918,1500.0,0.45
3,Zprime_1500GeV_060,0.8416941600603832,1500.0,0.6
4,Zprime_1500GeV_075,0.8136308941278967,1500.0,0.75
5,Zprime_2000GeV_015,0.9000023515323482,2000.0,0.15
6,Zprime_2000GeV_030,0.8885993386775918,2000.0,0.3
7,Zprime_2000GeV_045,0.8670047502266156,2000.0,0.45
8,Zprime_2000GeV_060,0.8405089429189398,2000.0,0.6
9,Zprime_2000GeV_075,0.8138093516775504,2000.0,0.75
10,Zprime_2500GeV_015,0.8925265933073946,2500.0,0.15
11,Zprime_2500GeV_030,0.8793729274442499,2500.0,0.3
12,Zprime_2500GeV_045,0.8623609843015697,2500.0,0.45
13,Zprime_2500GeV_060,0.8396172726645745,2500.0,0.6
14,Zprime_2500GeV_075,0.7994858994586351,2500.0,0.75
15,Zprime_3000GeV_015,0.8941374267552064,3000.0,0.15
16,Zprime_3000GeV_030,0.8734586857975803,3000.0,0.3
17,Zprime_3000GeV_045,0.8569028023006702,3000.0,0.45
18,Zprime_3000GeV_060,0.8278851308815147,3000.0,0.6
19,Zprime_3000GeV_075,0.7948640530473136,3000.0,0.75
20,Zprime_3500GeV_015,0.8854424405376409,3500.0,0.15
21,Zprime_3500GeV_030,0.877216835557415,3500.0,0.3
22,Zprime_3500GeV_045,0.851210564458177,3500.0,0.45
23,Zprime_3500GeV_060,0.8270981278284444,3500.0,0.6
24,Zprime_3500GeV_075,0.7918362018951848,3500.0,0.75
25,Zprime_4000GeV_015,0.8852601516560812,4000.0,0.15
26,Zprime_4000GeV_030,0.8773247672178022,4000.0,0.3
27,Zprime_4000GeV_045,0.8498776215895744,4000.0,0.45
28,Zprime_4000GeV_060,0.8209411884616626,4000.0,0.6
29,Zprime_4000GeV_075,0.7794372927226232,4000.0,0.75
