,name,auc,mass,nu
0,Zprime_1500GeV_015,0.8528361439727503,1500.0,0.15
1,Zprime_1500GeV_030,0.8439302758236613,1500.0,0.3
2,Zprime_1500GeV_045,0.8221413682715525,1500.0,0.45
3,Zprime_1500GeV_060,0.7993115386879103,1500.0,0.6
4,Zprime_1500GeV_075,0.7649854067374856,1500.0,0.75
5,Zprime_2000GeV_015,0.8635945468785151,2000.0,0.15
6,Zprime_2000GeV_030,0.8502068716833378,2000.0,0.3
7,Zprime_2000GeV_045,0.8262233197886937,2000.0,0.45
8,Zprime_2000GeV_060,0.799355382148605,2000.0,0.6
9,Zprime_2000GeV_075,0.771042534717264,2000.0,0.75
10,Zprime_2500GeV_015,0.8537656729406535,2500.0,0.15
11,Zprime_2500GeV_030,0.8396269670475451,2500.0,0.3
12,Zprime_2500GeV_045,0.8211890324548893,2500.0,0.45
13,Zprime_2500GeV_060,0.7967006397005937,2500.0,0.6
14,Zprime_2500GeV_075,0.7579033024059035,2500.0,0.75
15,Zprime_3000GeV_015,0.8524565595526157,3000.0,0.15
16,Zprime_3000GeV_030,0.8333891242068292,3000.0,0.3
17,Zprime_3000GeV_045,0.8147824420456091,3000.0,0.45
18,Zprime_3000GeV_060,0.7831581228724548,3000.0,0.6
19,Zprime_3000GeV_075,0.751373262163415,3000.0,0.75
20,Zprime_3500GeV_015,0.848502221019969,3500.0,0.15
21,Zprime_3500GeV_030,0.8355274044507999,3500.0,0.3
22,Zprime_3500GeV_045,0.8090012754412667,3500.0,0.45
23,Zprime_3500GeV_060,0.7851597165266564,3500.0,0.6
24,Zprime_3500GeV_075,0.7487164528674874,3500.0,0.75
25,Zprime_4000GeV_015,0.8498114969236722,4000.0,0.15
26,Zprime_4000GeV_030,0.8366563451704446,4000.0,0.3
27,Zprime_4000GeV_045,0.8068659132398956,4000.0,0.45
28,Zprime_4000GeV_060,0.7802754395559263,4000.0,0.6
29,Zprime_4000GeV_075,0.7366118521740228,4000.0,0.75
