,name,auc,mass,nu
0,Zprime_1500GeV_015,0.856804414623733,1500.0,0.15
1,Zprime_1500GeV_030,0.8401102380552324,1500.0,0.3
2,Zprime_1500GeV_045,0.8154350623772051,1500.0,0.45
3,Zprime_1500GeV_060,0.7838561120492965,1500.0,0.6
4,Zprime_1500GeV_075,0.733157332364449,1500.0,0.75
5,Zprime_2000GeV_015,0.8648939735762959,2000.0,0.15
6,Zprime_2000GeV_030,0.8513340361865827,2000.0,0.3
7,Zprime_2000GeV_045,0.8249468473201751,2000.0,0.45
8,Zprime_2000GeV_060,0.797485173376593,2000.0,0.6
9,Zprime_2000GeV_075,0.7644453728432294,2000.0,0.75
10,Zprime_2500GeV_015,0.8601966056874782,2500.0,0.15
11,Zprime_2500GeV_030,0.8433377586899398,2500.0,0.3
12,Zprime_2500GeV_045,0.8236848228509454,2500.0,0.45
13,Zprime_2500GeV_060,0.7955332586096645,2500.0,0.6
14,Zprime_2500GeV_075,0.7493074528036215,2500.0,0.75
15,Zprime_3000GeV_015,0.8565756013445642,3000.0,0.15
16,Zprime_3000GeV_030,0.8365281304658165,3000.0,0.3
17,Zprime_3000GeV_045,0.8138731414170499,3000.0,0.45
18,Zprime_3000GeV_060,0.7845008885239434,3000.0,0.6
19,Zprime_3000GeV_075,0.7522709061203081,3000.0,0.75
20,Zprime_3500GeV_015,0.8532887361988375,3500.0,0.15
21,Zprime_3500GeV_030,0.8349605964215109,3500.0,0.3
22,Zprime_3500GeV_045,0.8092634013302099,3500.0,0.45
23,Zprime_3500GeV_060,0.7860853883400476,3500.0,0.6
24,Zprime_3500GeV_075,0.7485823825178883,3500.0,0.75
25,Zprime_4000GeV_015,0.8573972086481234,4000.0,0.15
26,Zprime_4000GeV_030,0.8448750029885581,4000.0,0.3
27,Zprime_4000GeV_045,0.8123908803331743,4000.0,0.45
28,Zprime_4000GeV_060,0.7833322504320981,4000.0,0.6
29,Zprime_4000GeV_075,0.7420382871217254,4000.0,0.75
