,name,auc,mass,nu
0,Zprime_1500GeV_015,0.8611280440808411,1500.0,0.15
1,Zprime_1500GeV_030,0.8454204326778281,1500.0,0.3
2,Zprime_1500GeV_045,0.8202477539582947,1500.0,0.45
3,Zprime_1500GeV_060,0.788272140724782,1500.0,0.6
4,Zprime_1500GeV_075,0.7360231734143937,1500.0,0.75
5,Zprime_2000GeV_015,0.8724751361342408,2000.0,0.15
6,Zprime_2000GeV_030,0.8582175674365438,2000.0,0.3
7,Zprime_2000GeV_045,0.8314018958692366,2000.0,0.45
8,Zprime_2000GeV_060,0.800984701961139,2000.0,0.6
9,Zprime_2000GeV_075,0.7667117447795474,2000.0,0.75
10,Zprime_2500GeV_015,0.8695126818287215,2500.0,0.15
11,Zprime_2500GeV_030,0.8517408686927175,2500.0,0.3
12,Zprime_2500GeV_045,0.8301143016943331,2500.0,0.45
13,Zprime_2500GeV_060,0.8006270625407748,2500.0,0.6
14,Zprime_2500GeV_075,0.7534389725391877,2500.0,0.75
15,Zprime_3000GeV_015,0.8678587877434745,3000.0,0.15
16,Zprime_3000GeV_030,0.8449097153722251,3000.0,0.3
17,Zprime_3000GeV_045,0.8208486936264745,3000.0,0.45
18,Zprime_3000GeV_060,0.7893675924709278,3000.0,0.6
19,Zprime_3000GeV_075,0.7530990903681716,3000.0,0.75
20,Zprime_3500GeV_015,0.8622101105923635,3500.0,0.15
21,Zprime_3500GeV_030,0.8457070211695134,3500.0,0.3
22,Zprime_3500GeV_045,0.8162010426338998,3500.0,0.45
23,Zprime_3500GeV_060,0.7901631839161732,3500.0,0.6
24,Zprime_3500GeV_075,0.7497377683233417,3500.0,0.75
25,Zprime_4000GeV_015,0.8684581798570536,4000.0,0.15
26,Zprime_4000GeV_030,0.8539901242150685,4000.0,0.3
27,Zprime_4000GeV_045,0.8198293589044908,4000.0,0.45
28,Zprime_4000GeV_060,0.7874763402293747,4000.0,0.6
29,Zprime_4000GeV_075,0.7430211594147402,4000.0,0.75
