,name,auc,mass,nu
0,Zprime_1500GeV_015,0.8480330195245315,1500.0,0.15
1,Zprime_1500GeV_030,0.8400146017142682,1500.0,0.3
2,Zprime_1500GeV_045,0.8165769304219324,1500.0,0.45
3,Zprime_1500GeV_060,0.7874252407140672,1500.0,0.6
4,Zprime_1500GeV_075,0.7470660691507722,1500.0,0.75
5,Zprime_2000GeV_015,0.870077621302896,2000.0,0.15
6,Zprime_2000GeV_030,0.8525054639578127,2000.0,0.3
7,Zprime_2000GeV_045,0.8233499185286981,2000.0,0.45
8,Zprime_2000GeV_060,0.7930527161053041,2000.0,0.6
9,Zprime_2000GeV_075,0.7581512552015037,2000.0,0.75
10,Zprime_2500GeV_015,0.8734757382710312,2500.0,0.15
11,Zprime_2500GeV_030,0.8522391271700985,2500.0,0.3
12,Zprime_2500GeV_045,0.8299119580596257,2500.0,0.45
13,Zprime_2500GeV_060,0.79679648977535,2500.0,0.6
14,Zprime_2500GeV_075,0.7474106044078558,2500.0,0.75
15,Zprime_3000GeV_015,0.8797571754118634,3000.0,0.15
16,Zprime_3000GeV_030,0.8546559118912718,3000.0,0.3
17,Zprime_3000GeV_045,0.8312657093209177,3000.0,0.45
18,Zprime_3000GeV_060,0.7887197463017619,3000.0,0.6
19,Zprime_3000GeV_075,0.7462256878605239,3000.0,0.75
20,Zprime_3500GeV_015,0.8795814683640248,3500.0,0.15
21,Zprime_3500GeV_030,0.8607621453688827,3500.0,0.3
22,Zprime_3500GeV_045,0.8281553055161487,3500.0,0.45
23,Zprime_3500GeV_060,0.7946478707360456,3500.0,0.6
24,Zprime_3500GeV_075,0.7471277423236425,3500.0,0.75
25,Zprime_4000GeV_015,0.8822101162301415,4000.0,0.15
26,Zprime_4000GeV_030,0.8656803611479574,4000.0,0.3
27,Zprime_4000GeV_045,0.829692761162401,4000.0,0.45
28,Zprime_4000GeV_060,0.7931706769597069,4000.0,0.6
29,Zprime_4000GeV_075,0.736068174722237,4000.0,0.75
