,name,auc,mass,nu
0,Zprime_1500GeV_015,0.8707824059671319,1500.0,0.15
1,Zprime_1500GeV_030,0.8613759163388085,1500.0,0.3
2,Zprime_1500GeV_045,0.8289793986051814,1500.0,0.45
3,Zprime_1500GeV_060,0.8039108207228073,1500.0,0.6
4,Zprime_1500GeV_075,0.7482215725785635,1500.0,0.75
5,Zprime_2000GeV_015,0.8898362693194505,2000.0,0.15
6,Zprime_2000GeV_030,0.8724826023681728,2000.0,0.3
7,Zprime_2000GeV_045,0.8459724520703636,2000.0,0.45
8,Zprime_2000GeV_060,0.8116202870344251,2000.0,0.6
9,Zprime_2000GeV_075,0.7749965479703381,2000.0,0.75
10,Zprime_2500GeV_015,0.8926210765333072,2500.0,0.15
11,Zprime_2500GeV_030,0.8753411909888771,2500.0,0.3
12,Zprime_2500GeV_045,0.8503121524229934,2500.0,0.45
13,Zprime_2500GeV_060,0.8187510769416144,2500.0,0.6
14,Zprime_2500GeV_075,0.7655324513654862,2500.0,0.75
15,Zprime_3000GeV_015,0.8967216810558559,3000.0,0.15
16,Zprime_3000GeV_030,0.8736645673719312,3000.0,0.3
17,Zprime_3000GeV_045,0.8495794790508968,3000.0,0.45
18,Zprime_3000GeV_060,0.8114130909016476,3000.0,0.6
19,Zprime_3000GeV_075,0.7649944892059288,3000.0,0.75
20,Zprime_3500GeV_015,0.896661870474875,3500.0,0.15
21,Zprime_3500GeV_030,0.8787971047187847,3500.0,0.3
22,Zprime_3500GeV_045,0.8458698378133724,3500.0,0.45
23,Zprime_3500GeV_060,0.8159322465880741,3500.0,0.6
24,Zprime_3500GeV_075,0.7659574442940329,3500.0,0.75
25,Zprime_4000GeV_015,0.897039457232945,4000.0,0.15
26,Zprime_4000GeV_030,0.8864005454005106,4000.0,0.3
27,Zprime_4000GeV_045,0.8506674375983139,4000.0,0.45
28,Zprime_4000GeV_060,0.8146549169237256,4000.0,0.6
29,Zprime_4000GeV_075,0.7610630126012605,4000.0,0.75
