,name,auc,mass,nu
0,Zprime_1500GeV_015,0.8524733113041236,1500.0,0.15
1,Zprime_1500GeV_030,0.8469414996200965,1500.0,0.3
2,Zprime_1500GeV_045,0.8219916888961953,1500.0,0.45
3,Zprime_1500GeV_060,0.7940923752157809,1500.0,0.6
4,Zprime_1500GeV_075,0.7615193848030823,1500.0,0.75
5,Zprime_2000GeV_015,0.867068537164818,2000.0,0.15
6,Zprime_2000GeV_030,0.8520686937929245,2000.0,0.3
7,Zprime_2000GeV_045,0.8296213547796149,2000.0,0.45
8,Zprime_2000GeV_060,0.8020641974655726,2000.0,0.6
9,Zprime_2000GeV_075,0.7701798672915589,2000.0,0.75
10,Zprime_2500GeV_015,0.8591330417627583,2500.0,0.15
11,Zprime_2500GeV_030,0.8451886179921136,2500.0,0.3
12,Zprime_2500GeV_045,0.8271041019255034,2500.0,0.45
13,Zprime_2500GeV_060,0.8015567697485565,2500.0,0.6
14,Zprime_2500GeV_075,0.7562030782085247,2500.0,0.75
15,Zprime_3000GeV_015,0.8615775870696718,3000.0,0.15
16,Zprime_3000GeV_030,0.8406620009111351,3000.0,0.3
17,Zprime_3000GeV_045,0.8218944729742466,3000.0,0.45
18,Zprime_3000GeV_060,0.7906471996083578,3000.0,0.6
19,Zprime_3000GeV_075,0.7594333624815849,3000.0,0.75
20,Zprime_3500GeV_015,0.8559435361979808,3500.0,0.15
21,Zprime_3500GeV_030,0.8428208717286293,3500.0,0.3
22,Zprime_3500GeV_045,0.8168987989114279,3500.0,0.45
23,Zprime_3500GeV_060,0.7910290197510526,3500.0,0.6
24,Zprime_3500GeV_075,0.7571517007241237,3500.0,0.75
25,Zprime_4000GeV_015,0.8565191288972367,4000.0,0.15
26,Zprime_4000GeV_030,0.8447154650544493,4000.0,0.3
27,Zprime_4000GeV_045,0.8160835250293526,4000.0,0.45
28,Zprime_4000GeV_060,0.7862737993146951,4000.0,0.6
29,Zprime_4000GeV_075,0.7438804027772588,4000.0,0.75
