,name,auc,mass,nu
0,Zprime_1500GeV_015,0.838253703999544,1500.0,0.15
1,Zprime_1500GeV_030,0.8285024432179039,1500.0,0.3
2,Zprime_1500GeV_045,0.8099527120793671,1500.0,0.45
3,Zprime_1500GeV_060,0.783571045279318,1500.0,0.6
4,Zprime_1500GeV_075,0.7475833702385627,1500.0,0.75
5,Zprime_2000GeV_015,0.8475522314184911,2000.0,0.15
6,Zprime_2000GeV_030,0.8346439595675229,2000.0,0.3
7,Zprime_2000GeV_045,0.8137180216345336,2000.0,0.45
8,Zprime_2000GeV_060,0.7897354720680242,2000.0,0.6
9,Zprime_2000GeV_075,0.7632253081508789,2000.0,0.75
10,Zprime_2500GeV_015,0.8392428569779222,2500.0,0.15
11,Zprime_2500GeV_030,0.8248513627495793,2500.0,0.3
12,Zprime_2500GeV_045,0.8060493365424619,2500.0,0.45
13,Zprime_2500GeV_060,0.7866017453013007,2500.0,0.6
14,Zprime_2500GeV_075,0.7499573301238325,2500.0,0.75
15,Zprime_3000GeV_015,0.8392958186547739,3000.0,0.15
16,Zprime_3000GeV_030,0.8205165125416705,3000.0,0.3
17,Zprime_3000GeV_045,0.800304604513331,3000.0,0.45
18,Zprime_3000GeV_060,0.7754765087675926,3000.0,0.6
19,Zprime_3000GeV_075,0.7531695107476135,3000.0,0.75
20,Zprime_3500GeV_015,0.8340711415803098,3500.0,0.15
21,Zprime_3500GeV_030,0.8189362224817287,3500.0,0.3
22,Zprime_3500GeV_045,0.7931998678471892,3500.0,0.45
23,Zprime_3500GeV_060,0.7715535290225517,3500.0,0.6
24,Zprime_3500GeV_075,0.7439533724403189,3500.0,0.75
25,Zprime_4000GeV_015,0.8368829938113952,4000.0,0.15
26,Zprime_4000GeV_030,0.8233617726795245,4000.0,0.3
27,Zprime_4000GeV_045,0.795031024666212,4000.0,0.45
28,Zprime_4000GeV_060,0.7672957119619934,4000.0,0.6
29,Zprime_4000GeV_075,0.7349579668603677,4000.0,0.75
