,name,auc,mass,nu
0,Zprime_1500GeV_015,0.863501228983265,1500.0,0.15
1,Zprime_1500GeV_030,0.8461294493354595,1500.0,0.3
2,Zprime_1500GeV_045,0.8251988138540944,1500.0,0.45
3,Zprime_1500GeV_060,0.7988102329538264,1500.0,0.6
4,Zprime_1500GeV_075,0.7552364962440383,1500.0,0.75
5,Zprime_2000GeV_015,0.871962458788655,2000.0,0.15
6,Zprime_2000GeV_030,0.8587099248248085,2000.0,0.3
7,Zprime_2000GeV_045,0.8322790933553303,2000.0,0.45
8,Zprime_2000GeV_060,0.8048082702680404,2000.0,0.6
9,Zprime_2000GeV_075,0.7747645616040193,2000.0,0.75
10,Zprime_2500GeV_015,0.865867313019124,2500.0,0.15
11,Zprime_2500GeV_030,0.8497832418842914,2500.0,0.3
12,Zprime_2500GeV_045,0.830241922921759,2500.0,0.45
13,Zprime_2500GeV_060,0.8065407483456979,2500.0,0.6
14,Zprime_2500GeV_075,0.7619624479619217,2500.0,0.75
15,Zprime_3000GeV_015,0.8617299279619531,3000.0,0.15
16,Zprime_3000GeV_030,0.842788281641197,3000.0,0.3
17,Zprime_3000GeV_045,0.8221105229396599,3000.0,0.45
18,Zprime_3000GeV_060,0.7952636219521606,3000.0,0.6
19,Zprime_3000GeV_075,0.7621264562630077,3000.0,0.75
20,Zprime_3500GeV_015,0.8568598323051536,3500.0,0.15
21,Zprime_3500GeV_030,0.8406655593582131,3500.0,0.3
22,Zprime_3500GeV_045,0.817256343905893,3500.0,0.45
23,Zprime_3500GeV_060,0.7970239851201892,3500.0,0.6
24,Zprime_3500GeV_075,0.759979372139496,3500.0,0.75
25,Zprime_4000GeV_015,0.8587993025972995,4000.0,0.15
26,Zprime_4000GeV_030,0.8464527347047107,4000.0,0.3
27,Zprime_4000GeV_045,0.8184887895335486,4000.0,0.45
28,Zprime_4000GeV_060,0.7907393972832849,4000.0,0.6
29,Zprime_4000GeV_075,0.7531845945755605,4000.0,0.75
