,name,auc,mass,nu
0,Zprime_1500GeV_015,0.8400453289760714,1500.0,0.15
1,Zprime_1500GeV_030,0.8293081529716483,1500.0,0.3
2,Zprime_1500GeV_045,0.8044216034230125,1500.0,0.45
3,Zprime_1500GeV_060,0.7812869538483961,1500.0,0.6
4,Zprime_1500GeV_075,0.737352180254907,1500.0,0.75
5,Zprime_2000GeV_015,0.8537364083082281,2000.0,0.15
6,Zprime_2000GeV_030,0.8375140489154937,2000.0,0.3
7,Zprime_2000GeV_045,0.8138525648010129,2000.0,0.45
8,Zprime_2000GeV_060,0.7825855385230845,2000.0,0.6
9,Zprime_2000GeV_075,0.7556922450504966,2000.0,0.75
10,Zprime_2500GeV_015,0.8555790668707324,2500.0,0.15
11,Zprime_2500GeV_030,0.8382162411244927,2500.0,0.3
12,Zprime_2500GeV_045,0.8153480339411944,2500.0,0.45
13,Zprime_2500GeV_060,0.7855973798314844,2500.0,0.6
14,Zprime_2500GeV_075,0.7436282067675305,2500.0,0.75
15,Zprime_3000GeV_015,0.8692728304833894,3000.0,0.15
16,Zprime_3000GeV_030,0.8434866173097058,3000.0,0.3
17,Zprime_3000GeV_045,0.8171163240529694,3000.0,0.45
18,Zprime_3000GeV_060,0.7835789148808274,3000.0,0.6
19,Zprime_3000GeV_075,0.7459623562270374,3000.0,0.75
20,Zprime_3500GeV_015,0.873358274407022,3500.0,0.15
21,Zprime_3500GeV_030,0.8535418953035739,3500.0,0.3
22,Zprime_3500GeV_045,0.8191680830280312,3500.0,0.45
23,Zprime_3500GeV_060,0.7855458628738881,3500.0,0.6
24,Zprime_3500GeV_075,0.7447760695330798,3500.0,0.75
25,Zprime_4000GeV_015,0.8787379758777951,4000.0,0.15
26,Zprime_4000GeV_030,0.8643289370508274,4000.0,0.3
27,Zprime_4000GeV_045,0.8262795837461344,4000.0,0.45
28,Zprime_4000GeV_060,0.7895079790023317,4000.0,0.6
29,Zprime_4000GeV_075,0.7389208649153554,4000.0,0.75
