,name,auc,mass,nu
0,Zprime_1500GeV_015,0.8630835101368931,1500.0,0.15
1,Zprime_1500GeV_030,0.8568925005257357,1500.0,0.3
2,Zprime_1500GeV_045,0.8380351106304094,1500.0,0.45
3,Zprime_1500GeV_060,0.8126151936007063,1500.0,0.6
4,Zprime_1500GeV_075,0.7832740756739982,1500.0,0.75
5,Zprime_2000GeV_015,0.8770560214073295,2000.0,0.15
6,Zprime_2000GeV_030,0.8651559520288234,2000.0,0.3
7,Zprime_2000GeV_045,0.839831993606276,2000.0,0.45
8,Zprime_2000GeV_060,0.8118119717182526,2000.0,0.6
9,Zprime_2000GeV_075,0.7826117979358177,2000.0,0.75
10,Zprime_2500GeV_015,0.8701217491155709,2500.0,0.15
11,Zprime_2500GeV_030,0.8553513208285021,2500.0,0.3
12,Zprime_2500GeV_045,0.8364041915367036,2500.0,0.45
13,Zprime_2500GeV_060,0.8116250610191214,2500.0,0.6
14,Zprime_2500GeV_075,0.7729533789163312,2500.0,0.75
15,Zprime_3000GeV_015,0.8745392854724028,3000.0,0.15
16,Zprime_3000GeV_030,0.8524163716068601,3000.0,0.3
17,Zprime_3000GeV_045,0.8336627257875452,3000.0,0.45
18,Zprime_3000GeV_060,0.8001714210712955,3000.0,0.6
19,Zprime_3000GeV_075,0.7678942782427063,3000.0,0.75
20,Zprime_3500GeV_015,0.8699494654420042,3500.0,0.15
21,Zprime_3500GeV_030,0.8581862837291216,3500.0,0.3
22,Zprime_3500GeV_045,0.8298180027257074,3500.0,0.45
23,Zprime_3500GeV_060,0.8028843393072704,3500.0,0.6
24,Zprime_3500GeV_075,0.7661978877930338,3500.0,0.75
25,Zprime_4000GeV_015,0.8708035557542403,4000.0,0.15
26,Zprime_4000GeV_030,0.8599509169047678,4000.0,0.3
27,Zprime_4000GeV_045,0.828234289871059,4000.0,0.45
28,Zprime_4000GeV_060,0.7991874776134277,4000.0,0.6
29,Zprime_4000GeV_075,0.7545202803143864,4000.0,0.75
