,name,auc,mass,nu
0,Zprime_1500GeV_015,0.8770125710367274,1500.0,0.15
1,Zprime_1500GeV_030,0.8667772560929861,1500.0,0.3
2,Zprime_1500GeV_045,0.8502924018993357,1500.0,0.45
3,Zprime_1500GeV_060,0.8284075908284495,1500.0,0.6
4,Zprime_1500GeV_075,0.8056461094074708,1500.0,0.75
5,Zprime_2000GeV_015,0.8808087548643053,2000.0,0.15
6,Zprime_2000GeV_030,0.8718699652879378,2000.0,0.3
7,Zprime_2000GeV_045,0.8488324189798375,2000.0,0.45
8,Zprime_2000GeV_060,0.8267328893735306,2000.0,0.6
9,Zprime_2000GeV_075,0.8027978077095722,2000.0,0.75
10,Zprime_2500GeV_015,0.8724023952948465,2500.0,0.15
11,Zprime_2500GeV_030,0.8582902821723937,2500.0,0.3
12,Zprime_2500GeV_045,0.8427496753124112,2500.0,0.45
13,Zprime_2500GeV_060,0.8218212008388643,2500.0,0.6
14,Zprime_2500GeV_075,0.7895285021360139,2500.0,0.75
15,Zprime_3000GeV_015,0.8719510651634621,3000.0,0.15
16,Zprime_3000GeV_030,0.8517994977682695,3000.0,0.3
17,Zprime_3000GeV_045,0.8357867470191681,3000.0,0.45
18,Zprime_3000GeV_060,0.8089447431574781,3000.0,0.6
19,Zprime_3000GeV_075,0.7801038918636569,3000.0,0.75
20,Zprime_3500GeV_015,0.8654147856305295,3500.0,0.15
21,Zprime_3500GeV_030,0.8533664761374915,3500.0,0.3
22,Zprime_3500GeV_045,0.8295642554172219,3500.0,0.45
23,Zprime_3500GeV_060,0.8080210471868239,3500.0,0.6
24,Zprime_3500GeV_075,0.7780018801435356,3500.0,0.75
25,Zprime_4000GeV_015,0.8648141700375322,4000.0,0.15
26,Zprime_4000GeV_030,0.8550658727391747,4000.0,0.3
27,Zprime_4000GeV_045,0.8264593422052762,4000.0,0.45
28,Zprime_4000GeV_060,0.801407834753743,4000.0,0.6
29,Zprime_4000GeV_075,0.7628913886123542,4000.0,0.75
