,name,auc,mass,nu
0,Zprime_1500GeV_015,0.8069843478634564,1500.0,0.15
1,Zprime_1500GeV_030,0.7942634443031915,1500.0,0.3
2,Zprime_1500GeV_045,0.7744835869371964,1500.0,0.45
3,Zprime_1500GeV_060,0.7507778027146074,1500.0,0.6
4,Zprime_1500GeV_075,0.7171457649121544,1500.0,0.75
5,Zprime_2000GeV_015,0.813945268130172,2000.0,0.15
6,Zprime_2000GeV_030,0.7984198636274912,2000.0,0.3
7,Zprime_2000GeV_045,0.7756905189614496,2000.0,0.45
8,Zprime_2000GeV_060,0.7512188448582214,2000.0,0.6
9,Zprime_2000GeV_075,0.7265610812509412,2000.0,0.75
10,Zprime_2500GeV_015,0.8132703351955173,2500.0,0.15
11,Zprime_2500GeV_030,0.7940784650288851,2500.0,0.3
12,Zprime_2500GeV_045,0.7744209854016804,2500.0,0.45
13,Zprime_2500GeV_060,0.7471213255260836,2500.0,0.6
14,Zprime_2500GeV_075,0.7129800720094637,2500.0,0.75
15,Zprime_3000GeV_015,0.825332088880736,3000.0,0.15
16,Zprime_3000GeV_030,0.798230872560293,3000.0,0.3
17,Zprime_3000GeV_045,0.7726656630163298,3000.0,0.45
18,Zprime_3000GeV_060,0.741407725853561,3000.0,0.6
19,Zprime_3000GeV_075,0.7123311740484797,3000.0,0.75
20,Zprime_3500GeV_015,0.827028125519129,3500.0,0.15
21,Zprime_3500GeV_030,0.8043178649534795,3500.0,0.3
22,Zprime_3500GeV_045,0.7722056467057077,3500.0,0.45
23,Zprime_3500GeV_060,0.7410618392580771,3500.0,0.6
24,Zprime_3500GeV_075,0.7071902275510863,3500.0,0.75
25,Zprime_4000GeV_015,0.8354926891243475,4000.0,0.15
26,Zprime_4000GeV_030,0.8135804867127949,4000.0,0.3
27,Zprime_4000GeV_045,0.777617812702047,4000.0,0.45
28,Zprime_4000GeV_060,0.743089276750148,4000.0,0.6
29,Zprime_4000GeV_075,0.7009034917062853,4000.0,0.75
