,name,auc,mass,nu
0,Zprime_1500GeV_015,0.8856263143487882,1500.0,0.15
1,Zprime_1500GeV_030,0.8769645078215732,1500.0,0.3
2,Zprime_1500GeV_045,0.8546866940526114,1500.0,0.45
3,Zprime_1500GeV_060,0.82456395941089,1500.0,0.6
4,Zprime_1500GeV_075,0.7809214196276659,1500.0,0.75
5,Zprime_2000GeV_015,0.9040170575417004,2000.0,0.15
6,Zprime_2000GeV_030,0.8916819719267968,2000.0,0.3
7,Zprime_2000GeV_045,0.8674324626771305,2000.0,0.45
8,Zprime_2000GeV_060,0.8380392034787311,2000.0,0.6
9,Zprime_2000GeV_075,0.8060158110664953,2000.0,0.75
10,Zprime_2500GeV_015,0.9068035424189245,2500.0,0.15
11,Zprime_2500GeV_030,0.8905981467596575,2500.0,0.3
12,Zprime_2500GeV_045,0.8704643701045016,2500.0,0.45
13,Zprime_2500GeV_060,0.8420977757971622,2500.0,0.6
14,Zprime_2500GeV_075,0.7952869641638343,2500.0,0.75
15,Zprime_3000GeV_015,0.9124436470211725,3000.0,0.15
16,Zprime_3000GeV_030,0.8910329066795184,3000.0,0.3
17,Zprime_3000GeV_045,0.8694471558764711,3000.0,0.45
18,Zprime_3000GeV_060,0.8370717692683003,3000.0,0.6
19,Zprime_3000GeV_075,0.7943856067998022,3000.0,0.75
20,Zprime_3500GeV_015,0.9136540145746586,3500.0,0.15
21,Zprime_3500GeV_030,0.8989066688668368,3500.0,0.3
22,Zprime_3500GeV_045,0.8679938654284296,3500.0,0.45
23,Zprime_3500GeV_060,0.8401454881504136,3500.0,0.6
24,Zprime_3500GeV_075,0.7952406261415157,3500.0,0.75
25,Zprime_4000GeV_015,0.9164418160087747,4000.0,0.15
26,Zprime_4000GeV_030,0.905819505766631,4000.0,0.3
27,Zprime_4000GeV_045,0.8732635711901457,4000.0,0.45
28,Zprime_4000GeV_060,0.8390601229667207,4000.0,0.6
29,Zprime_4000GeV_075,0.7887760008487923,4000.0,0.75
