,name,auc,mass,nu
0,Zprime_1500GeV_015,0.8325244044966493,1500.0,0.15
1,Zprime_1500GeV_030,0.8166075412160927,1500.0,0.3
2,Zprime_1500GeV_045,0.796225092742461,1500.0,0.45
3,Zprime_1500GeV_060,0.7648801188861558,1500.0,0.6
4,Zprime_1500GeV_075,0.7313865789982597,1500.0,0.75
5,Zprime_2000GeV_015,0.8502926438713404,2000.0,0.15
6,Zprime_2000GeV_030,0.8356905592909248,2000.0,0.3
7,Zprime_2000GeV_045,0.8127705814154919,2000.0,0.45
8,Zprime_2000GeV_060,0.7840922381566159,2000.0,0.6
9,Zprime_2000GeV_075,0.7565107364695625,2000.0,0.75
10,Zprime_2500GeV_015,0.8424538509949767,2500.0,0.15
11,Zprime_2500GeV_030,0.8259130295795505,2500.0,0.3
12,Zprime_2500GeV_045,0.8082448030678688,2500.0,0.45
13,Zprime_2500GeV_060,0.7809763291957701,2500.0,0.6
14,Zprime_2500GeV_075,0.7475471696886206,2500.0,0.75
15,Zprime_3000GeV_015,0.8386913445719618,3000.0,0.15
16,Zprime_3000GeV_030,0.8171920355119566,3000.0,0.3
17,Zprime_3000GeV_045,0.7972033952741767,3000.0,0.45
18,Zprime_3000GeV_060,0.769125607023833,3000.0,0.6
19,Zprime_3000GeV_075,0.7456921595780199,3000.0,0.75
20,Zprime_3500GeV_015,0.8284106882970972,3500.0,0.15
21,Zprime_3500GeV_030,0.8126852291834366,3500.0,0.3
22,Zprime_3500GeV_045,0.789616243904513,3500.0,0.45
23,Zprime_3500GeV_060,0.7698790178459225,3500.0,0.6
24,Zprime_3500GeV_075,0.7391552676250027,3500.0,0.75
25,Zprime_4000GeV_015,0.8286672173961436,4000.0,0.15
26,Zprime_4000GeV_030,0.8156704156804425,4000.0,0.3
27,Zprime_4000GeV_045,0.7857572155694222,4000.0,0.45
28,Zprime_4000GeV_060,0.761490175184406,4000.0,0.6
29,Zprime_4000GeV_075,0.7277936341078062,4000.0,0.75
