,name,auc,mass,nu
0,Zprime_1500GeV_015,0.8851575630350235,1500.0,0.15
1,Zprime_1500GeV_030,0.8762077390406565,1500.0,0.3
2,Zprime_1500GeV_045,0.8581041717937069,1500.0,0.45
3,Zprime_1500GeV_060,0.8395348426080015,1500.0,0.6
4,Zprime_1500GeV_075,0.8183113701872162,1500.0,0.75
5,Zprime_2000GeV_015,0.8838086675705026,2000.0,0.15
6,Zprime_2000GeV_030,0.8743115534331715,2000.0,0.3
7,Zprime_2000GeV_045,0.8546359538208225,2000.0,0.45
8,Zprime_2000GeV_060,0.8336455740712212,2000.0,0.6
9,Zprime_2000GeV_075,0.8145725834228413,2000.0,0.75
10,Zprime_2500GeV_015,0.8690472034889369,2500.0,0.15
11,Zprime_2500GeV_030,0.8574599070085416,2500.0,0.3
12,Zprime_2500GeV_045,0.8434521962309289,2500.0,0.45
13,Zprime_2500GeV_060,0.8255494337185723,2500.0,0.6
14,Zprime_2500GeV_075,0.7971859667143264,2500.0,0.75
15,Zprime_3000GeV_015,0.8609243005771225,3000.0,0.15
16,Zprime_3000GeV_030,0.8453234435205352,3000.0,0.3
17,Zprime_3000GeV_045,0.8303964021966389,3000.0,0.45
18,Zprime_3000GeV_060,0.809078008410335,3000.0,0.6
19,Zprime_3000GeV_075,0.7861623328341732,3000.0,0.75
20,Zprime_3500GeV_015,0.8486653115027002,3500.0,0.15
21,Zprime_3500GeV_030,0.8411132172653608,3500.0,0.3
22,Zprime_3500GeV_045,0.8205915303840805,3500.0,0.45
23,Zprime_3500GeV_060,0.8037345176217813,3500.0,0.6
24,Zprime_3500GeV_075,0.7790805775800941,3500.0,0.75
25,Zprime_4000GeV_015,0.8467321381312423,4000.0,0.15
26,Zprime_4000GeV_030,0.8370931853611192,4000.0,0.3
27,Zprime_4000GeV_045,0.8157149989185171,4000.0,0.45
28,Zprime_4000GeV_060,0.7938658841924426,4000.0,0.6
29,Zprime_4000GeV_075,0.7644565236263775,4000.0,0.75
