,name,auc,mass,nu
0,Zprime_1500GeV_015,0.8763832484582823,1500.0,0.15
1,Zprime_1500GeV_030,0.8672743272960912,1500.0,0.3
2,Zprime_1500GeV_045,0.8485347948541482,1500.0,0.45
3,Zprime_1500GeV_060,0.828052833883848,1500.0,0.6
4,Zprime_1500GeV_075,0.7986196746591255,1500.0,0.75
5,Zprime_2000GeV_015,0.8845705458223307,2000.0,0.15
6,Zprime_2000GeV_030,0.8738276783445745,2000.0,0.3
7,Zprime_2000GeV_045,0.851140588719291,2000.0,0.45
8,Zprime_2000GeV_060,0.8272919464567106,2000.0,0.6
9,Zprime_2000GeV_075,0.800912836319033,2000.0,0.75
10,Zprime_2500GeV_015,0.8757721466877563,2500.0,0.15
11,Zprime_2500GeV_030,0.8617345318280505,2500.0,0.3
12,Zprime_2500GeV_045,0.8449205863620654,2500.0,0.45
13,Zprime_2500GeV_060,0.8226867512144412,2500.0,0.6
14,Zprime_2500GeV_075,0.7871689846590855,2500.0,0.75
15,Zprime_3000GeV_015,0.8722199209479726,3000.0,0.15
16,Zprime_3000GeV_030,0.854314586420839,3000.0,0.3
17,Zprime_3000GeV_045,0.8364111417660258,3000.0,0.45
18,Zprime_3000GeV_060,0.809218525039098,3000.0,0.6
19,Zprime_3000GeV_075,0.7802735959111103,3000.0,0.75
20,Zprime_3500GeV_015,0.8647909179767947,3500.0,0.15
21,Zprime_3500GeV_030,0.8527181876095087,3500.0,0.3
22,Zprime_3500GeV_045,0.8288177527259772,3500.0,0.45
23,Zprime_3500GeV_060,0.8071838904464915,3500.0,0.6
24,Zprime_3500GeV_075,0.7762842884462493,3500.0,0.75
25,Zprime_4000GeV_015,0.8623565230057847,4000.0,0.15
26,Zprime_4000GeV_030,0.8515410008234803,4000.0,0.3
27,Zprime_4000GeV_045,0.824904056277281,4000.0,0.45
28,Zprime_4000GeV_060,0.7996534067501118,4000.0,0.6
29,Zprime_4000GeV_075,0.7620647525196014,4000.0,0.75
