,name,auc,mass,nu
0,Zprime_1500GeV_015,0.9046478783105707,1500.0,0.15
1,Zprime_1500GeV_030,0.9012317670108518,1500.0,0.3
2,Zprime_1500GeV_045,0.8831799147189954,1500.0,0.45
3,Zprime_1500GeV_060,0.863390657140079,1500.0,0.6
4,Zprime_1500GeV_075,0.8335345331090835,1500.0,0.75
5,Zprime_2000GeV_015,0.9155731300697938,2000.0,0.15
6,Zprime_2000GeV_030,0.9049419994172985,2000.0,0.3
7,Zprime_2000GeV_045,0.8833552105028669,2000.0,0.45
8,Zprime_2000GeV_060,0.8587729061732762,2000.0,0.6
9,Zprime_2000GeV_075,0.8358662799305476,2000.0,0.75
10,Zprime_2500GeV_015,0.9152561681536237,2500.0,0.15
11,Zprime_2500GeV_030,0.9002106512631767,2500.0,0.3
12,Zprime_2500GeV_045,0.881536052707798,2500.0,0.45
13,Zprime_2500GeV_060,0.862757583903699,2500.0,0.6
14,Zprime_2500GeV_075,0.8237097893488673,2500.0,0.75
15,Zprime_3000GeV_015,0.919723325324965,3000.0,0.15
16,Zprime_3000GeV_030,0.9018102543776638,3000.0,0.3
17,Zprime_3000GeV_045,0.8828511359279664,3000.0,0.45
18,Zprime_3000GeV_060,0.8543928447205884,3000.0,0.6
19,Zprime_3000GeV_075,0.8211057260317374,3000.0,0.75
20,Zprime_3500GeV_015,0.9167587831509798,3500.0,0.15
21,Zprime_3500GeV_030,0.907070915058182,3500.0,0.3
22,Zprime_3500GeV_045,0.8826021854834333,3500.0,0.45
23,Zprime_3500GeV_060,0.8556357840924418,3500.0,0.6
24,Zprime_3500GeV_075,0.8175391714476031,3500.0,0.75
25,Zprime_4000GeV_015,0.9193856599644801,4000.0,0.15
26,Zprime_4000GeV_030,0.9111561815941742,4000.0,0.3
27,Zprime_4000GeV_045,0.8831657144952848,4000.0,0.45
28,Zprime_4000GeV_060,0.8512312672379914,4000.0,0.6
29,Zprime_4000GeV_075,0.8092948360201306,4000.0,0.75
