,name,auc,mass,nu
0,Zprime_1500GeV_015,0.8555038457693734,1500.0,0.15
1,Zprime_1500GeV_030,0.8448828084958888,1500.0,0.3
2,Zprime_1500GeV_045,0.8238806360242347,1500.0,0.45
3,Zprime_1500GeV_060,0.8004187662650831,1500.0,0.6
4,Zprime_1500GeV_075,0.7673394580665903,1500.0,0.75
5,Zprime_2000GeV_015,0.8622925111647086,2000.0,0.15
6,Zprime_2000GeV_030,0.8506704370403355,2000.0,0.3
7,Zprime_2000GeV_045,0.827303791453243,2000.0,0.45
8,Zprime_2000GeV_060,0.8009407835189554,2000.0,0.6
9,Zprime_2000GeV_075,0.7719570165868779,2000.0,0.75
10,Zprime_2500GeV_015,0.8559625996155367,2500.0,0.15
11,Zprime_2500GeV_030,0.8410269863811071,2500.0,0.3
12,Zprime_2500GeV_045,0.8234110876116154,2500.0,0.45
13,Zprime_2500GeV_060,0.7986445597397273,2500.0,0.6
14,Zprime_2500GeV_075,0.7560086894537219,2500.0,0.75
15,Zprime_3000GeV_015,0.8547988048941102,3000.0,0.15
16,Zprime_3000GeV_030,0.8346580201846977,3000.0,0.3
17,Zprime_3000GeV_045,0.8160328898641918,3000.0,0.45
18,Zprime_3000GeV_060,0.7859383707259384,3000.0,0.6
19,Zprime_3000GeV_075,0.7537715164806356,3000.0,0.75
20,Zprime_3500GeV_015,0.8483458859083787,3500.0,0.15
21,Zprime_3500GeV_030,0.835608990348552,3500.0,0.3
22,Zprime_3500GeV_045,0.8094069345037531,3500.0,0.45
23,Zprime_3500GeV_060,0.7846265107414874,3500.0,0.6
24,Zprime_3500GeV_075,0.7511456305464235,3500.0,0.75
25,Zprime_4000GeV_015,0.8483369051801807,4000.0,0.15
26,Zprime_4000GeV_030,0.8368853008789539,4000.0,0.3
27,Zprime_4000GeV_045,0.8091056319318842,4000.0,0.45
28,Zprime_4000GeV_060,0.7769617617760304,4000.0,0.6
29,Zprime_4000GeV_075,0.7386686044860524,4000.0,0.75
