,name,auc,mass,nu
0,Zprime_1500GeV_015,0.8815511908198547,1500.0,0.15
1,Zprime_1500GeV_030,0.8727464696452368,1500.0,0.3
2,Zprime_1500GeV_045,0.8529843794252466,1500.0,0.45
3,Zprime_1500GeV_060,0.8290583019485005,1500.0,0.6
4,Zprime_1500GeV_075,0.8011662750107925,1500.0,0.75
5,Zprime_2000GeV_015,0.8938031585591095,2000.0,0.15
6,Zprime_2000GeV_030,0.8812495369509198,2000.0,0.3
7,Zprime_2000GeV_045,0.8572005266493589,2000.0,0.45
8,Zprime_2000GeV_060,0.8299566620232225,2000.0,0.6
9,Zprime_2000GeV_075,0.8031724084595625,2000.0,0.75
10,Zprime_2500GeV_015,0.8956611964712311,2500.0,0.15
11,Zprime_2500GeV_030,0.8783384038668983,2500.0,0.3
12,Zprime_2500GeV_045,0.8574368969191704,2500.0,0.45
13,Zprime_2500GeV_060,0.8318461201141188,2500.0,0.6
14,Zprime_2500GeV_075,0.7902660901335731,2500.0,0.75
15,Zprime_3000GeV_015,0.9007204563261106,3000.0,0.15
16,Zprime_3000GeV_030,0.878233649961278,3000.0,0.3
17,Zprime_3000GeV_045,0.858024510249421,3000.0,0.45
18,Zprime_3000GeV_060,0.823786824196624,3000.0,0.6
19,Zprime_3000GeV_075,0.785660042531146,3000.0,0.75
20,Zprime_3500GeV_015,0.8964137596904885,3500.0,0.15
21,Zprime_3500GeV_030,0.8841258281502643,3500.0,0.3
22,Zprime_3500GeV_045,0.8548388803627612,3500.0,0.45
23,Zprime_3500GeV_060,0.823983836483401,3500.0,0.6
24,Zprime_3500GeV_075,0.7805713702486087,3500.0,0.75
25,Zprime_4000GeV_015,0.8976816988746137,4000.0,0.15
26,Zprime_4000GeV_030,0.8870889257200306,4000.0,0.3
27,Zprime_4000GeV_045,0.8542220730109522,4000.0,0.45
28,Zprime_4000GeV_060,0.8205639991984653,4000.0,0.6
29,Zprime_4000GeV_075,0.7721773816524021,4000.0,0.75
