,name,auc,mass,nu
0,Zprime_1500GeV_015,0.8734917979030211,1500.0,0.15
1,Zprime_1500GeV_030,0.8600694367389382,1500.0,0.3
2,Zprime_1500GeV_045,0.8353845886908501,1500.0,0.45
3,Zprime_1500GeV_060,0.8054521970676445,1500.0,0.6
4,Zprime_1500GeV_075,0.7558598388225153,1500.0,0.75
5,Zprime_2000GeV_015,0.883255875179387,2000.0,0.15
6,Zprime_2000GeV_030,0.8694938461598591,2000.0,0.3
7,Zprime_2000GeV_045,0.8435310702395002,2000.0,0.45
8,Zprime_2000GeV_060,0.8164045939276289,2000.0,0.6
9,Zprime_2000GeV_075,0.7830401624045094,2000.0,0.75
10,Zprime_2500GeV_015,0.8781126472765741,2500.0,0.15
11,Zprime_2500GeV_030,0.8615213912954607,2500.0,0.3
12,Zprime_2500GeV_045,0.841855670016435,2500.0,0.45
13,Zprime_2500GeV_060,0.8152238683183199,2500.0,0.6
14,Zprime_2500GeV_075,0.769161646605525,2500.0,0.75
15,Zprime_3000GeV_015,0.8739569666167808,3000.0,0.15
16,Zprime_3000GeV_030,0.8542501445106058,3000.0,0.3
17,Zprime_3000GeV_045,0.8324393686663684,3000.0,0.45
18,Zprime_3000GeV_060,0.8020733914908231,3000.0,0.6
19,Zprime_3000GeV_075,0.7703746213069617,3000.0,0.75
20,Zprime_3500GeV_015,0.8704705053923198,3500.0,0.15
21,Zprime_3500GeV_030,0.8542187610295723,3500.0,0.3
22,Zprime_3500GeV_045,0.8266132561454981,3500.0,0.45
23,Zprime_3500GeV_060,0.8036682894737588,3500.0,0.6
24,Zprime_3500GeV_075,0.7665009346999291,3500.0,0.75
25,Zprime_4000GeV_015,0.8741268764972054,4000.0,0.15
26,Zprime_4000GeV_030,0.8625846972507384,4000.0,0.3
27,Zprime_4000GeV_045,0.8297105668515588,4000.0,0.45
28,Zprime_4000GeV_060,0.7999565252274772,4000.0,0.6
29,Zprime_4000GeV_075,0.7588555979812366,4000.0,0.75
