,name,auc,mass,nu
0,Zprime_1500GeV_015,0.8810630541752266,1500.0,0.15
1,Zprime_1500GeV_030,0.8724106196495167,1500.0,0.3
2,Zprime_1500GeV_045,0.851957763401383,1500.0,0.45
3,Zprime_1500GeV_060,0.8311242679836762,1500.0,0.6
4,Zprime_1500GeV_075,0.7992750389772242,1500.0,0.75
5,Zprime_2000GeV_015,0.8897971112928991,2000.0,0.15
6,Zprime_2000GeV_030,0.8772048368359685,2000.0,0.3
7,Zprime_2000GeV_045,0.8533035096456355,2000.0,0.45
8,Zprime_2000GeV_060,0.8295940873196815,2000.0,0.6
9,Zprime_2000GeV_075,0.8026473735607439,2000.0,0.75
10,Zprime_2500GeV_015,0.882563288277237,2500.0,0.15
11,Zprime_2500GeV_030,0.8656482125826773,2500.0,0.3
12,Zprime_2500GeV_045,0.8488261731320752,2500.0,0.45
13,Zprime_2500GeV_060,0.8251540567023432,2500.0,0.6
14,Zprime_2500GeV_075,0.7882351693153421,2500.0,0.75
15,Zprime_3000GeV_015,0.8809548686890933,3000.0,0.15
16,Zprime_3000GeV_030,0.8607160815295871,3000.0,0.3
17,Zprime_3000GeV_045,0.8417349646109694,3000.0,0.45
18,Zprime_3000GeV_060,0.8116363496098347,3000.0,0.6
19,Zprime_3000GeV_075,0.7810364869530813,3000.0,0.75
20,Zprime_3500GeV_015,0.8739412811942348,3500.0,0.15
21,Zprime_3500GeV_030,0.8605046976290032,3500.0,0.3
22,Zprime_3500GeV_045,0.8356624578109182,3500.0,0.45
23,Zprime_3500GeV_060,0.8112590500764273,3500.0,0.6
24,Zprime_3500GeV_075,0.7776426652914761,3500.0,0.75
25,Zprime_4000GeV_015,0.871846156508464,4000.0,0.15
26,Zprime_4000GeV_030,0.8619791075575263,4000.0,0.3
27,Zprime_4000GeV_045,0.832517538034099,4000.0,0.45
28,Zprime_4000GeV_060,0.8039827247129718,4000.0,0.6
29,Zprime_4000GeV_075,0.7623484497012938,4000.0,0.75
