,name,auc,mass,nu
0,Zprime_1500GeV_015,0.8346594768109401,1500.0,0.15
1,Zprime_1500GeV_030,0.8171597618285247,1500.0,0.3
2,Zprime_1500GeV_045,0.8049575610102686,1500.0,0.45
3,Zprime_1500GeV_060,0.779233869446426,1500.0,0.6
4,Zprime_1500GeV_075,0.7402309276704945,1500.0,0.75
5,Zprime_2000GeV_015,0.83999607667791,2000.0,0.15
6,Zprime_2000GeV_030,0.8269852707170313,2000.0,0.3
7,Zprime_2000GeV_045,0.8080526238627151,2000.0,0.45
8,Zprime_2000GeV_060,0.7836567077937983,2000.0,0.6
9,Zprime_2000GeV_075,0.7622384764540753,2000.0,0.75
10,Zprime_2500GeV_015,0.8269938020206452,2500.0,0.15
11,Zprime_2500GeV_030,0.8136032585416609,2500.0,0.3
12,Zprime_2500GeV_045,0.7969516115804969,2500.0,0.45
13,Zprime_2500GeV_060,0.7761991597257303,2500.0,0.6
14,Zprime_2500GeV_075,0.7482097145224739,2500.0,0.75
15,Zprime_3000GeV_015,0.8214938173888504,3000.0,0.15
16,Zprime_3000GeV_030,0.8034278481014189,3000.0,0.3
17,Zprime_3000GeV_045,0.7849105779261217,3000.0,0.45
18,Zprime_3000GeV_060,0.762409917418227,3000.0,0.6
19,Zprime_3000GeV_075,0.7427389076136864,3000.0,0.75
20,Zprime_3500GeV_015,0.8146554624393575,3500.0,0.15
21,Zprime_3500GeV_030,0.7995469976579346,3500.0,0.3
22,Zprime_3500GeV_045,0.775847902113184,3500.0,0.45
23,Zprime_3500GeV_060,0.7585084158447095,3500.0,0.6
24,Zprime_3500GeV_075,0.7347476739938547,3500.0,0.75
25,Zprime_4000GeV_015,0.8218024481275109,4000.0,0.15
26,Zprime_4000GeV_030,0.8082748408195581,4000.0,0.3
27,Zprime_4000GeV_045,0.7800934491790916,4000.0,0.45
28,Zprime_4000GeV_060,0.7540174483805557,4000.0,0.6
29,Zprime_4000GeV_075,0.7241576030301239,4000.0,0.75
