,name,auc,mass,nu
0,Zprime_1500GeV_015,0.8681512560293049,1500.0,0.15
1,Zprime_1500GeV_030,0.8582018201550683,1500.0,0.3
2,Zprime_1500GeV_045,0.8358867778203498,1500.0,0.45
3,Zprime_1500GeV_060,0.8124951087522451,1500.0,0.6
4,Zprime_1500GeV_075,0.7793274485887134,1500.0,0.75
5,Zprime_2000GeV_015,0.8745632945806726,2000.0,0.15
6,Zprime_2000GeV_030,0.8620581035479208,2000.0,0.3
7,Zprime_2000GeV_045,0.8381435724191357,2000.0,0.45
8,Zprime_2000GeV_060,0.811644470768546,2000.0,0.6
9,Zprime_2000GeV_075,0.7849403426716288,2000.0,0.75
10,Zprime_2500GeV_015,0.8647003812882984,2500.0,0.15
11,Zprime_2500GeV_030,0.8507902024419338,2500.0,0.3
12,Zprime_2500GeV_045,0.8334317443670952,2500.0,0.45
13,Zprime_2500GeV_060,0.8093031476455248,2500.0,0.6
14,Zprime_2500GeV_075,0.7705829416361989,2500.0,0.75
15,Zprime_3000GeV_015,0.8642869396609519,3000.0,0.15
16,Zprime_3000GeV_030,0.8447716867458892,3000.0,0.3
17,Zprime_3000GeV_045,0.8266013942439554,3000.0,0.45
18,Zprime_3000GeV_060,0.7960315462984345,3000.0,0.6
19,Zprime_3000GeV_075,0.7633625584384447,3000.0,0.75
20,Zprime_3500GeV_015,0.8593490952817469,3500.0,0.15
21,Zprime_3500GeV_030,0.847042371025737,3500.0,0.3
22,Zprime_3500GeV_045,0.8197223154312175,3500.0,0.45
23,Zprime_3500GeV_060,0.7960104901696142,3500.0,0.6
24,Zprime_3500GeV_075,0.7608855153742022,3500.0,0.75
25,Zprime_4000GeV_015,0.8597996805233319,4000.0,0.15
26,Zprime_4000GeV_030,0.8473597810135918,4000.0,0.3
27,Zprime_4000GeV_045,0.8167206633305916,4000.0,0.45
28,Zprime_4000GeV_060,0.7901600152551684,4000.0,0.6
29,Zprime_4000GeV_075,0.7472167117329791,4000.0,0.75
