,name,auc,mass,nu
0,Zprime_1500GeV_015,0.8654578628303331,1500.0,0.15
1,Zprime_1500GeV_030,0.8586066894714428,1500.0,0.3
2,Zprime_1500GeV_045,0.8390486585356611,1500.0,0.45
3,Zprime_1500GeV_060,0.8171464024023868,1500.0,0.6
4,Zprime_1500GeV_075,0.7848257696449534,1500.0,0.75
5,Zprime_2000GeV_015,0.8840825003223673,2000.0,0.15
6,Zprime_2000GeV_030,0.8684962543308157,2000.0,0.3
7,Zprime_2000GeV_045,0.8442253114573047,2000.0,0.45
8,Zprime_2000GeV_060,0.8153170232316984,2000.0,0.6
9,Zprime_2000GeV_075,0.7834846197232338,2000.0,0.75
10,Zprime_2500GeV_015,0.8888376133858843,2500.0,0.15
11,Zprime_2500GeV_030,0.8689083109220695,2500.0,0.3
12,Zprime_2500GeV_045,0.8476094950151175,2500.0,0.45
13,Zprime_2500GeV_060,0.8195091566290802,2500.0,0.6
14,Zprime_2500GeV_075,0.7759539267761351,2500.0,0.75
15,Zprime_3000GeV_015,0.8971618255227788,3000.0,0.15
16,Zprime_3000GeV_030,0.8730250859609233,3000.0,0.3
17,Zprime_3000GeV_045,0.851742624465502,3000.0,0.45
18,Zprime_3000GeV_060,0.8133512272553561,3000.0,0.6
19,Zprime_3000GeV_075,0.7745622591928495,3000.0,0.75
20,Zprime_3500GeV_015,0.8961695195511883,3500.0,0.15
21,Zprime_3500GeV_030,0.8805077244088945,3500.0,0.3
22,Zprime_3500GeV_045,0.8512697445758595,3500.0,0.45
23,Zprime_3500GeV_060,0.8192353375789728,3500.0,0.6
24,Zprime_3500GeV_075,0.7737708481058897,3500.0,0.75
25,Zprime_4000GeV_015,0.8989342154591449,4000.0,0.15
26,Zprime_4000GeV_030,0.8873497152471544,4000.0,0.3
27,Zprime_4000GeV_045,0.8529122761855638,4000.0,0.45
28,Zprime_4000GeV_060,0.8184532975417835,4000.0,0.6
29,Zprime_4000GeV_075,0.7666608029320011,4000.0,0.75
