,name,auc,mass,nu
0,Zprime_1500GeV_015,0.8699113506484043,1500.0,0.15
1,Zprime_1500GeV_030,0.859488155359915,1500.0,0.3
2,Zprime_1500GeV_045,0.8408935144904021,1500.0,0.45
3,Zprime_1500GeV_060,0.8096580772583227,1500.0,0.6
4,Zprime_1500GeV_075,0.7711641374375856,1500.0,0.75
5,Zprime_2000GeV_015,0.8752576118498272,2000.0,0.15
6,Zprime_2000GeV_030,0.8643355754082328,2000.0,0.3
7,Zprime_2000GeV_045,0.8415282871516838,2000.0,0.45
8,Zprime_2000GeV_060,0.8183522771189268,2000.0,0.6
9,Zprime_2000GeV_075,0.7905828358829394,2000.0,0.75
10,Zprime_2500GeV_015,0.8629796139925011,2500.0,0.15
11,Zprime_2500GeV_030,0.8509051174756636,2500.0,0.3
12,Zprime_2500GeV_045,0.8349074895829672,2500.0,0.45
13,Zprime_2500GeV_060,0.8150902058287515,2500.0,0.6
14,Zprime_2500GeV_075,0.7772744507196733,2500.0,0.75
15,Zprime_3000GeV_015,0.8632012180938962,3000.0,0.15
16,Zprime_3000GeV_030,0.8444700441906243,3000.0,0.3
17,Zprime_3000GeV_045,0.8259904787017889,3000.0,0.45
18,Zprime_3000GeV_060,0.8019918802051358,3000.0,0.6
19,Zprime_3000GeV_075,0.7761681331246542,3000.0,0.75
20,Zprime_3500GeV_015,0.8563079489125484,3500.0,0.15
21,Zprime_3500GeV_030,0.8446721921350071,3500.0,0.3
22,Zprime_3500GeV_045,0.8219309408571164,3500.0,0.45
23,Zprime_3500GeV_060,0.8021340897128206,3500.0,0.6
24,Zprime_3500GeV_075,0.773617600292228,3500.0,0.75
25,Zprime_4000GeV_015,0.8588158851020276,4000.0,0.15
26,Zprime_4000GeV_030,0.8487004708908384,4000.0,0.3
27,Zprime_4000GeV_045,0.8213798667699944,4000.0,0.45
28,Zprime_4000GeV_060,0.796588813321327,4000.0,0.6
29,Zprime_4000GeV_075,0.7621390385687984,4000.0,0.75
