,name,auc,mass,nu
0,Zprime_1500GeV_015,0.8355839001790925,1500.0,0.15
1,Zprime_1500GeV_030,0.8261340567879081,1500.0,0.3
2,Zprime_1500GeV_045,0.804920717701074,1500.0,0.45
3,Zprime_1500GeV_060,0.7764888419185376,1500.0,0.6
4,Zprime_1500GeV_075,0.7337314912252062,1500.0,0.75
5,Zprime_2000GeV_015,0.8586893461024274,2000.0,0.15
6,Zprime_2000GeV_030,0.8405384751566157,2000.0,0.3
7,Zprime_2000GeV_045,0.8126594936932712,2000.0,0.45
8,Zprime_2000GeV_060,0.7814659041565981,2000.0,0.6
9,Zprime_2000GeV_075,0.7425313082997491,2000.0,0.75
10,Zprime_2500GeV_015,0.8636582395747043,2500.0,0.15
11,Zprime_2500GeV_030,0.8428943733802363,2500.0,0.3
12,Zprime_2500GeV_045,0.8195244927211192,2500.0,0.45
13,Zprime_2500GeV_060,0.7872672888600325,2500.0,0.6
14,Zprime_2500GeV_075,0.7360766886669541,2500.0,0.75
15,Zprime_3000GeV_015,0.8733457725822904,3000.0,0.15
16,Zprime_3000GeV_030,0.8476791958971694,3000.0,0.3
17,Zprime_3000GeV_045,0.8242741927817872,3000.0,0.45
18,Zprime_3000GeV_060,0.7814171742266021,3000.0,0.6
19,Zprime_3000GeV_075,0.7408183979307548,3000.0,0.75
20,Zprime_3500GeV_015,0.8745451626868643,3500.0,0.15
21,Zprime_3500GeV_030,0.8562986428072429,3500.0,0.3
22,Zprime_3500GeV_045,0.8230765187762593,3500.0,0.45
23,Zprime_3500GeV_060,0.7896558367631278,3500.0,0.6
24,Zprime_3500GeV_075,0.7418965813618686,3500.0,0.75
25,Zprime_4000GeV_015,0.8797052769054488,4000.0,0.15
26,Zprime_4000GeV_030,0.8639008355554587,4000.0,0.3
27,Zprime_4000GeV_045,0.8274967211020919,4000.0,0.45
28,Zprime_4000GeV_060,0.7903335354578302,4000.0,0.6
29,Zprime_4000GeV_075,0.7336257508694783,4000.0,0.75
