,name,auc,mass,nu
0,Zprime_1500GeV_015,0.8486353661305105,1500.0,0.15
1,Zprime_1500GeV_030,0.8402069971985421,1500.0,0.3
2,Zprime_1500GeV_045,0.8166882839704371,1500.0,0.45
3,Zprime_1500GeV_060,0.7856749016414543,1500.0,0.6
4,Zprime_1500GeV_075,0.7327296084306334,1500.0,0.75
5,Zprime_2000GeV_015,0.8649403206382714,2000.0,0.15
6,Zprime_2000GeV_030,0.8499568145131499,2000.0,0.3
7,Zprime_2000GeV_045,0.8232428335393647,2000.0,0.45
8,Zprime_2000GeV_060,0.7939277656129226,2000.0,0.6
9,Zprime_2000GeV_075,0.7581650361209685,2000.0,0.75
10,Zprime_2500GeV_015,0.8662940058819227,2500.0,0.15
11,Zprime_2500GeV_030,0.8480371169995768,2500.0,0.3
12,Zprime_2500GeV_045,0.8252423933845006,2500.0,0.45
13,Zprime_2500GeV_060,0.7965769917233471,2500.0,0.6
14,Zprime_2500GeV_075,0.7488580067099617,2500.0,0.75
15,Zprime_3000GeV_015,0.8676156161914523,3000.0,0.15
16,Zprime_3000GeV_030,0.8455785055081608,3000.0,0.3
17,Zprime_3000GeV_045,0.8198503206368768,3000.0,0.45
18,Zprime_3000GeV_060,0.7871431237773004,3000.0,0.6
19,Zprime_3000GeV_075,0.7524668612963333,3000.0,0.75
20,Zprime_3500GeV_015,0.8678742154275441,3500.0,0.15
21,Zprime_3500GeV_030,0.8495656877216182,3500.0,0.3
22,Zprime_3500GeV_045,0.8195641453146774,3500.0,0.45
23,Zprime_3500GeV_060,0.7909942977498653,3500.0,0.6
24,Zprime_3500GeV_075,0.7491002814843465,3500.0,0.75
25,Zprime_4000GeV_015,0.8743483701230562,4000.0,0.15
26,Zprime_4000GeV_030,0.8589738759162768,4000.0,0.3
27,Zprime_4000GeV_045,0.82406056492742,4000.0,0.45
28,Zprime_4000GeV_060,0.7905029083791655,4000.0,0.6
29,Zprime_4000GeV_075,0.7442929544134483,4000.0,0.75
