,name,auc,mass,nu
0,Zprime_1500GeV_015,0.8576382174090548,1500.0,0.15
1,Zprime_1500GeV_030,0.845655428604037,1500.0,0.3
2,Zprime_1500GeV_045,0.8205850541794314,1500.0,0.45
3,Zprime_1500GeV_060,0.7870389534120374,1500.0,0.6
4,Zprime_1500GeV_075,0.7469374938433148,1500.0,0.75
5,Zprime_2000GeV_015,0.8747467346113683,2000.0,0.15
6,Zprime_2000GeV_030,0.8597273655764147,2000.0,0.3
7,Zprime_2000GeV_045,0.8352469629145371,2000.0,0.45
8,Zprime_2000GeV_060,0.8076086462623453,2000.0,0.6
9,Zprime_2000GeV_075,0.7750106008816342,2000.0,0.75
10,Zprime_2500GeV_015,0.8718927045179247,2500.0,0.15
11,Zprime_2500GeV_030,0.8537043722403916,2500.0,0.3
12,Zprime_2500GeV_045,0.8349740058171365,2500.0,0.45
13,Zprime_2500GeV_060,0.8057920509045365,2500.0,0.6
14,Zprime_2500GeV_075,0.7643534106785975,2500.0,0.75
15,Zprime_3000GeV_015,0.8680677906086803,3000.0,0.15
16,Zprime_3000GeV_030,0.8462555083347676,3000.0,0.3
17,Zprime_3000GeV_045,0.8262878291068538,3000.0,0.45
18,Zprime_3000GeV_060,0.7947802595429926,3000.0,0.6
19,Zprime_3000GeV_075,0.7640159222593552,3000.0,0.75
20,Zprime_3500GeV_015,0.8590403200473319,3500.0,0.15
21,Zprime_3500GeV_030,0.8434418900069199,3500.0,0.3
22,Zprime_3500GeV_045,0.8165962214964134,3500.0,0.45
23,Zprime_3500GeV_060,0.7930155083389937,3500.0,0.6
24,Zprime_3500GeV_075,0.7570115279657921,3500.0,0.75
25,Zprime_4000GeV_015,0.8588156912576577,4000.0,0.15
26,Zprime_4000GeV_030,0.8467864507248049,4000.0,0.3
27,Zprime_4000GeV_045,0.8147701199691731,4000.0,0.45
28,Zprime_4000GeV_060,0.7861426564763698,4000.0,0.6
29,Zprime_4000GeV_075,0.7460375966279512,4000.0,0.75
