,name,auc,mass,nu
0,Zprime_1500GeV_015,0.8828769839601569,1500.0,0.15
1,Zprime_1500GeV_030,0.8751591076970876,1500.0,0.3
2,Zprime_1500GeV_045,0.8581354144806395,1500.0,0.45
3,Zprime_1500GeV_060,0.8380097434733239,1500.0,0.6
4,Zprime_1500GeV_075,0.8138182108400634,1500.0,0.75
5,Zprime_2000GeV_015,0.8889127232186954,2000.0,0.15
6,Zprime_2000GeV_030,0.8793403965801074,2000.0,0.3
7,Zprime_2000GeV_045,0.8571533115151115,2000.0,0.45
8,Zprime_2000GeV_060,0.8349339506517377,2000.0,0.6
9,Zprime_2000GeV_075,0.8113792406586444,2000.0,0.75
10,Zprime_2500GeV_015,0.8855156673483289,2500.0,0.15
11,Zprime_2500GeV_030,0.8688394134876669,2500.0,0.3
12,Zprime_2500GeV_045,0.8523397181247834,2500.0,0.45
13,Zprime_2500GeV_060,0.8306101490614375,2500.0,0.6
14,Zprime_2500GeV_075,0.7981845054929184,2500.0,0.75
15,Zprime_3000GeV_015,0.8864007340199096,3000.0,0.15
16,Zprime_3000GeV_030,0.865025245055353,3000.0,0.3
17,Zprime_3000GeV_045,0.8484737354318523,3000.0,0.45
18,Zprime_3000GeV_060,0.8197336627834699,3000.0,0.6
19,Zprime_3000GeV_075,0.7898407506372052,3000.0,0.75
20,Zprime_3500GeV_015,0.8791606269997116,3500.0,0.15
21,Zprime_3500GeV_030,0.8666115471751217,3500.0,0.3
22,Zprime_3500GeV_045,0.842981487261452,3500.0,0.45
23,Zprime_3500GeV_060,0.817695286017493,3500.0,0.6
24,Zprime_3500GeV_075,0.7852746835987021,3500.0,0.75
25,Zprime_4000GeV_015,0.8802144179539079,4000.0,0.15
26,Zprime_4000GeV_030,0.8693516345824145,4000.0,0.3
27,Zprime_4000GeV_045,0.8399390237186213,4000.0,0.45
28,Zprime_4000GeV_060,0.8114928965177702,4000.0,0.6
29,Zprime_4000GeV_075,0.7719628286042899,4000.0,0.75
