,name,auc,mass,nu
0,Zprime_1500GeV_015,0.8832215990889362,1500.0,0.15
1,Zprime_1500GeV_030,0.867758717437411,1500.0,0.3
2,Zprime_1500GeV_045,0.8425539891749856,1500.0,0.45
3,Zprime_1500GeV_060,0.8184903502014818,1500.0,0.6
4,Zprime_1500GeV_075,0.7656823504821959,1500.0,0.75
5,Zprime_2000GeV_015,0.8855651164030159,2000.0,0.15
6,Zprime_2000GeV_030,0.8717984118848042,2000.0,0.3
7,Zprime_2000GeV_045,0.8476496351808464,2000.0,0.45
8,Zprime_2000GeV_060,0.8199413186015061,2000.0,0.6
9,Zprime_2000GeV_075,0.7876483386784262,2000.0,0.75
10,Zprime_2500GeV_015,0.8777766718404689,2500.0,0.15
11,Zprime_2500GeV_030,0.8617585040690452,2500.0,0.3
12,Zprime_2500GeV_045,0.842227574622457,2500.0,0.45
13,Zprime_2500GeV_060,0.8160646949123879,2500.0,0.6
14,Zprime_2500GeV_075,0.772184237293881,2500.0,0.75
15,Zprime_3000GeV_015,0.8730975796185234,3000.0,0.15
16,Zprime_3000GeV_030,0.852883184975359,3000.0,0.3
17,Zprime_3000GeV_045,0.830915868917914,3000.0,0.45
18,Zprime_3000GeV_060,0.8009142808791112,3000.0,0.6
19,Zprime_3000GeV_075,0.7689703802212599,3000.0,0.75
20,Zprime_3500GeV_015,0.8694103137939274,3500.0,0.15
21,Zprime_3500GeV_030,0.8542769834693944,3500.0,0.3
22,Zprime_3500GeV_045,0.8245904473618891,3500.0,0.45
23,Zprime_3500GeV_060,0.8008321299909482,3500.0,0.6
24,Zprime_3500GeV_075,0.7636152474268892,3500.0,0.75
25,Zprime_4000GeV_015,0.8737408794902329,4000.0,0.15
26,Zprime_4000GeV_030,0.8593452231794687,4000.0,0.3
27,Zprime_4000GeV_045,0.8261669308578199,4000.0,0.45
28,Zprime_4000GeV_060,0.7955122268765642,4000.0,0.6
29,Zprime_4000GeV_075,0.7545601615135614,4000.0,0.75
