,name,auc,mass,nu
0,Zprime_1500GeV_015,0.8396493310425945,1500.0,0.15
1,Zprime_1500GeV_030,0.8287622068429124,1500.0,0.3
2,Zprime_1500GeV_045,0.8064891664747631,1500.0,0.45
3,Zprime_1500GeV_060,0.7716812439324273,1500.0,0.6
4,Zprime_1500GeV_075,0.726122246862916,1500.0,0.75
5,Zprime_2000GeV_015,0.8534112269309151,2000.0,0.15
6,Zprime_2000GeV_030,0.8387280161875729,2000.0,0.3
7,Zprime_2000GeV_045,0.8119808640844951,2000.0,0.45
8,Zprime_2000GeV_060,0.7815167262599062,2000.0,0.6
9,Zprime_2000GeV_075,0.7494329876951802,2000.0,0.75
10,Zprime_2500GeV_015,0.8533657089840876,2500.0,0.15
11,Zprime_2500GeV_030,0.8346762339981626,2500.0,0.3
12,Zprime_2500GeV_045,0.8120312952551141,2500.0,0.45
13,Zprime_2500GeV_060,0.7828182363833336,2500.0,0.6
14,Zprime_2500GeV_075,0.7366767223693145,2500.0,0.75
15,Zprime_3000GeV_015,0.85629453421228,3000.0,0.15
16,Zprime_3000GeV_030,0.8345801054309959,3000.0,0.3
17,Zprime_3000GeV_045,0.8075048337571369,3000.0,0.45
18,Zprime_3000GeV_060,0.7750234432860189,3000.0,0.6
19,Zprime_3000GeV_075,0.7390648074304855,3000.0,0.75
20,Zprime_3500GeV_015,0.8591926627954373,3500.0,0.15
21,Zprime_3500GeV_030,0.8385845181909007,3500.0,0.3
22,Zprime_3500GeV_045,0.8093435325486371,3500.0,0.45
23,Zprime_3500GeV_060,0.780609460545309,3500.0,0.6
24,Zprime_3500GeV_075,0.739066471131739,3500.0,0.75
25,Zprime_4000GeV_015,0.8683359169263387,4000.0,0.15
26,Zprime_4000GeV_030,0.8500576829549893,4000.0,0.3
27,Zprime_4000GeV_045,0.8153601537147521,4000.0,0.45
28,Zprime_4000GeV_060,0.7818529424901277,4000.0,0.6
29,Zprime_4000GeV_075,0.7364288473561454,4000.0,0.75
