,name,auc,mass,nu
0,Zprime_1500GeV_015,0.9025359282583939,1500.0,0.15
1,Zprime_1500GeV_030,0.9014038860057088,1500.0,0.3
2,Zprime_1500GeV_045,0.8822225377605483,1500.0,0.45
3,Zprime_1500GeV_060,0.8621943899894511,1500.0,0.6
4,Zprime_1500GeV_075,0.8329254921790216,1500.0,0.75
5,Zprime_2000GeV_015,0.9187120383895859,2000.0,0.15
6,Zprime_2000GeV_030,0.9087812811040766,2000.0,0.3
7,Zprime_2000GeV_045,0.8864675207224618,2000.0,0.45
8,Zprime_2000GeV_060,0.8597761545759571,2000.0,0.6
9,Zprime_2000GeV_075,0.8346066177607221,2000.0,0.75
10,Zprime_2500GeV_015,0.9171053484511305,2500.0,0.15
11,Zprime_2500GeV_030,0.9035422516158985,2500.0,0.3
12,Zprime_2500GeV_045,0.8852149610198896,2500.0,0.45
13,Zprime_2500GeV_060,0.8646427250054887,2500.0,0.6
14,Zprime_2500GeV_075,0.8234375529647712,2500.0,0.75
15,Zprime_3000GeV_015,0.921681931511011,3000.0,0.15
16,Zprime_3000GeV_030,0.9029959704105723,3000.0,0.3
17,Zprime_3000GeV_045,0.8844754580486991,3000.0,0.45
18,Zprime_3000GeV_060,0.8558793525292533,3000.0,0.6
19,Zprime_3000GeV_075,0.8197012150947962,3000.0,0.75
20,Zprime_3500GeV_015,0.9194526547561807,3500.0,0.15
21,Zprime_3500GeV_030,0.9085066610307682,3500.0,0.3
22,Zprime_3500GeV_045,0.8833181402980931,3500.0,0.45
23,Zprime_3500GeV_060,0.8568574133541753,3500.0,0.6
24,Zprime_3500GeV_075,0.8167882958378994,3500.0,0.75
25,Zprime_4000GeV_015,0.9188352124430323,4000.0,0.15
26,Zprime_4000GeV_030,0.9116526889154606,4000.0,0.3
27,Zprime_4000GeV_045,0.8827163715214167,4000.0,0.45
28,Zprime_4000GeV_060,0.851418782381755,4000.0,0.6
29,Zprime_4000GeV_075,0.8071347716149201,4000.0,0.75
