,name,auc,mass,nu
0,Zprime_1500GeV_015,0.8564422826297158,1500.0,0.15
1,Zprime_1500GeV_030,0.8439033285673676,1500.0,0.3
2,Zprime_1500GeV_045,0.8246638446119433,1500.0,0.45
3,Zprime_1500GeV_060,0.7918503242614297,1500.0,0.6
4,Zprime_1500GeV_075,0.7634624555916374,1500.0,0.75
5,Zprime_2000GeV_015,0.8689602560727583,2000.0,0.15
6,Zprime_2000GeV_030,0.8568199506965052,2000.0,0.3
7,Zprime_2000GeV_045,0.8342182225317923,2000.0,0.45
8,Zprime_2000GeV_060,0.8078160629254625,2000.0,0.6
9,Zprime_2000GeV_075,0.7814930048687445,2000.0,0.75
10,Zprime_2500GeV_015,0.8566455171565303,2500.0,0.15
11,Zprime_2500GeV_030,0.8450257129594815,2500.0,0.3
12,Zprime_2500GeV_045,0.8279719704025087,2500.0,0.45
13,Zprime_2500GeV_060,0.8066482626383619,2500.0,0.6
14,Zprime_2500GeV_075,0.7731360485274971,2500.0,0.75
15,Zprime_3000GeV_015,0.8582713131265459,3000.0,0.15
16,Zprime_3000GeV_030,0.8382188010134681,3000.0,0.3
17,Zprime_3000GeV_045,0.8203021929026606,3000.0,0.45
18,Zprime_3000GeV_060,0.7957900378900155,3000.0,0.6
19,Zprime_3000GeV_075,0.7686001551148101,3000.0,0.75
20,Zprime_3500GeV_015,0.8524008978533353,3500.0,0.15
21,Zprime_3500GeV_030,0.8410845487214946,3500.0,0.3
22,Zprime_3500GeV_045,0.8157823646894592,3500.0,0.45
23,Zprime_3500GeV_060,0.7951034610856516,3500.0,0.6
24,Zprime_3500GeV_075,0.7660133973656503,3500.0,0.75
25,Zprime_4000GeV_015,0.8570477072493247,4000.0,0.15
26,Zprime_4000GeV_030,0.8471222190142509,4000.0,0.3
27,Zprime_4000GeV_045,0.8158473261817969,4000.0,0.45
28,Zprime_4000GeV_060,0.7924163240338145,4000.0,0.6
29,Zprime_4000GeV_075,0.7570970489055259,4000.0,0.75
