,name,auc,mass,nu
0,Zprime_1500GeV_015,0.8644965372660799,1500.0,0.15
1,Zprime_1500GeV_030,0.8526388629103249,1500.0,0.3
2,Zprime_1500GeV_045,0.834019848824929,1500.0,0.45
3,Zprime_1500GeV_060,0.8094167757024155,1500.0,0.6
4,Zprime_1500GeV_075,0.7700255866954764,1500.0,0.75
5,Zprime_2000GeV_015,0.877632078474098,2000.0,0.15
6,Zprime_2000GeV_030,0.863700682958246,2000.0,0.3
7,Zprime_2000GeV_045,0.8434848058731595,2000.0,0.45
8,Zprime_2000GeV_060,0.8187484217463594,2000.0,0.6
9,Zprime_2000GeV_075,0.7922154441857803,2000.0,0.75
10,Zprime_2500GeV_015,0.8697906068309584,2500.0,0.15
11,Zprime_2500GeV_030,0.8546805835943956,2500.0,0.3
12,Zprime_2500GeV_045,0.8366092407918673,2500.0,0.45
13,Zprime_2500GeV_060,0.813463974027384,2500.0,0.6
14,Zprime_2500GeV_075,0.7792544711649048,2500.0,0.75
15,Zprime_3000GeV_015,0.8689783069570695,3000.0,0.15
16,Zprime_3000GeV_030,0.8481161463100819,3000.0,0.3
17,Zprime_3000GeV_045,0.8270894378350513,3000.0,0.45
18,Zprime_3000GeV_060,0.8013200547786882,3000.0,0.6
19,Zprime_3000GeV_075,0.7747943312587602,3000.0,0.75
20,Zprime_3500GeV_015,0.8638935977680158,3500.0,0.15
21,Zprime_3500GeV_030,0.847082289162429,3500.0,0.3
22,Zprime_3500GeV_045,0.8197184655618398,3500.0,0.45
23,Zprime_3500GeV_060,0.796112382669587,3500.0,0.6
24,Zprime_3500GeV_075,0.7674629987752207,3500.0,0.75
25,Zprime_4000GeV_015,0.8670397501141656,4000.0,0.15
26,Zprime_4000GeV_030,0.8514294689687795,4000.0,0.3
27,Zprime_4000GeV_045,0.8211155160947857,4000.0,0.45
28,Zprime_4000GeV_060,0.7926911624899533,4000.0,0.6
29,Zprime_4000GeV_075,0.7563506489919658,4000.0,0.75
