,name,auc,mass,nu
0,Zprime_1500GeV_015,0.8840730355185973,1500.0,0.15
1,Zprime_1500GeV_030,0.8750641318280912,1500.0,0.3
2,Zprime_1500GeV_045,0.8543603205356919,1500.0,0.45
3,Zprime_1500GeV_060,0.8350377512699996,1500.0,0.6
4,Zprime_1500GeV_075,0.8084081414191643,1500.0,0.75
5,Zprime_2000GeV_015,0.8889161297505368,2000.0,0.15
6,Zprime_2000GeV_030,0.879305298291844,2000.0,0.3
7,Zprime_2000GeV_045,0.8571062294883708,2000.0,0.45
8,Zprime_2000GeV_060,0.8305637797452609,2000.0,0.6
9,Zprime_2000GeV_075,0.8069614813327926,2000.0,0.75
10,Zprime_2500GeV_015,0.8853637124640767,2500.0,0.15
11,Zprime_2500GeV_030,0.8709773378470331,2500.0,0.3
12,Zprime_2500GeV_045,0.8539731300892262,2500.0,0.45
13,Zprime_2500GeV_060,0.832111272133035,2500.0,0.6
14,Zprime_2500GeV_075,0.7926612663227011,2500.0,0.75
15,Zprime_3000GeV_015,0.8895640832484434,3000.0,0.15
16,Zprime_3000GeV_030,0.8683338106266998,3000.0,0.3
17,Zprime_3000GeV_045,0.8508483904979176,3000.0,0.45
18,Zprime_3000GeV_060,0.8227164095532488,3000.0,0.6
19,Zprime_3000GeV_075,0.7889082095180289,3000.0,0.75
20,Zprime_3500GeV_015,0.8831482312953388,3500.0,0.15
21,Zprime_3500GeV_030,0.8734732999100271,3500.0,0.3
22,Zprime_3500GeV_045,0.8467486867388814,3500.0,0.45
23,Zprime_3500GeV_060,0.8220470882000643,3500.0,0.6
24,Zprime_3500GeV_075,0.787526526139367,3500.0,0.75
25,Zprime_4000GeV_015,0.8841560141255449,4000.0,0.15
26,Zprime_4000GeV_030,0.8762399584446667,4000.0,0.3
27,Zprime_4000GeV_045,0.8479992125388393,4000.0,0.45
28,Zprime_4000GeV_060,0.8171802101770494,4000.0,0.6
29,Zprime_4000GeV_075,0.7768066803321783,4000.0,0.75
