,name,auc,mass,nu
0,Zprime_1500GeV_015,0.8700420264630787,1500.0,0.15
1,Zprime_1500GeV_030,0.8585979712414653,1500.0,0.3
2,Zprime_1500GeV_045,0.8327364277979308,1500.0,0.45
3,Zprime_1500GeV_060,0.7993155810414266,1500.0,0.6
4,Zprime_1500GeV_075,0.7550149253398142,1500.0,0.75
5,Zprime_2000GeV_015,0.8897571671436154,2000.0,0.15
6,Zprime_2000GeV_030,0.8757953158624926,2000.0,0.3
7,Zprime_2000GeV_045,0.8498403470531044,2000.0,0.45
8,Zprime_2000GeV_060,0.8199890584641911,2000.0,0.6
9,Zprime_2000GeV_075,0.7867221384940701,2000.0,0.75
10,Zprime_2500GeV_015,0.8885711060463493,2500.0,0.15
11,Zprime_2500GeV_030,0.8716601370631591,2500.0,0.3
12,Zprime_2500GeV_045,0.8510379626919631,2500.0,0.45
13,Zprime_2500GeV_060,0.8215419936190551,2500.0,0.6
14,Zprime_2500GeV_075,0.7742046041087669,2500.0,0.75
15,Zprime_3000GeV_015,0.8904999869970996,3000.0,0.15
16,Zprime_3000GeV_030,0.8682217149567335,3000.0,0.3
17,Zprime_3000GeV_045,0.8465501683525736,3000.0,0.45
18,Zprime_3000GeV_060,0.8137216355398325,3000.0,0.6
19,Zprime_3000GeV_075,0.7732606695186274,3000.0,0.75
20,Zprime_3500GeV_015,0.8884636859486139,3500.0,0.15
21,Zprime_3500GeV_030,0.8741282637117044,3500.0,0.3
22,Zprime_3500GeV_045,0.8422677828535299,3500.0,0.45
23,Zprime_3500GeV_060,0.8141202642277733,3500.0,0.6
24,Zprime_3500GeV_075,0.7719005350351318,3500.0,0.75
25,Zprime_4000GeV_015,0.8913415958262417,4000.0,0.15
26,Zprime_4000GeV_030,0.8801421452823606,4000.0,0.3
27,Zprime_4000GeV_045,0.8456258068487759,4000.0,0.45
28,Zprime_4000GeV_060,0.8124668761504545,4000.0,0.6
29,Zprime_4000GeV_075,0.763058201273194,4000.0,0.75
