,name,auc,mass,nu
0,Zprime_1500GeV_015,0.8801442362039505,1500.0,0.15
1,Zprime_1500GeV_030,0.8755459461287359,1500.0,0.3
2,Zprime_1500GeV_045,0.8547041548161344,1500.0,0.45
3,Zprime_1500GeV_060,0.8323794456995504,1500.0,0.6
4,Zprime_1500GeV_075,0.805252569901574,1500.0,0.75
5,Zprime_2000GeV_015,0.891415043021307,2000.0,0.15
6,Zprime_2000GeV_030,0.8807730604074053,2000.0,0.3
7,Zprime_2000GeV_045,0.8568153420473114,2000.0,0.45
8,Zprime_2000GeV_060,0.8319320295929687,2000.0,0.6
9,Zprime_2000GeV_075,0.8068662615257672,2000.0,0.75
10,Zprime_2500GeV_015,0.8863134380072178,2500.0,0.15
11,Zprime_2500GeV_030,0.87190025395302,2500.0,0.3
12,Zprime_2500GeV_045,0.8532023644916261,2500.0,0.45
13,Zprime_2500GeV_060,0.8300382680823903,2500.0,0.6
14,Zprime_2500GeV_075,0.7917560607007743,2500.0,0.75
15,Zprime_3000GeV_015,0.8866002959714079,3000.0,0.15
16,Zprime_3000GeV_030,0.8665093387211004,3000.0,0.3
17,Zprime_3000GeV_045,0.8487385051865315,3000.0,0.45
18,Zprime_3000GeV_060,0.8189270260332155,3000.0,0.6
19,Zprime_3000GeV_075,0.785020246830554,3000.0,0.75
20,Zprime_3500GeV_015,0.8834903695429015,3500.0,0.15
21,Zprime_3500GeV_030,0.8696690895380599,3500.0,0.3
22,Zprime_3500GeV_045,0.8441669029593742,3500.0,0.45
23,Zprime_3500GeV_060,0.8187378949937358,3500.0,0.6
24,Zprime_3500GeV_075,0.7816488966243366,3500.0,0.75
25,Zprime_4000GeV_015,0.8804622567918398,4000.0,0.15
26,Zprime_4000GeV_030,0.8708408160776255,4000.0,0.3
27,Zprime_4000GeV_045,0.8413380085117576,4000.0,0.45
28,Zprime_4000GeV_060,0.8125197326536162,4000.0,0.6
29,Zprime_4000GeV_075,0.7696690186541174,4000.0,0.75
