,name,auc,mass,nu
0,Zprime_1500GeV_015,0.8829829026052951,1500.0,0.15
1,Zprime_1500GeV_030,0.8785015581854669,1500.0,0.3
2,Zprime_1500GeV_045,0.857773131091569,1500.0,0.45
3,Zprime_1500GeV_060,0.8369150741410754,1500.0,0.6
4,Zprime_1500GeV_075,0.7992474123783349,1500.0,0.75
5,Zprime_2000GeV_015,0.9017563736381649,2000.0,0.15
6,Zprime_2000GeV_030,0.8864184319108823,2000.0,0.3
7,Zprime_2000GeV_045,0.8622765243804464,2000.0,0.45
8,Zprime_2000GeV_060,0.8337935355679271,2000.0,0.6
9,Zprime_2000GeV_075,0.8049941190832823,2000.0,0.75
10,Zprime_2500GeV_015,0.907613925874399,2500.0,0.15
11,Zprime_2500GeV_030,0.8885531780520802,2500.0,0.3
12,Zprime_2500GeV_045,0.8666796694057527,2500.0,0.45
13,Zprime_2500GeV_060,0.8388962713819467,2500.0,0.6
14,Zprime_2500GeV_075,0.7957736811987027,2500.0,0.75
15,Zprime_3000GeV_015,0.9148582864433246,3000.0,0.15
16,Zprime_3000GeV_030,0.8928315615133404,3000.0,0.3
17,Zprime_3000GeV_045,0.870476238585835,3000.0,0.45
18,Zprime_3000GeV_060,0.8345080380410576,3000.0,0.6
19,Zprime_3000GeV_075,0.7935815364586942,3000.0,0.75
20,Zprime_3500GeV_015,0.9147531804043895,3500.0,0.15
21,Zprime_3500GeV_030,0.8995726433568076,3500.0,0.3
22,Zprime_3500GeV_045,0.8700302789436807,3500.0,0.45
23,Zprime_3500GeV_060,0.8382471587827955,3500.0,0.6
24,Zprime_3500GeV_075,0.7911645501622295,3500.0,0.75
25,Zprime_4000GeV_015,0.9165831637988098,4000.0,0.15
26,Zprime_4000GeV_030,0.9067207168211789,4000.0,0.3
27,Zprime_4000GeV_045,0.8726634799648547,4000.0,0.45
28,Zprime_4000GeV_060,0.8369132904681941,4000.0,0.6
29,Zprime_4000GeV_075,0.7837181116578263,4000.0,0.75
