,name,auc,mass,nu
0,Zprime_1500GeV_015,0.8422688030702626,1500.0,0.15
1,Zprime_1500GeV_030,0.8268008692867853,1500.0,0.3
2,Zprime_1500GeV_045,0.803258595774649,1500.0,0.45
3,Zprime_1500GeV_060,0.7712874109038336,1500.0,0.6
4,Zprime_1500GeV_075,0.740157186975984,1500.0,0.75
5,Zprime_2000GeV_015,0.8507905216020033,2000.0,0.15
6,Zprime_2000GeV_030,0.8381777333967475,2000.0,0.3
7,Zprime_2000GeV_045,0.8119169439581266,2000.0,0.45
8,Zprime_2000GeV_060,0.7834211604549477,2000.0,0.6
9,Zprime_2000GeV_075,0.7556951916286716,2000.0,0.75
10,Zprime_2500GeV_015,0.8429902556450007,2500.0,0.15
11,Zprime_2500GeV_030,0.826362716453026,2500.0,0.3
12,Zprime_2500GeV_045,0.8070302474182207,2500.0,0.45
13,Zprime_2500GeV_060,0.78196696649884,2500.0,0.6
14,Zprime_2500GeV_075,0.7401419037910062,2500.0,0.75
15,Zprime_3000GeV_015,0.8416137402447945,3000.0,0.15
16,Zprime_3000GeV_030,0.8214454988565164,3000.0,0.3
17,Zprime_3000GeV_045,0.800326219431474,3000.0,0.45
18,Zprime_3000GeV_060,0.7696793914490127,3000.0,0.6
19,Zprime_3000GeV_075,0.7425902303748095,3000.0,0.75
20,Zprime_3500GeV_015,0.8371467829437664,3500.0,0.15
21,Zprime_3500GeV_030,0.8226316891319139,3500.0,0.3
22,Zprime_3500GeV_045,0.7987643425767768,3500.0,0.45
23,Zprime_3500GeV_060,0.7762946077384554,3500.0,0.6
24,Zprime_3500GeV_075,0.7406262919272009,3500.0,0.75
25,Zprime_4000GeV_015,0.8435442088694937,4000.0,0.15
26,Zprime_4000GeV_030,0.8286509058433197,4000.0,0.3
27,Zprime_4000GeV_045,0.799220527091242,4000.0,0.45
28,Zprime_4000GeV_060,0.771969936955009,4000.0,0.6
29,Zprime_4000GeV_075,0.7328303564428857,4000.0,0.75
