,name,auc,mass,nu
0,Zprime_1500GeV_015,0.866364302216841,1500.0,0.15
1,Zprime_1500GeV_030,0.8635213934796094,1500.0,0.3
2,Zprime_1500GeV_045,0.8402922163100882,1500.0,0.45
3,Zprime_1500GeV_060,0.8118749039267315,1500.0,0.6
4,Zprime_1500GeV_075,0.7836514996638764,1500.0,0.75
5,Zprime_2000GeV_015,0.8846560281246915,2000.0,0.15
6,Zprime_2000GeV_030,0.8701554143329463,2000.0,0.3
7,Zprime_2000GeV_045,0.8439810116436742,2000.0,0.45
8,Zprime_2000GeV_060,0.8180178191443293,2000.0,0.6
9,Zprime_2000GeV_075,0.7863664865083438,2000.0,0.75
10,Zprime_2500GeV_015,0.8786893256835144,2500.0,0.15
11,Zprime_2500GeV_030,0.863072713906203,2500.0,0.3
12,Zprime_2500GeV_045,0.8439987525776289,2500.0,0.45
13,Zprime_2500GeV_060,0.8186654666693702,2500.0,0.6
14,Zprime_2500GeV_075,0.7760145818120463,2500.0,0.75
15,Zprime_3000GeV_015,0.8812265526250466,3000.0,0.15
16,Zprime_3000GeV_030,0.8612061675472937,3000.0,0.3
17,Zprime_3000GeV_045,0.8406379047557601,3000.0,0.45
18,Zprime_3000GeV_060,0.8062059906356847,3000.0,0.6
19,Zprime_3000GeV_075,0.7705483083587091,3000.0,0.75
20,Zprime_3500GeV_015,0.8784274683955744,3500.0,0.15
21,Zprime_3500GeV_030,0.8657403466653726,3500.0,0.3
22,Zprime_3500GeV_045,0.837598904911165,3500.0,0.45
23,Zprime_3500GeV_060,0.8081810952496125,3500.0,0.6
24,Zprime_3500GeV_075,0.7681352306667527,3500.0,0.75
25,Zprime_4000GeV_015,0.877609308223368,4000.0,0.15
26,Zprime_4000GeV_030,0.8660364535242137,4000.0,0.3
27,Zprime_4000GeV_045,0.8347139882937317,4000.0,0.45
28,Zprime_4000GeV_060,0.8049493996690812,4000.0,0.6
29,Zprime_4000GeV_075,0.757830559193217,4000.0,0.75
