,name,auc,mass,nu
0,Zprime_1500GeV_015,0.8601581936421722,1500.0,0.15
1,Zprime_1500GeV_030,0.8507250793358927,1500.0,0.3
2,Zprime_1500GeV_045,0.8311697909902679,1500.0,0.45
3,Zprime_1500GeV_060,0.8078640807677323,1500.0,0.6
4,Zprime_1500GeV_075,0.7801346196724266,1500.0,0.75
5,Zprime_2000GeV_015,0.8694139969995631,2000.0,0.15
6,Zprime_2000GeV_030,0.8570205306297974,2000.0,0.3
7,Zprime_2000GeV_045,0.8332270564967207,2000.0,0.45
8,Zprime_2000GeV_060,0.8078393959053842,2000.0,0.6
9,Zprime_2000GeV_075,0.7796717928967157,2000.0,0.75
10,Zprime_2500GeV_015,0.8644578142092669,2500.0,0.15
11,Zprime_2500GeV_030,0.8478263838059561,2500.0,0.3
12,Zprime_2500GeV_045,0.8295824029807848,2500.0,0.45
13,Zprime_2500GeV_060,0.805748213793995,2500.0,0.6
14,Zprime_2500GeV_075,0.7679257714590323,2500.0,0.75
15,Zprime_3000GeV_015,0.8652520731380742,3000.0,0.15
16,Zprime_3000GeV_030,0.8441022516870049,3000.0,0.3
17,Zprime_3000GeV_045,0.8249240671469061,3000.0,0.45
18,Zprime_3000GeV_060,0.7941730720082969,3000.0,0.6
19,Zprime_3000GeV_075,0.760684295681141,3000.0,0.75
20,Zprime_3500GeV_015,0.8619395914507334,3500.0,0.15
21,Zprime_3500GeV_030,0.846400792904468,3500.0,0.3
22,Zprime_3500GeV_045,0.8198815363575156,3500.0,0.45
23,Zprime_3500GeV_060,0.794626143949575,3500.0,0.6
24,Zprime_3500GeV_075,0.7604417048067214,3500.0,0.75
25,Zprime_4000GeV_015,0.861917870819081,4000.0,0.15
26,Zprime_4000GeV_030,0.8492426861281573,4000.0,0.3
27,Zprime_4000GeV_045,0.8193391479239379,4000.0,0.45
28,Zprime_4000GeV_060,0.7897899258645303,4000.0,0.6
29,Zprime_4000GeV_075,0.7463341276965898,4000.0,0.75
