,name,auc,mass,nu
0,Zprime_1500GeV_015,0.857731173573917,1500.0,0.15
1,Zprime_1500GeV_030,0.8476610177820189,1500.0,0.3
2,Zprime_1500GeV_045,0.8217101752654339,1500.0,0.45
3,Zprime_1500GeV_060,0.7944571571971032,1500.0,0.6
4,Zprime_1500GeV_075,0.7476244613162037,1500.0,0.75
5,Zprime_2000GeV_015,0.8677421304158472,2000.0,0.15
6,Zprime_2000GeV_030,0.8514486581676072,2000.0,0.3
7,Zprime_2000GeV_045,0.8249307983579097,2000.0,0.45
8,Zprime_2000GeV_060,0.7949749742981579,2000.0,0.6
9,Zprime_2000GeV_075,0.7624966647001656,2000.0,0.75
10,Zprime_2500GeV_015,0.8714778953448769,2500.0,0.15
11,Zprime_2500GeV_030,0.8520772892562111,2500.0,0.3
12,Zprime_2500GeV_045,0.8286034727242724,2500.0,0.45
13,Zprime_2500GeV_060,0.7995656986528592,2500.0,0.6
14,Zprime_2500GeV_075,0.7507088591604698,2500.0,0.75
15,Zprime_3000GeV_015,0.8793242950890247,3000.0,0.15
16,Zprime_3000GeV_030,0.8554104314331978,3000.0,0.3
17,Zprime_3000GeV_045,0.8284537478453824,3000.0,0.45
18,Zprime_3000GeV_060,0.7932583376150404,3000.0,0.6
19,Zprime_3000GeV_075,0.7531337608554138,3000.0,0.75
20,Zprime_3500GeV_015,0.883447512494637,3500.0,0.15
21,Zprime_3500GeV_030,0.864855851821066,3500.0,0.3
22,Zprime_3500GeV_045,0.8308909445827484,3500.0,0.45
23,Zprime_3500GeV_060,0.7973751854108075,3500.0,0.6
24,Zprime_3500GeV_075,0.7537879842712564,3500.0,0.75
25,Zprime_4000GeV_015,0.8899396780992198,4000.0,0.15
26,Zprime_4000GeV_030,0.87341132599979,4000.0,0.3
27,Zprime_4000GeV_045,0.8382095398112042,4000.0,0.45
28,Zprime_4000GeV_060,0.7989925639245815,4000.0,0.6
29,Zprime_4000GeV_075,0.7493807196669688,4000.0,0.75
