,name,auc,mass,nu
0,Zprime_1500GeV_015,0.8876047858878527,1500.0,0.15
1,Zprime_1500GeV_030,0.8758868157114128,1500.0,0.3
2,Zprime_1500GeV_045,0.8515848278484024,1500.0,0.45
3,Zprime_1500GeV_060,0.828752107144143,1500.0,0.6
4,Zprime_1500GeV_075,0.782298912544513,1500.0,0.75
5,Zprime_2000GeV_015,0.8983722747773752,2000.0,0.15
6,Zprime_2000GeV_030,0.884721946376813,2000.0,0.3
7,Zprime_2000GeV_045,0.8600282054807206,2000.0,0.45
8,Zprime_2000GeV_060,0.8313162788078272,2000.0,0.6
9,Zprime_2000GeV_075,0.7981023673897025,2000.0,0.75
10,Zprime_2500GeV_015,0.8974172014251889,2500.0,0.15
11,Zprime_2500GeV_030,0.8811165286689947,2500.0,0.3
12,Zprime_2500GeV_045,0.8602860466004509,2500.0,0.45
13,Zprime_2500GeV_060,0.8335238706947681,2500.0,0.6
14,Zprime_2500GeV_075,0.7863096530491301,2500.0,0.75
15,Zprime_3000GeV_015,0.8961904008516315,3000.0,0.15
16,Zprime_3000GeV_030,0.8752077369874427,3000.0,0.3
17,Zprime_3000GeV_045,0.8534278415982449,3000.0,0.45
18,Zprime_3000GeV_060,0.8215223577380694,3000.0,0.6
19,Zprime_3000GeV_075,0.7835376949151694,3000.0,0.75
20,Zprime_3500GeV_015,0.889488518352116,3500.0,0.15
21,Zprime_3500GeV_030,0.8765146951372289,3500.0,0.3
22,Zprime_3500GeV_045,0.8471039627282057,3500.0,0.45
23,Zprime_3500GeV_060,0.8203996481908057,3500.0,0.6
24,Zprime_3500GeV_075,0.7797266593609662,3500.0,0.75
25,Zprime_4000GeV_015,0.8908090700978953,4000.0,0.15
26,Zprime_4000GeV_030,0.8785567151917716,4000.0,0.3
27,Zprime_4000GeV_045,0.8485369838520782,4000.0,0.45
28,Zprime_4000GeV_060,0.814478529464838,4000.0,0.6
29,Zprime_4000GeV_075,0.769988040378056,4000.0,0.75
