,name,auc,mass,nu
0,Zprime_1500GeV_015,0.8370222683733232,1500.0,0.15
1,Zprime_1500GeV_030,0.8257259511588905,1500.0,0.3
2,Zprime_1500GeV_045,0.8049521800202522,1500.0,0.45
3,Zprime_1500GeV_060,0.7779640853598461,1500.0,0.6
4,Zprime_1500GeV_075,0.740365781750427,1500.0,0.75
5,Zprime_2000GeV_015,0.8489711601647139,2000.0,0.15
6,Zprime_2000GeV_030,0.8365519393822438,2000.0,0.3
7,Zprime_2000GeV_045,0.8089874378839558,2000.0,0.45
8,Zprime_2000GeV_060,0.781900625605587,2000.0,0.6
9,Zprime_2000GeV_075,0.7496825628666053,2000.0,0.75
10,Zprime_2500GeV_015,0.8443190716428495,2500.0,0.15
11,Zprime_2500GeV_030,0.8280146263846839,2500.0,0.3
12,Zprime_2500GeV_045,0.8081808085770374,2500.0,0.45
13,Zprime_2500GeV_060,0.7811342576190418,2500.0,0.6
14,Zprime_2500GeV_075,0.7383269810155562,2500.0,0.75
15,Zprime_3000GeV_015,0.8457325676579165,3000.0,0.15
16,Zprime_3000GeV_030,0.8242268147252557,3000.0,0.3
17,Zprime_3000GeV_045,0.8029817833910987,3000.0,0.45
18,Zprime_3000GeV_060,0.7691742809751495,3000.0,0.6
19,Zprime_3000GeV_075,0.7349816667385551,3000.0,0.75
20,Zprime_3500GeV_015,0.8427713049556136,3500.0,0.15
21,Zprime_3500GeV_030,0.8266251399998125,3500.0,0.3
22,Zprime_3500GeV_045,0.7991551973106412,3500.0,0.45
23,Zprime_3500GeV_060,0.7722863022937622,3500.0,0.6
24,Zprime_3500GeV_075,0.7337436558585273,3500.0,0.75
25,Zprime_4000GeV_015,0.8452122925385038,4000.0,0.15
26,Zprime_4000GeV_030,0.831670749264058,4000.0,0.3
27,Zprime_4000GeV_045,0.7980812820290658,4000.0,0.45
28,Zprime_4000GeV_060,0.7684957866949788,4000.0,0.6
29,Zprime_4000GeV_075,0.7233570248837223,4000.0,0.75
