,name,auc,mass,nu
0,Zprime_1500GeV_015,0.864786850112622,1500.0,0.15
1,Zprime_1500GeV_030,0.8539622505925756,1500.0,0.3
2,Zprime_1500GeV_045,0.8328070395648821,1500.0,0.45
3,Zprime_1500GeV_060,0.8112604661922345,1500.0,0.6
4,Zprime_1500GeV_075,0.7777994046607468,1500.0,0.75
5,Zprime_2000GeV_015,0.8799984674024639,2000.0,0.15
6,Zprime_2000GeV_030,0.8665547207914528,2000.0,0.3
7,Zprime_2000GeV_045,0.8415733915811783,2000.0,0.45
8,Zprime_2000GeV_060,0.813067782543768,2000.0,0.6
9,Zprime_2000GeV_075,0.7801002933613231,2000.0,0.75
10,Zprime_2500GeV_015,0.8787178059494637,2500.0,0.15
11,Zprime_2500GeV_030,0.8614960383747635,2500.0,0.3
12,Zprime_2500GeV_045,0.8411998696468839,2500.0,0.45
13,Zprime_2500GeV_060,0.8134355220566001,2500.0,0.6
14,Zprime_2500GeV_075,0.7682034541965875,2500.0,0.75
15,Zprime_3000GeV_015,0.881422733987357,3000.0,0.15
16,Zprime_3000GeV_030,0.8588963709691926,3000.0,0.3
17,Zprime_3000GeV_045,0.8375405035218568,3000.0,0.45
18,Zprime_3000GeV_060,0.8031032081299614,3000.0,0.6
19,Zprime_3000GeV_075,0.7667736292215473,3000.0,0.75
20,Zprime_3500GeV_015,0.8778648859557027,3500.0,0.15
21,Zprime_3500GeV_030,0.8620690304527532,3500.0,0.3
22,Zprime_3500GeV_045,0.8328490495230458,3500.0,0.45
23,Zprime_3500GeV_060,0.8051819683936082,3500.0,0.6
24,Zprime_3500GeV_075,0.7645424160381615,3500.0,0.75
25,Zprime_4000GeV_015,0.8785325537124247,4000.0,0.15
26,Zprime_4000GeV_030,0.8669457223367711,4000.0,0.3
27,Zprime_4000GeV_045,0.8341548562305304,4000.0,0.45
28,Zprime_4000GeV_060,0.8012632004508555,4000.0,0.6
29,Zprime_4000GeV_075,0.7543673327105623,4000.0,0.75
