,name,auc,mass,nu
0,Zprime_1500GeV_015,0.8397355140195646,1500.0,0.15
1,Zprime_1500GeV_030,0.8278557090668536,1500.0,0.3
2,Zprime_1500GeV_045,0.7984668790730113,1500.0,0.45
3,Zprime_1500GeV_060,0.7705299277529021,1500.0,0.6
4,Zprime_1500GeV_075,0.7265052519838828,1500.0,0.75
5,Zprime_2000GeV_015,0.8569772961146829,2000.0,0.15
6,Zprime_2000GeV_030,0.8416043179240328,2000.0,0.3
7,Zprime_2000GeV_045,0.8132171095628805,2000.0,0.45
8,Zprime_2000GeV_060,0.7818109477449199,2000.0,0.6
9,Zprime_2000GeV_075,0.7469696483408543,2000.0,0.75
10,Zprime_2500GeV_015,0.8470776435940583,2500.0,0.15
11,Zprime_2500GeV_030,0.8333254892519446,2500.0,0.3
12,Zprime_2500GeV_045,0.8129584719832477,2500.0,0.45
13,Zprime_2500GeV_060,0.7826159039903325,2500.0,0.6
14,Zprime_2500GeV_075,0.7351581110279526,2500.0,0.75
15,Zprime_3000GeV_015,0.8444112190244653,3000.0,0.15
16,Zprime_3000GeV_030,0.823906756596738,3000.0,0.3
17,Zprime_3000GeV_045,0.8029576030302121,3000.0,0.45
18,Zprime_3000GeV_060,0.7688849535017039,3000.0,0.6
19,Zprime_3000GeV_075,0.7332840325912944,3000.0,0.75
20,Zprime_3500GeV_015,0.8390104620371999,3500.0,0.15
21,Zprime_3500GeV_030,0.824666699017151,3500.0,0.3
22,Zprime_3500GeV_045,0.797887613869186,3500.0,0.45
23,Zprime_3500GeV_060,0.769984725878005,3500.0,0.6
24,Zprime_3500GeV_075,0.7308271772062143,3500.0,0.75
25,Zprime_4000GeV_015,0.8358602885384019,4000.0,0.15
26,Zprime_4000GeV_030,0.8245987709384436,4000.0,0.3
27,Zprime_4000GeV_045,0.7923034802267745,4000.0,0.45
28,Zprime_4000GeV_060,0.7635187930981251,4000.0,0.6
29,Zprime_4000GeV_075,0.7204267739796998,4000.0,0.75
