,name,auc,mass,nu
0,Zprime_1500GeV_015,0.8484617156064524,1500.0,0.15
1,Zprime_1500GeV_030,0.839033866889008,1500.0,0.3
2,Zprime_1500GeV_045,0.8149588996688055,1500.0,0.45
3,Zprime_1500GeV_060,0.7896123695586418,1500.0,0.6
4,Zprime_1500GeV_075,0.7527134761712213,1500.0,0.75
5,Zprime_2000GeV_015,0.8628151232787415,2000.0,0.15
6,Zprime_2000GeV_030,0.8487818709396431,2000.0,0.3
7,Zprime_2000GeV_045,0.8221215073778637,2000.0,0.45
8,Zprime_2000GeV_060,0.7936970020230935,2000.0,0.6
9,Zprime_2000GeV_075,0.7600163938543265,2000.0,0.75
10,Zprime_2500GeV_015,0.8581384423247329,2500.0,0.15
11,Zprime_2500GeV_030,0.841612799169901,2500.0,0.3
12,Zprime_2500GeV_045,0.820689196657156,2500.0,0.45
13,Zprime_2500GeV_060,0.792267844454711,2500.0,0.6
14,Zprime_2500GeV_075,0.7466363415873769,2500.0,0.75
15,Zprime_3000GeV_015,0.8590275261918567,3000.0,0.15
16,Zprime_3000GeV_030,0.8369192208109459,3000.0,0.3
17,Zprime_3000GeV_045,0.8158137216810792,3000.0,0.45
18,Zprime_3000GeV_060,0.7807711409014124,3000.0,0.6
19,Zprime_3000GeV_075,0.7442282058100569,3000.0,0.75
20,Zprime_3500GeV_015,0.8568799401846575,3500.0,0.15
21,Zprime_3500GeV_030,0.8401849818118466,3500.0,0.3
22,Zprime_3500GeV_045,0.8110316909716174,3500.0,0.45
23,Zprime_3500GeV_060,0.7834848890364843,3500.0,0.6
24,Zprime_3500GeV_075,0.742872676679774,3500.0,0.75
25,Zprime_4000GeV_015,0.8569222018309693,4000.0,0.15
26,Zprime_4000GeV_030,0.8430735455406324,4000.0,0.3
27,Zprime_4000GeV_045,0.8095735933972736,4000.0,0.45
28,Zprime_4000GeV_060,0.7784037868535654,4000.0,0.6
29,Zprime_4000GeV_075,0.7317866451157695,4000.0,0.75
