,name,auc,mass,nu
0,Zprime_1500GeV_015,0.8406807240677991,1500.0,0.15
1,Zprime_1500GeV_030,0.8251904404872485,1500.0,0.3
2,Zprime_1500GeV_045,0.8003927793263682,1500.0,0.45
3,Zprime_1500GeV_060,0.7689273771248497,1500.0,0.6
4,Zprime_1500GeV_075,0.7340177334859215,1500.0,0.75
5,Zprime_2000GeV_015,0.8575030413265633,2000.0,0.15
6,Zprime_2000GeV_030,0.8432368192700646,2000.0,0.3
7,Zprime_2000GeV_045,0.815551330342978,2000.0,0.45
8,Zprime_2000GeV_060,0.7875714741614932,2000.0,0.6
9,Zprime_2000GeV_075,0.75303257292577,2000.0,0.75
10,Zprime_2500GeV_015,0.8566158417566971,2500.0,0.15
11,Zprime_2500GeV_030,0.8388592180989327,2500.0,0.3
12,Zprime_2500GeV_045,0.8190151058204935,2500.0,0.45
13,Zprime_2500GeV_060,0.7931784892054385,2500.0,0.6
14,Zprime_2500GeV_075,0.7467144601795286,2500.0,0.75
15,Zprime_3000GeV_015,0.8608823730258535,3000.0,0.15
16,Zprime_3000GeV_030,0.8388328230833966,3000.0,0.3
17,Zprime_3000GeV_045,0.8193597682979046,3000.0,0.45
18,Zprime_3000GeV_060,0.7872821428393002,3000.0,0.6
19,Zprime_3000GeV_075,0.7532860864830478,3000.0,0.75
20,Zprime_3500GeV_015,0.8573105068490456,3500.0,0.15
21,Zprime_3500GeV_030,0.8443002599379684,3500.0,0.3
22,Zprime_3500GeV_045,0.816121739044397,3500.0,0.45
23,Zprime_3500GeV_060,0.7888203604384912,3500.0,0.6
24,Zprime_3500GeV_075,0.7516264423386836,3500.0,0.75
25,Zprime_4000GeV_015,0.8602656471439658,4000.0,0.15
26,Zprime_4000GeV_030,0.8472642511853605,4000.0,0.3
27,Zprime_4000GeV_045,0.8182076966489101,4000.0,0.45
28,Zprime_4000GeV_060,0.7877582529575705,4000.0,0.6
29,Zprime_4000GeV_075,0.7441900603621876,4000.0,0.75
