,name,auc,mass,nu
0,Zprime_1500GeV_015,0.8489798644801883,1500.0,0.15
1,Zprime_1500GeV_030,0.8360480712633402,1500.0,0.3
2,Zprime_1500GeV_045,0.8084364259640016,1500.0,0.45
3,Zprime_1500GeV_060,0.7713256785171225,1500.0,0.6
4,Zprime_1500GeV_075,0.7175787211563657,1500.0,0.75
5,Zprime_2000GeV_015,0.8727231065875102,2000.0,0.15
6,Zprime_2000GeV_030,0.8569985739325687,2000.0,0.3
7,Zprime_2000GeV_045,0.8279359760497762,2000.0,0.45
8,Zprime_2000GeV_060,0.7933668257130722,2000.0,0.6
9,Zprime_2000GeV_075,0.7539973506182329,2000.0,0.75
10,Zprime_2500GeV_015,0.8805416028059279,2500.0,0.15
11,Zprime_2500GeV_030,0.8609058407899899,2500.0,0.3
12,Zprime_2500GeV_045,0.8367178596325158,2500.0,0.45
13,Zprime_2500GeV_060,0.8004452678922017,2500.0,0.6
14,Zprime_2500GeV_075,0.7445126972789124,2500.0,0.75
15,Zprime_3000GeV_015,0.8897088961457772,3000.0,0.15
16,Zprime_3000GeV_030,0.8646191249824497,3000.0,0.3
17,Zprime_3000GeV_045,0.8388090039310898,3000.0,0.45
18,Zprime_3000GeV_060,0.7981363187854241,3000.0,0.6
19,Zprime_3000GeV_075,0.7490735359307357,3000.0,0.75
20,Zprime_3500GeV_015,0.8947733851717389,3500.0,0.15
21,Zprime_3500GeV_030,0.8741866337102079,3500.0,0.3
22,Zprime_3500GeV_045,0.8385534586352366,3500.0,0.45
23,Zprime_3500GeV_060,0.8059021945609542,3500.0,0.6
24,Zprime_3500GeV_075,0.7524052515094867,3500.0,0.75
25,Zprime_4000GeV_015,0.8992920697880616,4000.0,0.15
26,Zprime_4000GeV_030,0.8856043216366465,4000.0,0.3
27,Zprime_4000GeV_045,0.8465052969874248,4000.0,0.45
28,Zprime_4000GeV_060,0.808368141909249,4000.0,0.6
29,Zprime_4000GeV_075,0.7513452240619689,4000.0,0.75
