,name,auc,mass,nu
0,Zprime_1500GeV_015,0.8428595885451845,1500.0,0.15
1,Zprime_1500GeV_030,0.8316397511130275,1500.0,0.3
2,Zprime_1500GeV_045,0.8126215184033703,1500.0,0.45
3,Zprime_1500GeV_060,0.7854990862125132,1500.0,0.6
4,Zprime_1500GeV_075,0.7498874006802841,1500.0,0.75
5,Zprime_2000GeV_015,0.8591804449486566,2000.0,0.15
6,Zprime_2000GeV_030,0.8439217521679914,2000.0,0.3
7,Zprime_2000GeV_045,0.8182215620089878,2000.0,0.45
8,Zprime_2000GeV_060,0.7888148444501942,2000.0,0.6
9,Zprime_2000GeV_075,0.7532291323560304,2000.0,0.75
10,Zprime_2500GeV_015,0.8624167886154221,2500.0,0.15
11,Zprime_2500GeV_030,0.842409152969793,2500.0,0.3
12,Zprime_2500GeV_045,0.8215706300118664,2500.0,0.45
13,Zprime_2500GeV_060,0.7915520321138813,2500.0,0.6
14,Zprime_2500GeV_075,0.7472489750626647,2500.0,0.75
15,Zprime_3000GeV_015,0.8711543922173098,3000.0,0.15
16,Zprime_3000GeV_030,0.8460159748825085,3000.0,0.3
17,Zprime_3000GeV_045,0.8240448903911517,3000.0,0.45
18,Zprime_3000GeV_060,0.785318493283407,3000.0,0.6
19,Zprime_3000GeV_075,0.7473231512631908,3000.0,0.75
20,Zprime_3500GeV_015,0.8701761172726589,3500.0,0.15
21,Zprime_3500GeV_030,0.8534179179045611,3500.0,0.3
22,Zprime_3500GeV_045,0.8229737254040308,3500.0,0.45
23,Zprime_3500GeV_060,0.79111009486599,3500.0,0.6
24,Zprime_3500GeV_075,0.7476698467951611,3500.0,0.75
25,Zprime_4000GeV_015,0.8744446050415678,4000.0,0.15
26,Zprime_4000GeV_030,0.8604593311712817,4000.0,0.3
27,Zprime_4000GeV_045,0.8249258576117019,4000.0,0.45
28,Zprime_4000GeV_060,0.7921901265315052,4000.0,0.6
29,Zprime_4000GeV_075,0.7394319908362982,4000.0,0.75
