,name,auc,mass,nu
0,Zprime_1500GeV_015,0.8582879763302774,1500.0,0.15
1,Zprime_1500GeV_030,0.8521897419720953,1500.0,0.3
2,Zprime_1500GeV_045,0.832054359859308,1500.0,0.45
3,Zprime_1500GeV_060,0.8076613163153483,1500.0,0.6
4,Zprime_1500GeV_075,0.7774177250584134,1500.0,0.75
5,Zprime_2000GeV_015,0.8766903148334957,2000.0,0.15
6,Zprime_2000GeV_030,0.8617633479012137,2000.0,0.3
7,Zprime_2000GeV_045,0.8371225807948305,2000.0,0.45
8,Zprime_2000GeV_060,0.8096892842041471,2000.0,0.6
9,Zprime_2000GeV_075,0.7797097130912297,2000.0,0.75
10,Zprime_2500GeV_015,0.8772905830786119,2500.0,0.15
11,Zprime_2500GeV_030,0.8599403967146945,2500.0,0.3
12,Zprime_2500GeV_045,0.8391574834493519,2500.0,0.45
13,Zprime_2500GeV_060,0.8121375380622325,2500.0,0.6
14,Zprime_2500GeV_075,0.7705816003700485,2500.0,0.75
15,Zprime_3000GeV_015,0.8831384901896209,3000.0,0.15
16,Zprime_3000GeV_030,0.8605650335212307,3000.0,0.3
17,Zprime_3000GeV_045,0.8390252948496889,3000.0,0.45
18,Zprime_3000GeV_060,0.8038561931867431,3000.0,0.6
19,Zprime_3000GeV_075,0.765226777152831,3000.0,0.75
20,Zprime_3500GeV_015,0.8821185910150788,3500.0,0.15
21,Zprime_3500GeV_030,0.8669083157903626,3500.0,0.3
22,Zprime_3500GeV_045,0.8370128785384066,3500.0,0.45
23,Zprime_3500GeV_060,0.8062997940943814,3500.0,0.6
24,Zprime_3500GeV_075,0.7640476052343196,3500.0,0.75
25,Zprime_4000GeV_015,0.8835138958393843,4000.0,0.15
26,Zprime_4000GeV_030,0.8701936797518603,4000.0,0.3
27,Zprime_4000GeV_045,0.8380595208030233,4000.0,0.45
28,Zprime_4000GeV_060,0.8048854240145441,4000.0,0.6
29,Zprime_4000GeV_075,0.7541754096650568,4000.0,0.75
