,name,auc,mass,nu
0,Zprime_1500GeV_015,0.880790374973024,1500.0,0.15
1,Zprime_1500GeV_030,0.8709838020570797,1500.0,0.3
2,Zprime_1500GeV_045,0.8498576947772881,1500.0,0.45
3,Zprime_1500GeV_060,0.8243652912100695,1500.0,0.6
4,Zprime_1500GeV_075,0.7962511123891903,1500.0,0.75
5,Zprime_2000GeV_015,0.8862424351922128,2000.0,0.15
6,Zprime_2000GeV_030,0.8739628660622183,2000.0,0.3
7,Zprime_2000GeV_045,0.8518959167751017,2000.0,0.45
8,Zprime_2000GeV_060,0.825955620811657,2000.0,0.6
9,Zprime_2000GeV_075,0.8009031806090132,2000.0,0.75
10,Zprime_2500GeV_015,0.8756789563110766,2500.0,0.15
11,Zprime_2500GeV_030,0.8653116453535742,2500.0,0.3
12,Zprime_2500GeV_045,0.8470447348336971,2500.0,0.45
13,Zprime_2500GeV_060,0.8244064493750051,2500.0,0.6
14,Zprime_2500GeV_075,0.7883162684989392,2500.0,0.75
15,Zprime_3000GeV_015,0.8779357469387901,3000.0,0.15
16,Zprime_3000GeV_030,0.8575185182822707,3000.0,0.3
17,Zprime_3000GeV_045,0.8403322485526417,3000.0,0.45
18,Zprime_3000GeV_060,0.8125568378122342,3000.0,0.6
19,Zprime_3000GeV_075,0.7792111052290736,3000.0,0.75
20,Zprime_3500GeV_015,0.870142060464637,3500.0,0.15
21,Zprime_3500GeV_030,0.8599924371257025,3500.0,0.3
22,Zprime_3500GeV_045,0.8340841973500326,3500.0,0.45
23,Zprime_3500GeV_060,0.8109655374681761,3500.0,0.6
24,Zprime_3500GeV_075,0.7756393347514987,3500.0,0.75
25,Zprime_4000GeV_015,0.8679308174378306,4000.0,0.15
26,Zprime_4000GeV_030,0.8600801531291793,4000.0,0.3
27,Zprime_4000GeV_045,0.83130501162239,4000.0,0.45
28,Zprime_4000GeV_060,0.8064974449589634,4000.0,0.6
29,Zprime_4000GeV_075,0.7659972449922687,4000.0,0.75
