,name,auc,mass,nu
0,Zprime_1500GeV_015,0.8809315609068411,1500.0,0.15
1,Zprime_1500GeV_030,0.8758667373635862,1500.0,0.3
2,Zprime_1500GeV_045,0.8563179576485337,1500.0,0.45
3,Zprime_1500GeV_060,0.8328011440183839,1500.0,0.6
4,Zprime_1500GeV_075,0.7995133532747147,1500.0,0.75
5,Zprime_2000GeV_015,0.8955952905278339,2000.0,0.15
6,Zprime_2000GeV_030,0.8817868146867212,2000.0,0.3
7,Zprime_2000GeV_045,0.8577295529280135,2000.0,0.45
8,Zprime_2000GeV_060,0.8303725413587181,2000.0,0.6
9,Zprime_2000GeV_075,0.8017451993215073,2000.0,0.75
10,Zprime_2500GeV_015,0.8971155616594075,2500.0,0.15
11,Zprime_2500GeV_030,0.8791458182767178,2500.0,0.3
12,Zprime_2500GeV_045,0.858666703862381,2500.0,0.45
13,Zprime_2500GeV_060,0.8332007900272899,2500.0,0.6
14,Zprime_2500GeV_075,0.7909780856891319,2500.0,0.75
15,Zprime_3000GeV_015,0.9034128729900935,3000.0,0.15
16,Zprime_3000GeV_030,0.8808115279090254,3000.0,0.3
17,Zprime_3000GeV_045,0.8608856450731605,3000.0,0.45
18,Zprime_3000GeV_060,0.8253893722088569,3000.0,0.6
19,Zprime_3000GeV_075,0.7879785827922385,3000.0,0.75
20,Zprime_3500GeV_015,0.9012834450513486,3500.0,0.15
21,Zprime_3500GeV_030,0.887467856624846,3500.0,0.3
22,Zprime_3500GeV_045,0.8595941199884883,3500.0,0.45
23,Zprime_3500GeV_060,0.8290358514118714,3500.0,0.6
24,Zprime_3500GeV_075,0.7863169922000903,3500.0,0.75
25,Zprime_4000GeV_015,0.9030338829032684,4000.0,0.15
26,Zprime_4000GeV_030,0.8923977871505014,4000.0,0.3
27,Zprime_4000GeV_045,0.8604075673631988,4000.0,0.45
28,Zprime_4000GeV_060,0.8266062979521936,4000.0,0.6
29,Zprime_4000GeV_075,0.7772070530137631,4000.0,0.75
