,name,auc,mass,nu
0,Zprime_1500GeV_015,0.79623740070273,1500.0,0.15
1,Zprime_1500GeV_030,0.7800908386725889,1500.0,0.3
2,Zprime_1500GeV_045,0.76208122857007,1500.0,0.45
3,Zprime_1500GeV_060,0.7385138950242832,1500.0,0.6
4,Zprime_1500GeV_075,0.6990907360758455,1500.0,0.75
5,Zprime_2000GeV_015,0.7995865085571054,2000.0,0.15
6,Zprime_2000GeV_030,0.782759336797491,2000.0,0.3
7,Zprime_2000GeV_045,0.7601967290921859,2000.0,0.45
8,Zprime_2000GeV_060,0.7329633333587164,2000.0,0.6
9,Zprime_2000GeV_075,0.7097931701581804,2000.0,0.75
10,Zprime_2500GeV_015,0.7987155888633607,2500.0,0.15
11,Zprime_2500GeV_030,0.781118272472517,2500.0,0.3
12,Zprime_2500GeV_045,0.7603246818098405,2500.0,0.45
13,Zprime_2500GeV_060,0.7315590132028045,2500.0,0.6
14,Zprime_2500GeV_075,0.6963695745885828,2500.0,0.75
15,Zprime_3000GeV_015,0.8156850581767242,3000.0,0.15
16,Zprime_3000GeV_030,0.7898223167746444,3000.0,0.3
17,Zprime_3000GeV_045,0.7612562934373632,3000.0,0.45
18,Zprime_3000GeV_060,0.7294883979683149,3000.0,0.6
19,Zprime_3000GeV_075,0.7000498771442865,3000.0,0.75
20,Zprime_3500GeV_015,0.8236649852973912,3500.0,0.15
21,Zprime_3500GeV_030,0.8012378163782857,3500.0,0.3
22,Zprime_3500GeV_045,0.7671746578609925,3500.0,0.45
23,Zprime_3500GeV_060,0.7340581631807004,3500.0,0.6
24,Zprime_3500GeV_075,0.6976555469606136,3500.0,0.75
25,Zprime_4000GeV_015,0.8360389601807363,4000.0,0.15
26,Zprime_4000GeV_030,0.8154275764170532,4000.0,0.3
27,Zprime_4000GeV_045,0.7779104823231514,4000.0,0.45
28,Zprime_4000GeV_060,0.7396744513867884,4000.0,0.6
29,Zprime_4000GeV_075,0.6944223787984299,4000.0,0.75
