,name,auc,mass,nu
0,Zprime_1500GeV_015,0.8661532823802759,1500.0,0.15
1,Zprime_1500GeV_030,0.8534408079738517,1500.0,0.3
2,Zprime_1500GeV_045,0.8256794241154669,1500.0,0.45
3,Zprime_1500GeV_060,0.7926244619088489,1500.0,0.6
4,Zprime_1500GeV_075,0.7417086716545236,1500.0,0.75
5,Zprime_2000GeV_015,0.887497497224474,2000.0,0.15
6,Zprime_2000GeV_030,0.8734197770124592,2000.0,0.3
7,Zprime_2000GeV_045,0.8465909551167192,2000.0,0.45
8,Zprime_2000GeV_060,0.8139290665695077,2000.0,0.6
9,Zprime_2000GeV_075,0.7775278172845913,2000.0,0.75
10,Zprime_2500GeV_015,0.8885530813227422,2500.0,0.15
11,Zprime_2500GeV_030,0.8716607894722496,2500.0,0.3
12,Zprime_2500GeV_045,0.8495535805051588,2500.0,0.45
13,Zprime_2500GeV_060,0.8181232295188869,2500.0,0.6
14,Zprime_2500GeV_075,0.7672250886028225,2500.0,0.75
15,Zprime_3000GeV_015,0.8905379238040593,3000.0,0.15
16,Zprime_3000GeV_030,0.8683577181219347,3000.0,0.3
17,Zprime_3000GeV_045,0.8449589607588933,3000.0,0.45
18,Zprime_3000GeV_060,0.8109153955053208,3000.0,0.6
19,Zprime_3000GeV_075,0.7675009538701612,3000.0,0.75
20,Zprime_3500GeV_015,0.88916499084775,3500.0,0.15
21,Zprime_3500GeV_030,0.8738169289466021,3500.0,0.3
22,Zprime_3500GeV_045,0.8405798476113829,3500.0,0.45
23,Zprime_3500GeV_060,0.8120050887468386,3500.0,0.6
24,Zprime_3500GeV_075,0.7661924944670062,3500.0,0.75
25,Zprime_4000GeV_015,0.8928296156978976,4000.0,0.15
26,Zprime_4000GeV_030,0.879839922612233,4000.0,0.3
27,Zprime_4000GeV_045,0.8455255055178721,4000.0,0.45
28,Zprime_4000GeV_060,0.8109728393863246,4000.0,0.6
29,Zprime_4000GeV_075,0.7603011033324658,4000.0,0.75
