,name,auc,mass,nu
0,Zprime_1500GeV_015,0.8485535039802989,1500.0,0.15
1,Zprime_1500GeV_030,0.8324449324891973,1500.0,0.3
2,Zprime_1500GeV_045,0.8089514635798672,1500.0,0.45
3,Zprime_1500GeV_060,0.7788425157279891,1500.0,0.6
4,Zprime_1500GeV_075,0.7295719439888846,1500.0,0.75
5,Zprime_2000GeV_015,0.857630005844424,2000.0,0.15
6,Zprime_2000GeV_030,0.844432294446188,2000.0,0.3
7,Zprime_2000GeV_045,0.8177662772891782,2000.0,0.45
8,Zprime_2000GeV_060,0.7899032380067438,2000.0,0.6
9,Zprime_2000GeV_075,0.7582355273373097,2000.0,0.75
10,Zprime_2500GeV_015,0.8484550241203573,2500.0,0.15
11,Zprime_2500GeV_030,0.8329566151292818,2500.0,0.3
12,Zprime_2500GeV_045,0.8144519324460684,2500.0,0.45
13,Zprime_2500GeV_060,0.7857990145516387,2500.0,0.6
14,Zprime_2500GeV_075,0.7431061697240354,2500.0,0.75
15,Zprime_3000GeV_015,0.8464496730780613,3000.0,0.15
16,Zprime_3000GeV_030,0.8261319977301533,3000.0,0.3
17,Zprime_3000GeV_045,0.8033453911977023,3000.0,0.45
18,Zprime_3000GeV_060,0.7741834356553403,3000.0,0.6
19,Zprime_3000GeV_075,0.7428905855983459,3000.0,0.75
20,Zprime_3500GeV_015,0.8447872050787537,3500.0,0.15
21,Zprime_3500GeV_030,0.8278024615345786,3500.0,0.3
22,Zprime_3500GeV_045,0.8000520773876563,3500.0,0.45
23,Zprime_3500GeV_060,0.7768873859075174,3500.0,0.6
24,Zprime_3500GeV_075,0.7398885343475365,3500.0,0.75
25,Zprime_4000GeV_015,0.8507850185933757,4000.0,0.15
26,Zprime_4000GeV_030,0.8357071280364886,4000.0,0.3
27,Zprime_4000GeV_045,0.8035273237339703,4000.0,0.45
28,Zprime_4000GeV_060,0.7721137008408281,4000.0,0.6
29,Zprime_4000GeV_075,0.7331069329772062,4000.0,0.75
