,name,auc,mass,nu
0,Zprime_1500GeV_015,0.847247446508165,1500.0,0.15
1,Zprime_1500GeV_030,0.8424785584380312,1500.0,0.3
2,Zprime_1500GeV_045,0.8169408610528445,1500.0,0.45
3,Zprime_1500GeV_060,0.7868091860381636,1500.0,0.6
4,Zprime_1500GeV_075,0.7556752429117541,1500.0,0.75
5,Zprime_2000GeV_015,0.860840200685057,2000.0,0.15
6,Zprime_2000GeV_030,0.8468185428395644,2000.0,0.3
7,Zprime_2000GeV_045,0.8192700973795505,2000.0,0.45
8,Zprime_2000GeV_060,0.7908158462202373,2000.0,0.6
9,Zprime_2000GeV_075,0.7609775449890355,2000.0,0.75
10,Zprime_2500GeV_015,0.8552672196092637,2500.0,0.15
11,Zprime_2500GeV_030,0.8386757343640627,2500.0,0.3
12,Zprime_2500GeV_045,0.8195318688203825,2500.0,0.45
13,Zprime_2500GeV_060,0.7940316849576865,2500.0,0.6
14,Zprime_2500GeV_075,0.7501068338810983,2500.0,0.75
15,Zprime_3000GeV_015,0.8582124578933187,3000.0,0.15
16,Zprime_3000GeV_030,0.8373085476948886,3000.0,0.3
17,Zprime_3000GeV_045,0.816962747106705,3000.0,0.45
18,Zprime_3000GeV_060,0.7816413363252654,3000.0,0.6
19,Zprime_3000GeV_075,0.7449687963456011,3000.0,0.75
20,Zprime_3500GeV_015,0.8569743814903901,3500.0,0.15
21,Zprime_3500GeV_030,0.8436954379816411,3500.0,0.3
22,Zprime_3500GeV_045,0.8136574134777194,3500.0,0.45
23,Zprime_3500GeV_060,0.7852434737168421,3500.0,0.6
24,Zprime_3500GeV_075,0.7425522679902876,3500.0,0.75
25,Zprime_4000GeV_015,0.857115217956671,4000.0,0.15
26,Zprime_4000GeV_030,0.8456036720981254,4000.0,0.3
27,Zprime_4000GeV_045,0.813881810545067,4000.0,0.45
28,Zprime_4000GeV_060,0.7817653546392317,4000.0,0.6
29,Zprime_4000GeV_075,0.7369465504699642,4000.0,0.75
