,name,auc,mass,nu
0,Zprime_1500GeV_015,0.8851758973539725,1500.0,0.15
1,Zprime_1500GeV_030,0.8714806751185944,1500.0,0.3
2,Zprime_1500GeV_045,0.8517149599539036,1500.0,0.45
3,Zprime_1500GeV_060,0.8232058364254643,1500.0,0.6
4,Zprime_1500GeV_075,0.7794295135234992,1500.0,0.75
5,Zprime_2000GeV_015,0.8899112244130437,2000.0,0.15
6,Zprime_2000GeV_030,0.8785358837372657,2000.0,0.3
7,Zprime_2000GeV_045,0.8556631539595587,2000.0,0.45
8,Zprime_2000GeV_060,0.8296498744802834,2000.0,0.6
9,Zprime_2000GeV_075,0.7975338137978373,2000.0,0.75
10,Zprime_2500GeV_015,0.8847155064216723,2500.0,0.15
11,Zprime_2500GeV_030,0.8694244069720218,2500.0,0.3
12,Zprime_2500GeV_045,0.8513297546643189,2500.0,0.45
13,Zprime_2500GeV_060,0.8276132735456774,2500.0,0.6
14,Zprime_2500GeV_075,0.7867327073603565,2500.0,0.75
15,Zprime_3000GeV_015,0.880907383779013,3000.0,0.15
16,Zprime_3000GeV_030,0.8620309836905939,3000.0,0.3
17,Zprime_3000GeV_045,0.8413467276091133,3000.0,0.45
18,Zprime_3000GeV_060,0.8140688285079671,3000.0,0.6
19,Zprime_3000GeV_075,0.7825905386528655,3000.0,0.75
20,Zprime_3500GeV_015,0.874976143193809,3500.0,0.15
21,Zprime_3500GeV_030,0.8616189272874523,3500.0,0.3
22,Zprime_3500GeV_045,0.8367742703297932,3500.0,0.45
23,Zprime_3500GeV_060,0.8142237910143837,3500.0,0.6
24,Zprime_3500GeV_075,0.7791288489224091,3500.0,0.75
25,Zprime_4000GeV_015,0.8800938643780908,4000.0,0.15
26,Zprime_4000GeV_030,0.8670448270858092,4000.0,0.3
27,Zprime_4000GeV_045,0.8386796586211842,4000.0,0.45
28,Zprime_4000GeV_060,0.8112860529949848,4000.0,0.6
29,Zprime_4000GeV_075,0.7723377704024036,4000.0,0.75
