,name,auc,mass,nu
0,Zprime_1500GeV_015,0.8384510606812238,1500.0,0.15
1,Zprime_1500GeV_030,0.8276518874175336,1500.0,0.3
2,Zprime_1500GeV_045,0.8028334975633449,1500.0,0.45
3,Zprime_1500GeV_060,0.7765354637290938,1500.0,0.6
4,Zprime_1500GeV_075,0.7366938858429868,1500.0,0.75
5,Zprime_2000GeV_015,0.8426926371539787,2000.0,0.15
6,Zprime_2000GeV_030,0.8306092180478557,2000.0,0.3
7,Zprime_2000GeV_045,0.8062349647940152,2000.0,0.45
8,Zprime_2000GeV_060,0.7833406595821995,2000.0,0.6
9,Zprime_2000GeV_075,0.75998819736779,2000.0,0.75
10,Zprime_2500GeV_015,0.8346856461143326,2500.0,0.15
11,Zprime_2500GeV_030,0.8192831927715418,2500.0,0.3
12,Zprime_2500GeV_045,0.8019661559978798,2500.0,0.45
13,Zprime_2500GeV_060,0.7773217952779322,2500.0,0.6
14,Zprime_2500GeV_075,0.7438897807631382,2500.0,0.75
15,Zprime_3000GeV_015,0.8401600291766286,3000.0,0.15
16,Zprime_3000GeV_030,0.8194855578625322,3000.0,0.3
17,Zprime_3000GeV_045,0.8002001442204034,3000.0,0.45
18,Zprime_3000GeV_060,0.7705009553627126,3000.0,0.6
19,Zprime_3000GeV_075,0.7479174932210131,3000.0,0.75
20,Zprime_3500GeV_015,0.8441750102194768,3500.0,0.15
21,Zprime_3500GeV_030,0.8283632899239582,3500.0,0.3
22,Zprime_3500GeV_045,0.8020412788574212,3500.0,0.45
23,Zprime_3500GeV_060,0.7791866361007618,3500.0,0.6
24,Zprime_3500GeV_075,0.7457720943724617,3500.0,0.75
25,Zprime_4000GeV_015,0.8500398632135443,4000.0,0.15
26,Zprime_4000GeV_030,0.8388482350407911,4000.0,0.3
27,Zprime_4000GeV_045,0.8048348872519302,4000.0,0.45
28,Zprime_4000GeV_060,0.773971435403593,4000.0,0.6
29,Zprime_4000GeV_075,0.736086958739179,4000.0,0.75
