,name,auc,mass,nu
0,Zprime_1500GeV_015,0.8767160688978014,1500.0,0.15
1,Zprime_1500GeV_030,0.864315544973914,1500.0,0.3
2,Zprime_1500GeV_045,0.8456257108534899,1500.0,0.45
3,Zprime_1500GeV_060,0.8272645210500978,1500.0,0.6
4,Zprime_1500GeV_075,0.7937234181190862,1500.0,0.75
5,Zprime_2000GeV_015,0.8810393280797093,2000.0,0.15
6,Zprime_2000GeV_030,0.869815857807712,2000.0,0.3
7,Zprime_2000GeV_045,0.8472161325537797,2000.0,0.45
8,Zprime_2000GeV_060,0.8232346020533079,2000.0,0.6
9,Zprime_2000GeV_075,0.796266263864897,2000.0,0.75
10,Zprime_2500GeV_015,0.8714782786897075,2500.0,0.15
11,Zprime_2500GeV_030,0.8566169287171456,2500.0,0.3
12,Zprime_2500GeV_045,0.8400115716497418,2500.0,0.45
13,Zprime_2500GeV_060,0.8163670852195027,2500.0,0.6
14,Zprime_2500GeV_075,0.7797557389052835,2500.0,0.75
15,Zprime_3000GeV_015,0.8654866448010158,3000.0,0.15
16,Zprime_3000GeV_030,0.8476248107541627,3000.0,0.3
17,Zprime_3000GeV_045,0.8297819337761241,3000.0,0.45
18,Zprime_3000GeV_060,0.802318155742772,3000.0,0.6
19,Zprime_3000GeV_075,0.7736596067969526,3000.0,0.75
20,Zprime_3500GeV_015,0.8571678163699756,3500.0,0.15
21,Zprime_3500GeV_030,0.8436507698607204,3500.0,0.3
22,Zprime_3500GeV_045,0.8207038368393369,3500.0,0.45
23,Zprime_3500GeV_060,0.8016023007487286,3500.0,0.6
24,Zprime_3500GeV_075,0.7691547841595221,3500.0,0.75
25,Zprime_4000GeV_015,0.8551024261314617,4000.0,0.15
26,Zprime_4000GeV_030,0.844607744557117,4000.0,0.3
27,Zprime_4000GeV_045,0.8169634329636086,4000.0,0.45
28,Zprime_4000GeV_060,0.7938239932376446,4000.0,0.6
29,Zprime_4000GeV_075,0.7583641478999984,4000.0,0.75
