,name,auc,mass,nu
0,Zprime_1500GeV_015,0.8888132160310614,1500.0,0.15
1,Zprime_1500GeV_030,0.8849525860383624,1500.0,0.3
2,Zprime_1500GeV_045,0.8633006158158718,1500.0,0.45
3,Zprime_1500GeV_060,0.8433414460673506,1500.0,0.6
4,Zprime_1500GeV_075,0.8224234080451447,1500.0,0.75
5,Zprime_2000GeV_015,0.8968246383715803,2000.0,0.15
6,Zprime_2000GeV_030,0.8877139879828855,2000.0,0.3
7,Zprime_2000GeV_045,0.8650502661484601,2000.0,0.45
8,Zprime_2000GeV_060,0.8411462414948639,2000.0,0.6
9,Zprime_2000GeV_075,0.8158021678292957,2000.0,0.75
10,Zprime_2500GeV_015,0.889918540576464,2500.0,0.15
11,Zprime_2500GeV_030,0.875517766267798,2500.0,0.3
12,Zprime_2500GeV_045,0.8599126814847458,2500.0,0.45
13,Zprime_2500GeV_060,0.8386704288674931,2500.0,0.6
14,Zprime_2500GeV_075,0.8014002656032133,2500.0,0.75
15,Zprime_3000GeV_015,0.8892722394574554,3000.0,0.15
16,Zprime_3000GeV_030,0.8694778434756083,3000.0,0.3
17,Zprime_3000GeV_045,0.8537037518943409,3000.0,0.45
18,Zprime_3000GeV_060,0.826465577039515,3000.0,0.6
19,Zprime_3000GeV_075,0.7957273611325013,3000.0,0.75
20,Zprime_3500GeV_015,0.882655198748618,3500.0,0.15
21,Zprime_3500GeV_030,0.8721905933701379,3500.0,0.3
22,Zprime_3500GeV_045,0.8476233603229636,3500.0,0.45
23,Zprime_3500GeV_060,0.8237336127014543,3500.0,0.6
24,Zprime_3500GeV_075,0.7923073658651885,3500.0,0.75
25,Zprime_4000GeV_015,0.8804500622187561,4000.0,0.15
26,Zprime_4000GeV_030,0.8711851339131287,4000.0,0.3
27,Zprime_4000GeV_045,0.8448527938197364,4000.0,0.45
28,Zprime_4000GeV_060,0.8181861307027487,4000.0,0.6
29,Zprime_4000GeV_075,0.7798840123184133,4000.0,0.75
