,name,auc,mass,nu
0,Zprime_1500GeV_015,0.8786523831811935,1500.0,0.15
1,Zprime_1500GeV_030,0.8661325694050364,1500.0,0.3
2,Zprime_1500GeV_045,0.8432950283715445,1500.0,0.45
3,Zprime_1500GeV_060,0.8194895660926956,1500.0,0.6
4,Zprime_1500GeV_075,0.7742715019353967,1500.0,0.75
5,Zprime_2000GeV_015,0.8897785861398085,2000.0,0.15
6,Zprime_2000GeV_030,0.8768851463002982,2000.0,0.3
7,Zprime_2000GeV_045,0.8522967985552891,2000.0,0.45
8,Zprime_2000GeV_060,0.8269169312163556,2000.0,0.6
9,Zprime_2000GeV_075,0.7973942366562847,2000.0,0.75
10,Zprime_2500GeV_015,0.8788594856889407,2500.0,0.15
11,Zprime_2500GeV_030,0.8638394311381143,2500.0,0.3
12,Zprime_2500GeV_045,0.8469243951401593,2500.0,0.45
13,Zprime_2500GeV_060,0.8222369411813097,2500.0,0.6
14,Zprime_2500GeV_075,0.7848498270999547,2500.0,0.75
15,Zprime_3000GeV_015,0.871510780525768,3000.0,0.15
16,Zprime_3000GeV_030,0.8532054650649723,3000.0,0.3
17,Zprime_3000GeV_045,0.8342476939787954,3000.0,0.45
18,Zprime_3000GeV_060,0.8071423639592163,3000.0,0.6
19,Zprime_3000GeV_075,0.7814797445989706,3000.0,0.75
20,Zprime_3500GeV_015,0.8621441392201414,3500.0,0.15
21,Zprime_3500GeV_030,0.8487687654415769,3500.0,0.3
22,Zprime_3500GeV_045,0.826832326731979,3500.0,0.45
23,Zprime_3500GeV_060,0.8068995377512502,3500.0,0.6
24,Zprime_3500GeV_075,0.7753336878746857,3500.0,0.75
25,Zprime_4000GeV_015,0.8630532172931593,4000.0,0.15
26,Zprime_4000GeV_030,0.8509932624280891,4000.0,0.3
27,Zprime_4000GeV_045,0.823480322791621,4000.0,0.45
28,Zprime_4000GeV_060,0.7984199745629998,4000.0,0.6
29,Zprime_4000GeV_075,0.7642418033614974,4000.0,0.75
