,name,auc,mass,nu
0,Zprime_1500GeV_015,0.8371381132420961,1500.0,0.15
1,Zprime_1500GeV_030,0.8281253137241847,1500.0,0.3
2,Zprime_1500GeV_045,0.8079043119410427,1500.0,0.45
3,Zprime_1500GeV_060,0.7760141618196154,1500.0,0.6
4,Zprime_1500GeV_075,0.7462019007658149,1500.0,0.75
5,Zprime_2000GeV_015,0.8360109926845696,2000.0,0.15
6,Zprime_2000GeV_030,0.8262445713922139,2000.0,0.3
7,Zprime_2000GeV_045,0.8043261936368147,2000.0,0.45
8,Zprime_2000GeV_060,0.7835751330182084,2000.0,0.6
9,Zprime_2000GeV_075,0.7634923134655086,2000.0,0.75
10,Zprime_2500GeV_015,0.8282356363247579,2500.0,0.15
11,Zprime_2500GeV_030,0.8139801689282352,2500.0,0.3
12,Zprime_2500GeV_045,0.7994647179474732,2500.0,0.45
13,Zprime_2500GeV_060,0.7786383620792714,2500.0,0.6
14,Zprime_2500GeV_075,0.7445767935431284,2500.0,0.75
15,Zprime_3000GeV_015,0.8292724706567743,3000.0,0.15
16,Zprime_3000GeV_030,0.8106874383852959,3000.0,0.3
17,Zprime_3000GeV_045,0.7912370400494244,3000.0,0.45
18,Zprime_3000GeV_060,0.7672034346105602,3000.0,0.6
19,Zprime_3000GeV_075,0.7486654452983689,3000.0,0.75
20,Zprime_3500GeV_015,0.824691448727439,3500.0,0.15
21,Zprime_3500GeV_030,0.8104935892709154,3500.0,0.3
22,Zprime_3500GeV_045,0.7919326749721927,3500.0,0.45
23,Zprime_3500GeV_060,0.7709884546479461,3500.0,0.6
24,Zprime_3500GeV_075,0.7467720943724618,3500.0,0.75
25,Zprime_4000GeV_015,0.8320515462489582,4000.0,0.15
26,Zprime_4000GeV_030,0.8169419998795497,4000.0,0.3
27,Zprime_4000GeV_045,0.7916353718766037,4000.0,0.45
28,Zprime_4000GeV_060,0.7676137213980312,4000.0,0.6
29,Zprime_4000GeV_075,0.739075052710209,4000.0,0.75
