,name,auc,mass,nu
0,Zprime_1500GeV_015,0.8604165090148794,1500.0,0.15
1,Zprime_1500GeV_030,0.8480799551513114,1500.0,0.3
2,Zprime_1500GeV_045,0.824998344521949,1500.0,0.45
3,Zprime_1500GeV_060,0.8000937610423623,1500.0,0.6
4,Zprime_1500GeV_075,0.7618985528964257,1500.0,0.75
5,Zprime_2000GeV_015,0.8696592331128931,2000.0,0.15
6,Zprime_2000GeV_030,0.8566465243623509,2000.0,0.3
7,Zprime_2000GeV_045,0.830524403645092,2000.0,0.45
8,Zprime_2000GeV_060,0.803649808037775,2000.0,0.6
9,Zprime_2000GeV_075,0.7743208069308596,2000.0,0.75
10,Zprime_2500GeV_015,0.8584999966325788,2500.0,0.15
11,Zprime_2500GeV_030,0.8455556309787666,2500.0,0.3
12,Zprime_2500GeV_045,0.8262333544581874,2500.0,0.45
13,Zprime_2500GeV_060,0.8013167775566785,2500.0,0.6
14,Zprime_2500GeV_075,0.7577758279290469,2500.0,0.75
15,Zprime_3000GeV_015,0.8553940689327202,3000.0,0.15
16,Zprime_3000GeV_030,0.8379307774170274,3000.0,0.3
17,Zprime_3000GeV_045,0.8185085704591433,3000.0,0.45
18,Zprime_3000GeV_060,0.7864111046552039,3000.0,0.6
19,Zprime_3000GeV_075,0.7537596862022988,3000.0,0.75
20,Zprime_3500GeV_015,0.8499826453906801,3500.0,0.15
21,Zprime_3500GeV_030,0.8376616159297381,3500.0,0.3
22,Zprime_3500GeV_045,0.8131859811637608,3500.0,0.45
23,Zprime_3500GeV_060,0.7857932793731426,3500.0,0.6
24,Zprime_3500GeV_075,0.7490234104729367,3500.0,0.75
25,Zprime_4000GeV_015,0.8473634539993389,4000.0,0.15
26,Zprime_4000GeV_030,0.8365611085235495,4000.0,0.3
27,Zprime_4000GeV_045,0.8067469782249032,4000.0,0.45
28,Zprime_4000GeV_060,0.779041990301813,4000.0,0.6
29,Zprime_4000GeV_075,0.7376314285476201,4000.0,0.75
