,name,auc,mass,nu
0,Zprime_1500GeV_015,0.8373227410017031,1500.0,0.15
1,Zprime_1500GeV_030,0.8303147122508566,1500.0,0.3
2,Zprime_1500GeV_045,0.8039400597245965,1500.0,0.45
3,Zprime_1500GeV_060,0.7728000595896807,1500.0,0.6
4,Zprime_1500GeV_075,0.7354180392760938,1500.0,0.75
5,Zprime_2000GeV_015,0.8528039300303373,2000.0,0.15
6,Zprime_2000GeV_030,0.8392027433634497,2000.0,0.3
7,Zprime_2000GeV_045,0.8119771085512636,2000.0,0.45
8,Zprime_2000GeV_060,0.7803780545248645,2000.0,0.6
9,Zprime_2000GeV_075,0.7485421237829386,2000.0,0.75
10,Zprime_2500GeV_015,0.8524566630923895,2500.0,0.15
11,Zprime_2500GeV_030,0.8360584359888922,2500.0,0.3
12,Zprime_2500GeV_045,0.8149014384496827,2500.0,0.45
13,Zprime_2500GeV_060,0.7878908630365731,2500.0,0.6
14,Zprime_2500GeV_075,0.7388949598117373,2500.0,0.75
15,Zprime_3000GeV_015,0.8600344223134586,3000.0,0.15
16,Zprime_3000GeV_030,0.8375343009575865,3000.0,0.3
17,Zprime_3000GeV_045,0.8153956915264777,3000.0,0.45
18,Zprime_3000GeV_060,0.7770830280601085,3000.0,0.6
19,Zprime_3000GeV_075,0.7392839374309532,3000.0,0.75
20,Zprime_3500GeV_015,0.8595352514010762,3500.0,0.15
21,Zprime_3500GeV_030,0.8445781129355407,3500.0,0.3
22,Zprime_3500GeV_045,0.8134636274198335,3500.0,0.45
23,Zprime_3500GeV_060,0.7810985405912583,3500.0,0.6
24,Zprime_3500GeV_075,0.7386454801349406,3500.0,0.75
25,Zprime_4000GeV_015,0.8621520348178323,4000.0,0.15
26,Zprime_4000GeV_030,0.8465812710769007,4000.0,0.3
27,Zprime_4000GeV_045,0.8139286948084976,4000.0,0.45
28,Zprime_4000GeV_060,0.7807981164720781,4000.0,0.6
29,Zprime_4000GeV_075,0.7296402228118843,4000.0,0.75
