,name,auc,mass,nu
0,Zprime_1500GeV_015,0.8590155101331562,1500.0,0.15
1,Zprime_1500GeV_030,0.8468573554913752,1500.0,0.3
2,Zprime_1500GeV_045,0.8278229799241852,1500.0,0.45
3,Zprime_1500GeV_060,0.8029247020569867,1500.0,0.6
4,Zprime_1500GeV_075,0.7660174974040764,1500.0,0.75
5,Zprime_2000GeV_015,0.862631284490138,2000.0,0.15
6,Zprime_2000GeV_030,0.8501770129644867,2000.0,0.3
7,Zprime_2000GeV_045,0.832238400488923,2000.0,0.45
8,Zprime_2000GeV_060,0.8091236302892261,2000.0,0.6
9,Zprime_2000GeV_075,0.7865063356417281,2000.0,0.75
10,Zprime_2500GeV_015,0.8511245548389362,2500.0,0.15
11,Zprime_2500GeV_030,0.8395916610951436,2500.0,0.3
12,Zprime_2500GeV_045,0.8219046349169724,2500.0,0.45
13,Zprime_2500GeV_060,0.8033893964337726,2500.0,0.6
14,Zprime_2500GeV_075,0.7714381410625596,2500.0,0.75
15,Zprime_3000GeV_015,0.8548717019404763,3000.0,0.15
16,Zprime_3000GeV_030,0.8339615840158104,3000.0,0.3
17,Zprime_3000GeV_045,0.8134449203600584,3000.0,0.45
18,Zprime_3000GeV_060,0.7910290609439099,3000.0,0.6
19,Zprime_3000GeV_075,0.7673374024309668,3000.0,0.75
20,Zprime_3500GeV_015,0.8530328962961188,3500.0,0.15
21,Zprime_3500GeV_030,0.8355184736372573,3500.0,0.3
22,Zprime_3500GeV_045,0.8097164119262035,3500.0,0.45
23,Zprime_3500GeV_060,0.7876429162247668,3500.0,0.6
24,Zprime_3500GeV_075,0.761163475794495,3500.0,0.75
25,Zprime_4000GeV_015,0.8589106573766576,4000.0,0.15
26,Zprime_4000GeV_030,0.8439238187024118,4000.0,0.3
27,Zprime_4000GeV_045,0.8125973853074715,4000.0,0.45
28,Zprime_4000GeV_060,0.7870288861216453,4000.0,0.6
29,Zprime_4000GeV_075,0.7531325622912421,4000.0,0.75
