,name,auc,mass,nu
0,Zprime_1500GeV_015,0.8746824776227885,1500.0,0.15
1,Zprime_1500GeV_030,0.8626162826946834,1500.0,0.3
2,Zprime_1500GeV_045,0.8372259854377233,1500.0,0.45
3,Zprime_1500GeV_060,0.8085582876116202,1500.0,0.6
4,Zprime_1500GeV_075,0.7617066317511106,1500.0,0.75
5,Zprime_2000GeV_015,0.8830629561035674,2000.0,0.15
6,Zprime_2000GeV_030,0.8720596394073715,2000.0,0.3
7,Zprime_2000GeV_045,0.846549473112949,2000.0,0.45
8,Zprime_2000GeV_060,0.8200669931275518,2000.0,0.6
9,Zprime_2000GeV_075,0.7888882587744792,2000.0,0.75
10,Zprime_2500GeV_015,0.8738891794291932,2500.0,0.15
11,Zprime_2500GeV_030,0.8605685908071876,2500.0,0.3
12,Zprime_2500GeV_045,0.841954527608913,2500.0,0.45
13,Zprime_2500GeV_060,0.8179468636371532,2500.0,0.6
14,Zprime_2500GeV_075,0.7748923213921898,2500.0,0.75
15,Zprime_3000GeV_015,0.868118252086314,3000.0,0.15
16,Zprime_3000GeV_030,0.8504786351084506,3000.0,0.3
17,Zprime_3000GeV_045,0.8309373751708948,3000.0,0.45
18,Zprime_3000GeV_060,0.8048079423374468,3000.0,0.6
19,Zprime_3000GeV_075,0.7729445441886585,3000.0,0.75
20,Zprime_3500GeV_015,0.8620063418207087,3500.0,0.15
21,Zprime_3500GeV_030,0.8480475477918327,3500.0,0.3
22,Zprime_3500GeV_045,0.82326367450355,3500.0,0.45
23,Zprime_3500GeV_060,0.8017928994278587,3500.0,0.6
24,Zprime_3500GeV_075,0.7687563763725047,3500.0,0.75
25,Zprime_4000GeV_015,0.8644432047803291,4000.0,0.15
26,Zprime_4000GeV_030,0.8535026866002737,4000.0,0.3
27,Zprime_4000GeV_045,0.8236703894078391,4000.0,0.45
28,Zprime_4000GeV_060,0.7971541492073376,4000.0,0.6
29,Zprime_4000GeV_075,0.7586435531846447,4000.0,0.75
