,name,auc,mass,nu
0,Zprime_1500GeV_015,0.8672138701808768,1500.0,0.15
1,Zprime_1500GeV_030,0.8533769403345475,1500.0,0.3
2,Zprime_1500GeV_045,0.8291737182344511,1500.0,0.45
3,Zprime_1500GeV_060,0.7964124705420226,1500.0,0.6
4,Zprime_1500GeV_075,0.7514169794193,1500.0,0.75
5,Zprime_2000GeV_015,0.8852048215436454,2000.0,0.15
6,Zprime_2000GeV_030,0.8708466364208682,2000.0,0.3
7,Zprime_2000GeV_045,0.8465039028071804,2000.0,0.45
8,Zprime_2000GeV_060,0.8162552656454882,2000.0,0.6
9,Zprime_2000GeV_075,0.7837047064469227,2000.0,0.75
10,Zprime_2500GeV_015,0.8888070660644753,2500.0,0.15
11,Zprime_2500GeV_030,0.8699359260434719,2500.0,0.3
12,Zprime_2500GeV_045,0.849085991500359,2500.0,0.45
13,Zprime_2500GeV_060,0.8176039865026467,2500.0,0.6
14,Zprime_2500GeV_075,0.7715748011803251,2500.0,0.75
15,Zprime_3000GeV_015,0.8926435856197783,3000.0,0.15
16,Zprime_3000GeV_030,0.8685220374353385,3000.0,0.3
17,Zprime_3000GeV_045,0.8462383654809295,3000.0,0.45
18,Zprime_3000GeV_060,0.8123533021189491,3000.0,0.6
19,Zprime_3000GeV_075,0.7731966500105847,3000.0,0.75
20,Zprime_3500GeV_015,0.893199907085043,3500.0,0.15
21,Zprime_3500GeV_030,0.8757754472219064,3500.0,0.3
22,Zprime_3500GeV_045,0.8432635320397845,3500.0,0.45
23,Zprime_3500GeV_060,0.8142168848353659,3500.0,0.6
24,Zprime_3500GeV_075,0.7714817142611573,3500.0,0.75
25,Zprime_4000GeV_015,0.8976031742826182,4000.0,0.15
26,Zprime_4000GeV_030,0.8841610939514912,4000.0,0.3
27,Zprime_4000GeV_045,0.8475591750125897,4000.0,0.45
28,Zprime_4000GeV_060,0.8141529422802036,4000.0,0.6
29,Zprime_4000GeV_075,0.7630752016446103,4000.0,0.75
