,name,auc,mass,nu
0,Zprime_1500GeV_015,0.8605797661988963,1500.0,0.15
1,Zprime_1500GeV_030,0.8485238583609941,1500.0,0.3
2,Zprime_1500GeV_045,0.8264261737504105,1500.0,0.45
3,Zprime_1500GeV_060,0.7990007086515204,1500.0,0.6
4,Zprime_1500GeV_075,0.757114965440241,1500.0,0.75
5,Zprime_2000GeV_015,0.8673870421954453,2000.0,0.15
6,Zprime_2000GeV_030,0.8554589853418524,2000.0,0.3
7,Zprime_2000GeV_045,0.8321300319629155,2000.0,0.45
8,Zprime_2000GeV_060,0.8095428568543579,2000.0,0.6
9,Zprime_2000GeV_075,0.7822496861440924,2000.0,0.75
10,Zprime_2500GeV_015,0.8552767581306386,2500.0,0.15
11,Zprime_2500GeV_030,0.8410511760917982,2500.0,0.3
12,Zprime_2500GeV_045,0.8249717367734957,2500.0,0.45
13,Zprime_2500GeV_060,0.8011806804795716,2500.0,0.6
14,Zprime_2500GeV_075,0.7643902887236611,2500.0,0.75
15,Zprime_3000GeV_015,0.8493257794150384,3000.0,0.15
16,Zprime_3000GeV_030,0.8324653073524915,3000.0,0.3
17,Zprime_3000GeV_045,0.813291967057334,3000.0,0.45
18,Zprime_3000GeV_060,0.7878968667119987,3000.0,0.6
19,Zprime_3000GeV_075,0.7652619225782545,3000.0,0.75
20,Zprime_3500GeV_015,0.8461270568705362,3500.0,0.15
21,Zprime_3500GeV_030,0.829934326127818,3500.0,0.3
22,Zprime_3500GeV_045,0.807283034101771,3500.0,0.45
23,Zprime_3500GeV_060,0.789152970718605,3500.0,0.6
24,Zprime_3500GeV_075,0.75925740776553,3500.0,0.75
25,Zprime_4000GeV_015,0.8502882659623703,4000.0,0.15
26,Zprime_4000GeV_030,0.8365770727201689,4000.0,0.3
27,Zprime_4000GeV_045,0.8078189961757116,4000.0,0.45
28,Zprime_4000GeV_060,0.7823710881174228,4000.0,0.6
29,Zprime_4000GeV_075,0.7488988288109697,4000.0,0.75
