,name,auc,mass,nu
0,Zprime_1500GeV_015,0.8797101682833566,1500.0,0.15
1,Zprime_1500GeV_030,0.8692180302506728,1500.0,0.3
2,Zprime_1500GeV_045,0.8438123721259884,1500.0,0.45
3,Zprime_1500GeV_060,0.8184165637752951,1500.0,0.6
4,Zprime_1500GeV_075,0.7676285606569885,1500.0,0.75
5,Zprime_2000GeV_015,0.8947602914687885,2000.0,0.15
6,Zprime_2000GeV_030,0.8803141714087757,2000.0,0.3
7,Zprime_2000GeV_045,0.8542233775953826,2000.0,0.45
8,Zprime_2000GeV_060,0.8248469346754385,2000.0,0.6
9,Zprime_2000GeV_075,0.7909397798298655,2000.0,0.75
10,Zprime_2500GeV_015,0.8922184141297959,2500.0,0.15
11,Zprime_2500GeV_030,0.8754661500881376,2500.0,0.3
12,Zprime_2500GeV_045,0.8540422783930044,2500.0,0.45
13,Zprime_2500GeV_060,0.8257943459575056,2500.0,0.6
14,Zprime_2500GeV_075,0.7784299853785732,2500.0,0.75
15,Zprime_3000GeV_015,0.8883525378008825,3000.0,0.15
16,Zprime_3000GeV_030,0.868138746627116,3000.0,0.3
17,Zprime_3000GeV_045,0.8452457611940756,3000.0,0.45
18,Zprime_3000GeV_060,0.8130374718609024,3000.0,0.6
19,Zprime_3000GeV_075,0.7752250030428426,3000.0,0.75
20,Zprime_3500GeV_015,0.8835120841052715,3500.0,0.15
21,Zprime_3500GeV_030,0.8686356025848965,3500.0,0.3
22,Zprime_3500GeV_045,0.8396391496973908,3500.0,0.45
23,Zprime_3500GeV_060,0.8122434178216031,3500.0,0.6
24,Zprime_3500GeV_075,0.7711579213133071,3500.0,0.75
25,Zprime_4000GeV_015,0.8835473428042874,4000.0,0.15
26,Zprime_4000GeV_030,0.8715937246634582,4000.0,0.3
27,Zprime_4000GeV_045,0.8395462274811395,4000.0,0.45
28,Zprime_4000GeV_060,0.8081210202632922,4000.0,0.6
29,Zprime_4000GeV_075,0.762761475118326,4000.0,0.75
