,name,auc,mass,nu
0,Zprime_1500GeV_015,0.8644608028609946,1500.0,0.15
1,Zprime_1500GeV_030,0.8511985716897409,1500.0,0.3
2,Zprime_1500GeV_045,0.826366159239308,1500.0,0.45
3,Zprime_1500GeV_060,0.7989488048323696,1500.0,0.6
4,Zprime_1500GeV_075,0.7553048650998757,1500.0,0.75
5,Zprime_2000GeV_015,0.8744757273441081,2000.0,0.15
6,Zprime_2000GeV_030,0.8611541242212476,2000.0,0.3
7,Zprime_2000GeV_045,0.8364200298655214,2000.0,0.45
8,Zprime_2000GeV_060,0.8110557349159258,2000.0,0.6
9,Zprime_2000GeV_075,0.7816722474857302,2000.0,0.75
10,Zprime_2500GeV_015,0.8633132893596223,2500.0,0.15
11,Zprime_2500GeV_030,0.8481892850981095,2500.0,0.3
12,Zprime_2500GeV_045,0.8301893708413235,2500.0,0.45
13,Zprime_2500GeV_060,0.8040433339140007,2500.0,0.6
14,Zprime_2500GeV_075,0.7651401919831464,2500.0,0.75
15,Zprime_3000GeV_015,0.8555679878784275,3000.0,0.15
16,Zprime_3000GeV_030,0.8375367244571037,3000.0,0.3
17,Zprime_3000GeV_045,0.8169005953584707,3000.0,0.45
18,Zprime_3000GeV_060,0.7892831891231107,3000.0,0.6
19,Zprime_3000GeV_075,0.7632129744994034,3000.0,0.75
20,Zprime_3500GeV_015,0.8510707348461081,3500.0,0.15
21,Zprime_3500GeV_030,0.8348651189278706,3500.0,0.3
22,Zprime_3500GeV_045,0.8103556855261538,3500.0,0.45
23,Zprime_3500GeV_060,0.7899769279583913,3500.0,0.6
24,Zprime_3500GeV_075,0.757515094866671,3500.0,0.75
25,Zprime_4000GeV_015,0.8544785468382802,4000.0,0.15
26,Zprime_4000GeV_030,0.8420860729710566,4000.0,0.3
27,Zprime_4000GeV_045,0.8099512046634985,4000.0,0.45
28,Zprime_4000GeV_060,0.7821708324571562,4000.0,0.6
29,Zprime_4000GeV_075,0.7451379146770309,4000.0,0.75
