,name,auc,mass,nu
0,Zprime_1500GeV_015,0.8870038406310928,1500.0,0.15
1,Zprime_1500GeV_030,0.8750611597042354,1500.0,0.3
2,Zprime_1500GeV_045,0.8534398967025624,1500.0,0.45
3,Zprime_1500GeV_060,0.8283771923300061,1500.0,0.6
4,Zprime_1500GeV_075,0.7878461382619185,1500.0,0.75
5,Zprime_2000GeV_015,0.8982315929874843,2000.0,0.15
6,Zprime_2000GeV_030,0.8864607836747169,2000.0,0.3
7,Zprime_2000GeV_045,0.8634939256389209,2000.0,0.45
8,Zprime_2000GeV_060,0.8379094704367519,2000.0,0.6
9,Zprime_2000GeV_075,0.8075573701037277,2000.0,0.75
10,Zprime_2500GeV_015,0.8917050552690039,2500.0,0.15
11,Zprime_2500GeV_030,0.8769891156619056,2500.0,0.3
12,Zprime_2500GeV_045,0.8594840639217807,2500.0,0.45
13,Zprime_2500GeV_060,0.8353974565900324,2500.0,0.6
14,Zprime_2500GeV_075,0.7956611503235013,2500.0,0.75
15,Zprime_3000GeV_015,0.8877182650611805,3000.0,0.15
16,Zprime_3000GeV_030,0.867910333057256,3000.0,0.3
17,Zprime_3000GeV_045,0.8499749729957623,3000.0,0.45
18,Zprime_3000GeV_060,0.8221778736317515,3000.0,0.6
19,Zprime_3000GeV_075,0.7917957688966353,3000.0,0.75
20,Zprime_3500GeV_015,0.8783892975056687,3500.0,0.15
21,Zprime_3500GeV_030,0.866509605205904,3500.0,0.3
22,Zprime_3500GeV_045,0.8407163505886711,3500.0,0.45
23,Zprime_3500GeV_060,0.8183967047087739,3500.0,0.6
24,Zprime_3500GeV_075,0.7836601022798083,3500.0,0.75
25,Zprime_4000GeV_015,0.8764973816736078,4000.0,0.15
26,Zprime_4000GeV_030,0.8661069872791833,4000.0,0.3
27,Zprime_4000GeV_045,0.8371742043147227,4000.0,0.45
28,Zprime_4000GeV_060,0.810027131241366,4000.0,0.6
29,Zprime_4000GeV_075,0.7717713654048963,4000.0,0.75
