,name,auc,mass,nu
0,Zprime_1500GeV_015,0.8591942989376838,1500.0,0.15
1,Zprime_1500GeV_030,0.8478840591656074,1500.0,0.3
2,Zprime_1500GeV_045,0.8207080482369515,1500.0,0.45
3,Zprime_1500GeV_060,0.7911183348866749,1500.0,0.6
4,Zprime_1500GeV_075,0.7385563790514476,1500.0,0.75
5,Zprime_2000GeV_015,0.8717331388123901,2000.0,0.15
6,Zprime_2000GeV_030,0.8563969109341979,2000.0,0.3
7,Zprime_2000GeV_045,0.8289119868444146,2000.0,0.45
8,Zprime_2000GeV_060,0.7963298910144819,2000.0,0.6
9,Zprime_2000GeV_075,0.7630676208865429,2000.0,0.75
10,Zprime_2500GeV_015,0.8749061707152691,2500.0,0.15
11,Zprime_2500GeV_030,0.856324219562706,2500.0,0.3
12,Zprime_2500GeV_045,0.8314630928940373,2500.0,0.45
13,Zprime_2500GeV_060,0.8005307764204892,2500.0,0.6
14,Zprime_2500GeV_075,0.7509861760981658,2500.0,0.75
15,Zprime_3000GeV_015,0.8793675089132532,3000.0,0.15
16,Zprime_3000GeV_030,0.8554406722733244,3000.0,0.3
17,Zprime_3000GeV_045,0.8294831329273716,3000.0,0.45
18,Zprime_3000GeV_060,0.7934138723525991,3000.0,0.6
19,Zprime_3000GeV_075,0.7524399409366879,3000.0,0.75
20,Zprime_3500GeV_015,0.8815971007066874,3500.0,0.15
21,Zprime_3500GeV_030,0.8630118461093365,3500.0,0.3
22,Zprime_3500GeV_045,0.8286141281130147,3500.0,0.45
23,Zprime_3500GeV_060,0.7974035943208697,3500.0,0.6
24,Zprime_3500GeV_075,0.7507621887019489,3500.0,0.75
25,Zprime_4000GeV_015,0.8880771509050577,4000.0,0.15
26,Zprime_4000GeV_030,0.8719821048165268,4000.0,0.3
27,Zprime_4000GeV_045,0.8362692514328756,4000.0,0.45
28,Zprime_4000GeV_060,0.7987749852579509,4000.0,0.6
29,Zprime_4000GeV_075,0.7482520761564244,4000.0,0.75
