,name,auc,mass,nu
0,Zprime_1500GeV_015,0.8213639425372081,1500.0,0.15
1,Zprime_1500GeV_030,0.8158193339695,1500.0,0.3
2,Zprime_1500GeV_045,0.7963440236034381,1500.0,0.45
3,Zprime_1500GeV_060,0.7673445531819574,1500.0,0.6
4,Zprime_1500GeV_075,0.7232333138830915,1500.0,0.75
5,Zprime_2000GeV_015,0.8386469533517277,2000.0,0.15
6,Zprime_2000GeV_030,0.8256325743245295,2000.0,0.3
7,Zprime_2000GeV_045,0.8026902928688413,2000.0,0.45
8,Zprime_2000GeV_060,0.7772961625713729,2000.0,0.6
9,Zprime_2000GeV_075,0.7506198920500686,2000.0,0.75
10,Zprime_2500GeV_015,0.8294081603801722,2500.0,0.15
11,Zprime_2500GeV_030,0.8137116494844872,2500.0,0.3
12,Zprime_2500GeV_045,0.7965303911313228,2500.0,0.45
13,Zprime_2500GeV_060,0.7742522745769977,2500.0,0.6
14,Zprime_2500GeV_075,0.7366599904127921,2500.0,0.75
15,Zprime_3000GeV_015,0.8297883815482034,3000.0,0.15
16,Zprime_3000GeV_030,0.8122252773095621,3000.0,0.3
17,Zprime_3000GeV_045,0.7892987559275193,3000.0,0.45
18,Zprime_3000GeV_060,0.7623762373236127,3000.0,0.6
19,Zprime_3000GeV_075,0.7368033029273592,3000.0,0.75
20,Zprime_3500GeV_015,0.8307984503008198,3500.0,0.15
21,Zprime_3500GeV_030,0.8114027966810989,3500.0,0.3
22,Zprime_3500GeV_045,0.7830906502146684,3500.0,0.45
23,Zprime_3500GeV_060,0.7597777820919431,3500.0,0.6
24,Zprime_3500GeV_075,0.7288977094479899,3500.0,0.75
25,Zprime_4000GeV_015,0.8371429214891181,4000.0,0.15
26,Zprime_4000GeV_030,0.8187925226426782,4000.0,0.3
27,Zprime_4000GeV_045,0.7882299958437693,4000.0,0.45
28,Zprime_4000GeV_060,0.757076879041434,4000.0,0.6
29,Zprime_4000GeV_075,0.7212101984726476,4000.0,0.75
