,name,auc,mass,nu
0,Zprime_1500GeV_015,0.8855938497585476,1500.0,0.15
1,Zprime_1500GeV_030,0.8787955342584168,1500.0,0.3
2,Zprime_1500GeV_045,0.8605772857869056,1500.0,0.45
3,Zprime_1500GeV_060,0.8418829110205768,1500.0,0.6
4,Zprime_1500GeV_075,0.8122744699809097,1500.0,0.75
5,Zprime_2000GeV_015,0.8870657677341827,2000.0,0.15
6,Zprime_2000GeV_030,0.8775110103065743,2000.0,0.3
7,Zprime_2000GeV_045,0.8560777933513563,2000.0,0.45
8,Zprime_2000GeV_060,0.833638795931208,2000.0,0.6
9,Zprime_2000GeV_075,0.8117908776296964,2000.0,0.75
10,Zprime_2500GeV_015,0.8785429255410242,2500.0,0.15
11,Zprime_2500GeV_030,0.8643858515671813,2500.0,0.3
12,Zprime_2500GeV_045,0.8491729758846209,2500.0,0.45
13,Zprime_2500GeV_060,0.8274109338852508,2500.0,0.6
14,Zprime_2500GeV_075,0.793754872420254,2500.0,0.75
15,Zprime_3000GeV_015,0.8761618528478339,3000.0,0.15
16,Zprime_3000GeV_030,0.858045909061773,3000.0,0.3
17,Zprime_3000GeV_045,0.8400275656114107,3000.0,0.45
18,Zprime_3000GeV_060,0.8136342128063956,3000.0,0.6
19,Zprime_3000GeV_075,0.7867822998656917,3000.0,0.75
20,Zprime_3500GeV_015,0.8683786773319251,3500.0,0.15
21,Zprime_3500GeV_030,0.8578162768215485,3500.0,0.3
22,Zprime_3500GeV_045,0.8348160166022733,3500.0,0.45
23,Zprime_3500GeV_060,0.8127162604390225,3500.0,0.6
24,Zprime_3500GeV_075,0.7807654440361848,3500.0,0.75
25,Zprime_4000GeV_015,0.868870557320538,4000.0,0.15
26,Zprime_4000GeV_030,0.8574755395974117,4000.0,0.3
27,Zprime_4000GeV_045,0.8311654375043936,4000.0,0.45
28,Zprime_4000GeV_060,0.8058961062336182,4000.0,0.6
29,Zprime_4000GeV_075,0.7714376704095631,4000.0,0.75
