,name,auc,mass,nu
0,Zprime_1500GeV_015,0.8556139684621686,1500.0,0.15
1,Zprime_1500GeV_030,0.8429027795830677,1500.0,0.3
2,Zprime_1500GeV_045,0.8164227485855409,1500.0,0.45
3,Zprime_1500GeV_060,0.7919792483895802,1500.0,0.6
4,Zprime_1500GeV_075,0.7542101960009522,1500.0,0.75
5,Zprime_2000GeV_015,0.8647801111039791,2000.0,0.15
6,Zprime_2000GeV_030,0.852084122362139,2000.0,0.3
7,Zprime_2000GeV_045,0.8262453680964504,2000.0,0.45
8,Zprime_2000GeV_060,0.7989209675289994,2000.0,0.6
9,Zprime_2000GeV_075,0.7678293365493647,2000.0,0.75
10,Zprime_2500GeV_015,0.8564335575314301,2500.0,0.15
11,Zprime_2500GeV_030,0.8422950370107631,2500.0,0.3
12,Zprime_2500GeV_045,0.8229015325947673,2500.0,0.45
13,Zprime_2500GeV_060,0.7954444870073331,2500.0,0.6
14,Zprime_2500GeV_075,0.7519924508663726,2500.0,0.75
15,Zprime_3000GeV_015,0.8527409990287484,3000.0,0.15
16,Zprime_3000GeV_030,0.8333770671707706,3000.0,0.3
17,Zprime_3000GeV_045,0.8144065692493881,3000.0,0.45
18,Zprime_3000GeV_060,0.7809208793886648,3000.0,0.6
19,Zprime_3000GeV_075,0.7470952241123179,3000.0,0.75
20,Zprime_3500GeV_015,0.8461308788282627,3500.0,0.15
21,Zprime_3500GeV_030,0.8340274353186707,3500.0,0.3
22,Zprime_3500GeV_045,0.8066266313728496,3500.0,0.45
23,Zprime_3500GeV_060,0.7799086876608448,3500.0,0.6
24,Zprime_3500GeV_075,0.7417599110423515,3500.0,0.75
25,Zprime_4000GeV_015,0.8421302375471116,4000.0,0.15
26,Zprime_4000GeV_030,0.8332969788476664,4000.0,0.3
27,Zprime_4000GeV_045,0.8013979866414487,4000.0,0.45
28,Zprime_4000GeV_060,0.7728702383428925,4000.0,0.6
29,Zprime_4000GeV_075,0.7296520115940304,4000.0,0.75
