,name,auc,mass,nu
0,Zprime_1500GeV_015,0.8157256139544488,1500.0,0.15
1,Zprime_1500GeV_030,0.7993551547987781,1500.0,0.3
2,Zprime_1500GeV_045,0.7817501746899974,1500.0,0.45
3,Zprime_1500GeV_060,0.7523343244106196,1500.0,0.6
4,Zprime_1500GeV_075,0.7069978733099986,1500.0,0.75
5,Zprime_2000GeV_015,0.8218753324644056,2000.0,0.15
6,Zprime_2000GeV_030,0.806822818806081,2000.0,0.3
7,Zprime_2000GeV_045,0.7848580893330116,2000.0,0.45
8,Zprime_2000GeV_060,0.7567747997568685,2000.0,0.6
9,Zprime_2000GeV_075,0.7324662279075769,2000.0,0.75
10,Zprime_2500GeV_015,0.8123157389180571,2500.0,0.15
11,Zprime_2500GeV_030,0.7960221535469778,2500.0,0.3
12,Zprime_2500GeV_045,0.7774517058569222,2500.0,0.45
13,Zprime_2500GeV_060,0.7506478437439568,2500.0,0.6
14,Zprime_2500GeV_075,0.7154441134091201,2500.0,0.75
15,Zprime_3000GeV_015,0.8151647030473143,3000.0,0.15
16,Zprime_3000GeV_030,0.7922379814854915,3000.0,0.3
17,Zprime_3000GeV_045,0.7674626144123682,3000.0,0.45
18,Zprime_3000GeV_060,0.7390320514210345,3000.0,0.6
19,Zprime_3000GeV_075,0.715312674040557,3000.0,0.75
20,Zprime_3500GeV_015,0.8118297819799514,3500.0,0.15
21,Zprime_3500GeV_030,0.7923536243525001,3500.0,0.3
22,Zprime_3500GeV_045,0.7628412114121733,3500.0,0.45
23,Zprime_3500GeV_060,0.7407560497304462,3500.0,0.6
24,Zprime_3500GeV_075,0.7094967446657643,3500.0,0.75
25,Zprime_4000GeV_015,0.8136154311678555,4000.0,0.15
26,Zprime_4000GeV_030,0.7986121230595935,4000.0,0.3
27,Zprime_4000GeV_045,0.7662290690667641,4000.0,0.45
28,Zprime_4000GeV_060,0.7341437615988408,4000.0,0.6
29,Zprime_4000GeV_075,0.7030642667827597,4000.0,0.75
