,name,auc,mass,nu
0,Zprime_1500GeV_015,0.8487863615088607,1500.0,0.15
1,Zprime_1500GeV_030,0.8357573315030336,1500.0,0.3
2,Zprime_1500GeV_045,0.8190641008788475,1500.0,0.45
3,Zprime_1500GeV_060,0.7911906660655957,1500.0,0.6
4,Zprime_1500GeV_075,0.7480581849659398,1500.0,0.75
5,Zprime_2000GeV_015,0.8669060831931586,2000.0,0.15
6,Zprime_2000GeV_030,0.8507830792492043,2000.0,0.3
7,Zprime_2000GeV_045,0.8272198956931545,2000.0,0.45
8,Zprime_2000GeV_060,0.8003532610370783,2000.0,0.6
9,Zprime_2000GeV_075,0.7697466069698996,2000.0,0.75
10,Zprime_2500GeV_015,0.8558620881042477,2500.0,0.15
11,Zprime_2500GeV_030,0.8407554931656911,2500.0,0.3
12,Zprime_2500GeV_045,0.8214808874708285,2500.0,0.45
13,Zprime_2500GeV_060,0.7939365761603299,2500.0,0.6
14,Zprime_2500GeV_075,0.7542822225034815,2500.0,0.75
15,Zprime_3000GeV_015,0.8565361473951398,3000.0,0.15
16,Zprime_3000GeV_030,0.8374559579347395,3000.0,0.3
17,Zprime_3000GeV_045,0.8126345381011524,3000.0,0.45
18,Zprime_3000GeV_060,0.7839246769754555,3000.0,0.6
19,Zprime_3000GeV_075,0.752574974496899,3000.0,0.75
20,Zprime_3500GeV_015,0.8596397344747209,3500.0,0.15
21,Zprime_3500GeV_030,0.8401596860378472,3500.0,0.3
22,Zprime_3500GeV_045,0.8096381963432637,3500.0,0.45
23,Zprime_3500GeV_060,0.7823014480451778,3500.0,0.6
24,Zprime_3500GeV_075,0.7479552203528224,3500.0,0.75
25,Zprime_4000GeV_015,0.8667883163442841,4000.0,0.15
26,Zprime_4000GeV_030,0.8497542686445928,4000.0,0.3
27,Zprime_4000GeV_045,0.8175780254946172,4000.0,0.45
28,Zprime_4000GeV_060,0.782813268521737,4000.0,0.6
29,Zprime_4000GeV_075,0.7400091395111513,4000.0,0.75
