,name,auc,mass,nu
0,Zprime_1500GeV_015,0.8697067536624261,1500.0,0.15
1,Zprime_1500GeV_030,0.8555841716043552,1500.0,0.3
2,Zprime_1500GeV_045,0.831089021231959,1500.0,0.45
3,Zprime_1500GeV_060,0.8033336804367552,1500.0,0.6
4,Zprime_1500GeV_075,0.7510444389191246,1500.0,0.75
5,Zprime_2000GeV_015,0.8786669919619747,2000.0,0.15
6,Zprime_2000GeV_030,0.8652774434778889,2000.0,0.3
7,Zprime_2000GeV_045,0.838715887160583,2000.0,0.45
8,Zprime_2000GeV_060,0.8102840869104827,2000.0,0.6
9,Zprime_2000GeV_075,0.7769404735903638,2000.0,0.75
10,Zprime_2500GeV_015,0.8735116674532,2500.0,0.15
11,Zprime_2500GeV_030,0.8562422436018873,2500.0,0.3
12,Zprime_2500GeV_045,0.835980990468283,2500.0,0.45
13,Zprime_2500GeV_060,0.8078920534408679,2500.0,0.6
14,Zprime_2500GeV_075,0.7616405034414044,2500.0,0.75
15,Zprime_3000GeV_015,0.8722848200150404,3000.0,0.15
16,Zprime_3000GeV_030,0.8503251887928797,3000.0,0.3
17,Zprime_3000GeV_045,0.8271393434919574,3000.0,0.45
18,Zprime_3000GeV_060,0.7959149240446264,3000.0,0.6
19,Zprime_3000GeV_075,0.7623609138138748,3000.0,0.75
20,Zprime_3500GeV_015,0.870833932187856,3500.0,0.15
21,Zprime_3500GeV_030,0.8536661959263657,3500.0,0.3
22,Zprime_3500GeV_045,0.8225278379963064,3500.0,0.45
23,Zprime_3500GeV_060,0.7976646254821952,3500.0,0.6
24,Zprime_3500GeV_075,0.7590731644427254,3500.0,0.75
25,Zprime_4000GeV_015,0.87445131910565,4000.0,0.15
26,Zprime_4000GeV_030,0.8594561592140348,4000.0,0.3
27,Zprime_4000GeV_045,0.8266325450715243,4000.0,0.45
28,Zprime_4000GeV_060,0.793461865603133,4000.0,0.6
29,Zprime_4000GeV_075,0.7515579237909022,4000.0,0.75
