,name,auc,mass,nu
0,Zprime_1500GeV_015,0.829643464060531,1500.0,0.15
1,Zprime_1500GeV_030,0.8207281597771515,1500.0,0.3
2,Zprime_1500GeV_045,0.8025529722776886,1500.0,0.45
3,Zprime_1500GeV_060,0.7771193412710065,1500.0,0.6
4,Zprime_1500GeV_075,0.7403934781134549,1500.0,0.75
5,Zprime_2000GeV_015,0.8385605140303881,2000.0,0.15
6,Zprime_2000GeV_030,0.8247997387929579,2000.0,0.3
7,Zprime_2000GeV_045,0.8011782106053598,2000.0,0.45
8,Zprime_2000GeV_060,0.7775297713063928,2000.0,0.6
9,Zprime_2000GeV_075,0.7528009718812124,2000.0,0.75
10,Zprime_2500GeV_015,0.8326572859330307,2500.0,0.15
11,Zprime_2500GeV_030,0.8173488908524549,2500.0,0.3
12,Zprime_2500GeV_045,0.7979688723357453,2500.0,0.45
13,Zprime_2500GeV_060,0.7725211592909929,2500.0,0.6
14,Zprime_2500GeV_075,0.7372769457456758,2500.0,0.75
15,Zprime_3000GeV_015,0.8431266446051066,3000.0,0.15
16,Zprime_3000GeV_030,0.8194761611336359,3000.0,0.3
17,Zprime_3000GeV_045,0.7937344772996869,3000.0,0.45
18,Zprime_3000GeV_060,0.765179627737158,3000.0,0.6
19,Zprime_3000GeV_075,0.7358926197585768,3000.0,0.75
20,Zprime_3500GeV_015,0.8487895981598514,3500.0,0.15
21,Zprime_3500GeV_030,0.8263993611636595,3500.0,0.3
22,Zprime_3500GeV_045,0.7947614548399721,3500.0,0.45
23,Zprime_3500GeV_060,0.7661341686330496,3500.0,0.6
24,Zprime_3500GeV_075,0.7332255420185221,3500.0,0.75
25,Zprime_4000GeV_015,0.8577471506023079,4000.0,0.15
26,Zprime_4000GeV_030,0.8383284623618718,4000.0,0.3
27,Zprime_4000GeV_045,0.8050039045658208,4000.0,0.45
28,Zprime_4000GeV_060,0.7679391891136562,4000.0,0.6
29,Zprime_4000GeV_075,0.7253733525420809,4000.0,0.75
