,name,auc,mass,nu
0,Zprime_1500GeV_015,0.8348973558408701,1500.0,0.15
1,Zprime_1500GeV_030,0.8194354179942153,1500.0,0.3
2,Zprime_1500GeV_045,0.7972826769129502,1500.0,0.45
3,Zprime_1500GeV_060,0.7744961233290797,1500.0,0.6
4,Zprime_1500GeV_075,0.7223479371999969,1500.0,0.75
5,Zprime_2000GeV_015,0.8472615824759981,2000.0,0.15
6,Zprime_2000GeV_030,0.8300693119938473,2000.0,0.3
7,Zprime_2000GeV_045,0.806648092464841,2000.0,0.45
8,Zprime_2000GeV_060,0.7782802759779677,2000.0,0.6
9,Zprime_2000GeV_075,0.7490126243195331,2000.0,0.75
10,Zprime_2500GeV_015,0.8389979747967762,2500.0,0.15
11,Zprime_2500GeV_030,0.8221371892106426,2500.0,0.3
12,Zprime_2500GeV_045,0.8001668028145388,2500.0,0.45
13,Zprime_2500GeV_060,0.7726659554764085,2500.0,0.6
14,Zprime_2500GeV_075,0.7316321390889204,2500.0,0.75
15,Zprime_3000GeV_015,0.8430170228166849,3000.0,0.15
16,Zprime_3000GeV_030,0.8209325785356684,3000.0,0.3
17,Zprime_3000GeV_045,0.7946348106900742,3000.0,0.45
18,Zprime_3000GeV_060,0.7627894687418892,3000.0,0.6
19,Zprime_3000GeV_075,0.7330131451231037,3000.0,0.75
20,Zprime_3500GeV_015,0.8481116753651503,3500.0,0.15
21,Zprime_3500GeV_030,0.826467027359108,3500.0,0.3
22,Zprime_3500GeV_045,0.7926290642671157,3500.0,0.45
23,Zprime_3500GeV_060,0.7641464016112063,3500.0,0.6
24,Zprime_3500GeV_075,0.7275010099056705,3500.0,0.75
25,Zprime_4000GeV_015,0.8576243942495608,4000.0,0.15
26,Zprime_4000GeV_030,0.8367349366834238,4000.0,0.3
27,Zprime_4000GeV_045,0.79985300887053,4000.0,0.45
28,Zprime_4000GeV_060,0.7626733621195618,4000.0,0.6
29,Zprime_4000GeV_075,0.7228519745053513,4000.0,0.75
