,name,auc,mass,nu
0,Zprime_1500GeV_015,0.855093834343706,1500.0,0.15
1,Zprime_1500GeV_030,0.8409926946516566,1500.0,0.3
2,Zprime_1500GeV_045,0.8158236467276827,1500.0,0.45
3,Zprime_1500GeV_060,0.7864971163466954,1500.0,0.6
4,Zprime_1500GeV_075,0.7335410351268018,1500.0,0.75
5,Zprime_2000GeV_015,0.8627006341868553,2000.0,0.15
6,Zprime_2000GeV_030,0.8485603241952,2000.0,0.3
7,Zprime_2000GeV_045,0.8221694450957203,2000.0,0.45
8,Zprime_2000GeV_060,0.7942007461365369,2000.0,0.6
9,Zprime_2000GeV_075,0.7606629864358581,2000.0,0.75
10,Zprime_2500GeV_015,0.8607447061131203,2500.0,0.15
11,Zprime_2500GeV_030,0.8425386182434682,2500.0,0.3
12,Zprime_2500GeV_045,0.8209523248135709,2500.0,0.45
13,Zprime_2500GeV_060,0.7928936715331527,2500.0,0.6
14,Zprime_2500GeV_075,0.746399872300624,2500.0,0.75
15,Zprime_3000GeV_015,0.8569362689842139,3000.0,0.15
16,Zprime_3000GeV_030,0.8373749445278091,3000.0,0.3
17,Zprime_3000GeV_045,0.8137444771403745,3000.0,0.45
18,Zprime_3000GeV_060,0.7817864972299017,3000.0,0.6
19,Zprime_3000GeV_075,0.7515258252601398,3000.0,0.75
20,Zprime_3500GeV_015,0.8540349917027003,3500.0,0.15
21,Zprime_3500GeV_030,0.8367232270336049,3500.0,0.3
22,Zprime_3500GeV_045,0.8085997824210055,3500.0,0.45
23,Zprime_3500GeV_060,0.7835409556119446,3500.0,0.6
24,Zprime_3500GeV_075,0.746862212338039,3500.0,0.75
25,Zprime_4000GeV_015,0.8581821021237694,4000.0,0.15
26,Zprime_4000GeV_030,0.8437712982054425,4000.0,0.3
27,Zprime_4000GeV_045,0.8100922220754113,4000.0,0.45
28,Zprime_4000GeV_060,0.7802720176221567,4000.0,0.6
29,Zprime_4000GeV_075,0.7388479444697639,4000.0,0.75
