,name,auc,mass,nu
0,Zprime_1500GeV_015,0.8319635144717333,1500.0,0.15
1,Zprime_1500GeV_030,0.8208656700408858,1500.0,0.3
2,Zprime_1500GeV_045,0.7999717443116071,1500.0,0.45
3,Zprime_1500GeV_060,0.7732432632292219,1500.0,0.6
4,Zprime_1500GeV_075,0.7233142402838787,1500.0,0.75
5,Zprime_2000GeV_015,0.8480820781402807,2000.0,0.15
6,Zprime_2000GeV_030,0.8319066770905084,2000.0,0.3
7,Zprime_2000GeV_045,0.8056166614089201,2000.0,0.45
8,Zprime_2000GeV_060,0.7740052500738971,2000.0,0.6
9,Zprime_2000GeV_075,0.7431162040674927,2000.0,0.75
10,Zprime_2500GeV_015,0.8526207121302211,2500.0,0.15
11,Zprime_2500GeV_030,0.8349472416998367,2500.0,0.3
12,Zprime_2500GeV_045,0.8090168873270891,2500.0,0.45
13,Zprime_2500GeV_060,0.7793489346063247,2500.0,0.6
14,Zprime_2500GeV_075,0.7343366058330663,2500.0,0.75
15,Zprime_3000GeV_015,0.8660287263999626,3000.0,0.15
16,Zprime_3000GeV_030,0.8412036303801071,3000.0,0.3
17,Zprime_3000GeV_045,0.812715819642515,3000.0,0.45
18,Zprime_3000GeV_060,0.775534544026935,3000.0,0.6
19,Zprime_3000GeV_075,0.734559338754796,3000.0,0.75
20,Zprime_3500GeV_015,0.8735776718211001,3500.0,0.15
21,Zprime_3500GeV_030,0.8518593609492074,3500.0,0.3
22,Zprime_3500GeV_045,0.8150535769768735,3500.0,0.45
23,Zprime_3500GeV_060,0.7809914420975603,3500.0,0.6
24,Zprime_3500GeV_075,0.73456343067105,3500.0,0.75
25,Zprime_4000GeV_015,0.8793553349512642,4000.0,0.15
26,Zprime_4000GeV_030,0.8624809678025609,4000.0,0.3
27,Zprime_4000GeV_045,0.8225938060904847,4000.0,0.45
28,Zprime_4000GeV_060,0.7834518474440144,4000.0,0.6
29,Zprime_4000GeV_075,0.7319663055982865,4000.0,0.75
