,name,auc,mass,nu
0,Zprime_1500GeV_015,0.8520713576364658,1500.0,0.15
1,Zprime_1500GeV_030,0.84958266097287,1500.0,0.3
2,Zprime_1500GeV_045,0.8265384607359592,1500.0,0.45
3,Zprime_1500GeV_060,0.796165132404864,1500.0,0.6
4,Zprime_1500GeV_075,0.7587403303415681,1500.0,0.75
5,Zprime_2000GeV_015,0.8655362814211832,2000.0,0.15
6,Zprime_2000GeV_030,0.8493306091668469,2000.0,0.3
7,Zprime_2000GeV_045,0.8240821144013385,2000.0,0.45
8,Zprime_2000GeV_060,0.7966823682419537,2000.0,0.6
9,Zprime_2000GeV_075,0.769315227925075,2000.0,0.75
10,Zprime_2500GeV_015,0.8599303012952064,2500.0,0.15
11,Zprime_2500GeV_030,0.843810992979886,2500.0,0.3
12,Zprime_2500GeV_045,0.8250265426620395,2500.0,0.45
13,Zprime_2500GeV_060,0.7969082773142008,2500.0,0.6
14,Zprime_2500GeV_075,0.7580738057847156,2500.0,0.75
15,Zprime_3000GeV_015,0.8667356570711857,3000.0,0.15
16,Zprime_3000GeV_030,0.8451290395592814,3000.0,0.3
17,Zprime_3000GeV_045,0.8234874522825287,3000.0,0.45
18,Zprime_3000GeV_060,0.7892000408211235,3000.0,0.6
19,Zprime_3000GeV_075,0.7556665522065649,3000.0,0.75
20,Zprime_3500GeV_015,0.8647697754909001,3500.0,0.15
21,Zprime_3500GeV_030,0.8500614005727609,3500.0,0.3
22,Zprime_3500GeV_045,0.8225857255249949,3500.0,0.45
23,Zprime_3500GeV_060,0.7946141174450834,3500.0,0.6
24,Zprime_3500GeV_075,0.7555685768924987,3500.0,0.75
25,Zprime_4000GeV_015,0.8736574206779145,4000.0,0.15
26,Zprime_4000GeV_030,0.8566620654220344,4000.0,0.3
27,Zprime_4000GeV_045,0.8240851237128497,4000.0,0.45
28,Zprime_4000GeV_060,0.7932649977426329,4000.0,0.6
29,Zprime_4000GeV_075,0.7483657696239537,4000.0,0.75
