,name,auc,mass,nu
0,Zprime_1500GeV_015,0.8307154962130874,1500.0,0.15
1,Zprime_1500GeV_030,0.8117527420154224,1500.0,0.3
2,Zprime_1500GeV_045,0.7927740112677932,1500.0,0.45
3,Zprime_1500GeV_060,0.759694156610908,1500.0,0.6
4,Zprime_1500GeV_075,0.7309280193151786,1500.0,0.75
5,Zprime_2000GeV_015,0.8450317852206968,2000.0,0.15
6,Zprime_2000GeV_030,0.8308625435488006,2000.0,0.3
7,Zprime_2000GeV_045,0.8063676919937927,2000.0,0.45
8,Zprime_2000GeV_060,0.7786452634762046,2000.0,0.6
9,Zprime_2000GeV_075,0.7512188633950946,2000.0,0.75
10,Zprime_2500GeV_015,0.8351131958655764,2500.0,0.15
11,Zprime_2500GeV_030,0.8198805921434834,2500.0,0.3
12,Zprime_2500GeV_045,0.8013227016634207,2500.0,0.45
13,Zprime_2500GeV_060,0.7767847034646942,2500.0,0.6
14,Zprime_2500GeV_075,0.7424973432769116,2500.0,0.75
15,Zprime_3000GeV_015,0.8346138180643085,3000.0,0.15
16,Zprime_3000GeV_030,0.8132060237294764,3000.0,0.3
17,Zprime_3000GeV_045,0.7932951487732846,3000.0,0.45
18,Zprime_3000GeV_060,0.764964275211397,3000.0,0.6
19,Zprime_3000GeV_075,0.7400714712881088,3000.0,0.75
20,Zprime_3500GeV_015,0.8277448643112502,3500.0,0.15
21,Zprime_3500GeV_030,0.8122365383655172,3500.0,0.3
22,Zprime_3500GeV_045,0.7864854166761983,3500.0,0.45
23,Zprime_3500GeV_060,0.7650276775008931,3500.0,0.6
24,Zprime_3500GeV_075,0.73423336341563,3500.0,0.75
25,Zprime_4000GeV_015,0.8332238641310272,4000.0,0.15
26,Zprime_4000GeV_030,0.819343769756639,4000.0,0.3
27,Zprime_4000GeV_045,0.7867246706741318,4000.0,0.45
28,Zprime_4000GeV_060,0.7622939285456879,4000.0,0.6
29,Zprime_4000GeV_075,0.7257408531940173,4000.0,0.75
