,name,auc,mass,nu
0,Zprime_1500GeV_015,0.8698680256017159,1500.0,0.15
1,Zprime_1500GeV_030,0.8645338970065297,1500.0,0.3
2,Zprime_1500GeV_045,0.8472518679997025,1500.0,0.45
3,Zprime_1500GeV_060,0.8242408945178572,1500.0,0.6
4,Zprime_1500GeV_075,0.7984385669552949,1500.0,0.75
5,Zprime_2000GeV_015,0.8744043952509346,2000.0,0.15
6,Zprime_2000GeV_030,0.8619742960378223,2000.0,0.3
7,Zprime_2000GeV_045,0.8395190768728179,2000.0,0.45
8,Zprime_2000GeV_060,0.8162688777126751,2000.0,0.6
9,Zprime_2000GeV_075,0.7950320782632923,2000.0,0.75
10,Zprime_2500GeV_015,0.8687841086700514,2500.0,0.15
11,Zprime_2500GeV_030,0.8532663933284991,2500.0,0.3
12,Zprime_2500GeV_045,0.835927681864846,2500.0,0.45
13,Zprime_2500GeV_060,0.8152000166278695,2500.0,0.6
14,Zprime_2500GeV_075,0.7817920654325448,2500.0,0.75
15,Zprime_3000GeV_015,0.8717571512695094,3000.0,0.15
16,Zprime_3000GeV_030,0.8513334048996267,3000.0,0.3
17,Zprime_3000GeV_045,0.8311286825513212,3000.0,0.45
18,Zprime_3000GeV_060,0.8032021506077307,3000.0,0.6
19,Zprime_3000GeV_075,0.7729140078224046,3000.0,0.75
20,Zprime_3500GeV_015,0.8652686505207697,3500.0,0.15
21,Zprime_3500GeV_030,0.8530416011066959,3500.0,0.3
22,Zprime_3500GeV_045,0.8276455511932382,3500.0,0.45
23,Zprime_3500GeV_060,0.803678114963182,3500.0,0.6
24,Zprime_3500GeV_075,0.7673341820838436,3500.0,0.75
25,Zprime_4000GeV_015,0.8674621193738038,4000.0,0.15
26,Zprime_4000GeV_030,0.8546264222888633,4000.0,0.3
27,Zprime_4000GeV_045,0.8270947485538158,4000.0,0.45
28,Zprime_4000GeV_060,0.8002384038216702,4000.0,0.6
29,Zprime_4000GeV_075,0.7602498653277955,4000.0,0.75
