,name,auc,mass,nu
0,Zprime_1500GeV_015,0.8480987661587243,1500.0,0.15
1,Zprime_1500GeV_030,0.8367263759744604,1500.0,0.3
2,Zprime_1500GeV_045,0.8152946075561619,1500.0,0.45
3,Zprime_1500GeV_060,0.7792546740925239,1500.0,0.6
4,Zprime_1500GeV_075,0.7478394743913985,1500.0,0.75
5,Zprime_2000GeV_015,0.8625247819494919,2000.0,0.15
6,Zprime_2000GeV_030,0.8487502372526524,2000.0,0.3
7,Zprime_2000GeV_045,0.8245812675523639,2000.0,0.45
8,Zprime_2000GeV_060,0.7983561085811167,2000.0,0.6
9,Zprime_2000GeV_075,0.7692217307329826,2000.0,0.75
10,Zprime_2500GeV_015,0.8658306697632511,2500.0,0.15
11,Zprime_2500GeV_030,0.8464821580932071,2500.0,0.3
12,Zprime_2500GeV_045,0.8276329167570948,2500.0,0.45
13,Zprime_2500GeV_060,0.7977544018614493,2500.0,0.6
14,Zprime_2500GeV_075,0.7559406913243409,2500.0,0.75
15,Zprime_3000GeV_015,0.8725042284986736,3000.0,0.15
16,Zprime_3000GeV_030,0.8491851665585565,3000.0,0.3
17,Zprime_3000GeV_045,0.8268680727258323,3000.0,0.45
18,Zprime_3000GeV_060,0.7930520129310221,3000.0,0.6
19,Zprime_3000GeV_075,0.7585776534072993,3000.0,0.75
20,Zprime_3500GeV_015,0.8755803289824362,3500.0,0.15
21,Zprime_3500GeV_030,0.8575057711957049,3500.0,0.3
22,Zprime_3500GeV_045,0.8253462678529323,3500.0,0.45
23,Zprime_3500GeV_060,0.7950776881217794,3500.0,0.6
24,Zprime_3500GeV_075,0.7561938589140291,3500.0,0.75
25,Zprime_4000GeV_015,0.8817660187788671,4000.0,0.15
26,Zprime_4000GeV_030,0.865880159499726,4000.0,0.3
27,Zprime_4000GeV_045,0.8302791410954866,4000.0,0.45
28,Zprime_4000GeV_060,0.7967115591949914,4000.0,0.6
29,Zprime_4000GeV_075,0.7487693751630538,4000.0,0.75
