,name,auc,mass,nu
0,Zprime_1500GeV_015,0.876981157458401,1500.0,0.15
1,Zprime_1500GeV_030,0.8707170374292106,1500.0,0.3
2,Zprime_1500GeV_045,0.8474335038667904,1500.0,0.45
3,Zprime_1500GeV_060,0.8273103343899506,1500.0,0.6
4,Zprime_1500GeV_075,0.7925477528552369,1500.0,0.75
5,Zprime_2000GeV_015,0.8898868432152494,2000.0,0.15
6,Zprime_2000GeV_030,0.8785701372089627,2000.0,0.3
7,Zprime_2000GeV_045,0.853300343588506,2000.0,0.45
8,Zprime_2000GeV_060,0.8267559992048099,2000.0,0.6
9,Zprime_2000GeV_075,0.7987918893486456,2000.0,0.75
10,Zprime_2500GeV_015,0.8880666693485771,2500.0,0.15
11,Zprime_2500GeV_030,0.871976029498763,2500.0,0.3
12,Zprime_2500GeV_045,0.8524944953757794,2500.0,0.45
13,Zprime_2500GeV_060,0.8267698379458591,2500.0,0.6
14,Zprime_2500GeV_075,0.7840212362263144,2500.0,0.75
15,Zprime_3000GeV_015,0.8895470566224118,3000.0,0.15
16,Zprime_3000GeV_030,0.8680903774059872,3000.0,0.3
17,Zprime_3000GeV_045,0.849164028512756,3000.0,0.45
18,Zprime_3000GeV_060,0.816730932288786,3000.0,0.6
19,Zprime_3000GeV_075,0.7798883238995499,3000.0,0.75
20,Zprime_3500GeV_015,0.886457791077866,3500.0,0.15
21,Zprime_3500GeV_030,0.8725011762886239,3500.0,0.3
22,Zprime_3500GeV_045,0.8444255695453982,3500.0,0.45
23,Zprime_3500GeV_060,0.8182876951540884,3500.0,0.6
24,Zprime_3500GeV_075,0.7779823051634114,3500.0,0.75
25,Zprime_4000GeV_015,0.8859904691305132,4000.0,0.15
26,Zprime_4000GeV_030,0.8754375116705087,4000.0,0.3
27,Zprime_4000GeV_045,0.8444130905299729,4000.0,0.45
28,Zprime_4000GeV_060,0.8127195275048466,4000.0,0.6
29,Zprime_4000GeV_075,0.7664874270130161,4000.0,0.75
