,name,auc,mass,nu
0,Zprime_1500GeV_015,0.8372519728661423,1500.0,0.15
1,Zprime_1500GeV_030,0.8250142265661904,1500.0,0.3
2,Zprime_1500GeV_045,0.8082872407611971,1500.0,0.45
3,Zprime_1500GeV_060,0.7810292672862355,1500.0,0.6
4,Zprime_1500GeV_075,0.7473483348555869,1500.0,0.75
5,Zprime_2000GeV_015,0.8374897237238875,2000.0,0.15
6,Zprime_2000GeV_030,0.8251669609273703,2000.0,0.3
7,Zprime_2000GeV_045,0.8008193622743283,2000.0,0.45
8,Zprime_2000GeV_060,0.7793298416707384,2000.0,0.6
9,Zprime_2000GeV_075,0.7563932813303084,2000.0,0.75
10,Zprime_2500GeV_015,0.831869331908433,2500.0,0.15
11,Zprime_2500GeV_030,0.8149736615369814,2500.0,0.3
12,Zprime_2500GeV_045,0.798723919066539,2500.0,0.45
13,Zprime_2500GeV_060,0.77372941965029,2500.0,0.6
14,Zprime_2500GeV_075,0.7414126112129796,2500.0,0.75
15,Zprime_3000GeV_015,0.8400409499838202,3000.0,0.15
16,Zprime_3000GeV_030,0.8158591964314479,3000.0,0.3
17,Zprime_3000GeV_045,0.7940085922583195,3000.0,0.45
18,Zprime_3000GeV_060,0.7665141598029604,3000.0,0.6
19,Zprime_3000GeV_075,0.7452453291017206,3000.0,0.75
20,Zprime_3500GeV_015,0.8406353052882458,3500.0,0.15
21,Zprime_3500GeV_030,0.824100769313348,3500.0,0.3
22,Zprime_3500GeV_045,0.7976642656500631,3500.0,0.45
23,Zprime_3500GeV_060,0.7725260547794692,3500.0,0.6
24,Zprime_3500GeV_075,0.7427002406583726,3500.0,0.75
25,Zprime_4000GeV_015,0.8526399682348993,4000.0,0.15
26,Zprime_4000GeV_030,0.834712912296184,4000.0,0.3
27,Zprime_4000GeV_045,0.8046266123435144,4000.0,0.45
28,Zprime_4000GeV_060,0.7722862823584159,4000.0,0.6
29,Zprime_4000GeV_075,0.7349954512858677,4000.0,0.75
