,name,auc,mass,nu
0,Zprime_1500GeV_015,0.8674936729082761,1500.0,0.15
1,Zprime_1500GeV_030,0.8555876721057853,1500.0,0.3
2,Zprime_1500GeV_045,0.8283583884308275,1500.0,0.45
3,Zprime_1500GeV_060,0.8052620986562785,1500.0,0.6
4,Zprime_1500GeV_075,0.7562265191350475,1500.0,0.75
5,Zprime_2000GeV_015,0.8872271507560325,2000.0,0.15
6,Zprime_2000GeV_030,0.8714305838718442,2000.0,0.3
7,Zprime_2000GeV_045,0.8453641697790054,2000.0,0.45
8,Zprime_2000GeV_060,0.8126346649756462,2000.0,0.6
9,Zprime_2000GeV_075,0.7775915767031018,2000.0,0.75
10,Zprime_2500GeV_015,0.8909002265552917,2500.0,0.15
11,Zprime_2500GeV_030,0.8737751006684927,2500.0,0.3
12,Zprime_2500GeV_045,0.8518878059577342,2500.0,0.45
13,Zprime_2500GeV_060,0.8238007748674403,2500.0,0.6
14,Zprime_2500GeV_075,0.7711424799393325,2500.0,0.75
15,Zprime_3000GeV_015,0.8961044019608275,3000.0,0.15
16,Zprime_3000GeV_030,0.8751420304236153,3000.0,0.3
17,Zprime_3000GeV_045,0.8533490593556141,3000.0,0.45
18,Zprime_3000GeV_060,0.8184788230963549,3000.0,0.6
19,Zprime_3000GeV_075,0.7760951005852146,3000.0,0.75
20,Zprime_3500GeV_015,0.8946476987529999,3500.0,0.15
21,Zprime_3500GeV_030,0.8817836994622583,3500.0,0.3
22,Zprime_3500GeV_045,0.8503030553939666,3500.0,0.45
23,Zprime_3500GeV_060,0.8221468060444304,3500.0,0.6
24,Zprime_3500GeV_075,0.7757769182835902,3500.0,0.75
25,Zprime_4000GeV_015,0.8940850928146227,4000.0,0.15
26,Zprime_4000GeV_030,0.8858327950145706,4000.0,0.3
27,Zprime_4000GeV_045,0.8539315531381548,4000.0,0.45
28,Zprime_4000GeV_060,0.818888028200011,4000.0,0.6
29,Zprime_4000GeV_075,0.7707255917376411,4000.0,0.75
