,name,auc,mass,nu
0,Zprime_1500GeV_015,0.869922678221258,1500.0,0.15
1,Zprime_1500GeV_030,0.8601561567083345,1500.0,0.3
2,Zprime_1500GeV_045,0.8390439364423815,1500.0,0.45
3,Zprime_1500GeV_060,0.8107030525913426,1500.0,0.6
4,Zprime_1500GeV_075,0.766421641059042,1500.0,0.75
5,Zprime_2000GeV_015,0.8757618355277664,2000.0,0.15
6,Zprime_2000GeV_030,0.8653195904377075,2000.0,0.3
7,Zprime_2000GeV_045,0.8396837974126562,2000.0,0.45
8,Zprime_2000GeV_060,0.8150121742925902,2000.0,0.6
9,Zprime_2000GeV_075,0.7879094281707198,2000.0,0.75
10,Zprime_2500GeV_015,0.8681597000734098,2500.0,0.15
11,Zprime_2500GeV_030,0.8527912169835863,2500.0,0.3
12,Zprime_2500GeV_045,0.8344145202821978,2500.0,0.45
13,Zprime_2500GeV_060,0.8108128826163254,2500.0,0.6
14,Zprime_2500GeV_075,0.770557430483056,2500.0,0.75
15,Zprime_3000GeV_015,0.8687771619003903,3000.0,0.15
16,Zprime_3000GeV_030,0.8474544805573415,3000.0,0.3
17,Zprime_3000GeV_045,0.8256973426151902,3000.0,0.45
18,Zprime_3000GeV_060,0.7990600688943766,3000.0,0.6
19,Zprime_3000GeV_075,0.769312486828561,3000.0,0.75
20,Zprime_3500GeV_015,0.8643824066862935,3500.0,0.15
21,Zprime_3500GeV_030,0.8503277299399559,3500.0,0.3
22,Zprime_3500GeV_045,0.8225568143078555,3500.0,0.45
23,Zprime_3500GeV_060,0.7994786836501206,3500.0,0.6
24,Zprime_3500GeV_075,0.767282848793485,3500.0,0.75
25,Zprime_4000GeV_015,0.8679561581836317,4000.0,0.15
26,Zprime_4000GeV_030,0.8550708095345749,4000.0,0.3
27,Zprime_4000GeV_045,0.8233017341601797,4000.0,0.45
28,Zprime_4000GeV_060,0.7960881101694052,4000.0,0.6
29,Zprime_4000GeV_075,0.757215967897056,4000.0,0.75
