,name,auc,mass,nu
0,Zprime_1500GeV_015,0.8630735839132583,1500.0,0.15
1,Zprime_1500GeV_030,0.8461593026684124,1500.0,0.3
2,Zprime_1500GeV_045,0.8210987740018236,1500.0,0.45
3,Zprime_1500GeV_060,0.7931838158394287,1500.0,0.6
4,Zprime_1500GeV_075,0.7384873125542242,1500.0,0.75
5,Zprime_2000GeV_015,0.8656571506395953,2000.0,0.15
6,Zprime_2000GeV_030,0.8523585768107478,2000.0,0.3
7,Zprime_2000GeV_045,0.8261273302608318,2000.0,0.45
8,Zprime_2000GeV_060,0.7975951577637193,2000.0,0.6
9,Zprime_2000GeV_075,0.7652621189813761,2000.0,0.75
10,Zprime_2500GeV_015,0.8597070968884066,2500.0,0.15
11,Zprime_2500GeV_030,0.8435713767760712,2500.0,0.3
12,Zprime_2500GeV_045,0.822285150225767,2500.0,0.45
13,Zprime_2500GeV_060,0.7943747801149577,2500.0,0.6
14,Zprime_2500GeV_075,0.7490399040769804,2500.0,0.75
15,Zprime_3000GeV_015,0.8608263541894083,3000.0,0.15
16,Zprime_3000GeV_030,0.837238639054976,3000.0,0.3
17,Zprime_3000GeV_045,0.812583583589202,3000.0,0.45
18,Zprime_3000GeV_060,0.7839268596638553,3000.0,0.6
19,Zprime_3000GeV_075,0.7496542881801401,3000.0,0.75
20,Zprime_3500GeV_015,0.8621567005589114,3500.0,0.15
21,Zprime_3500GeV_030,0.8441061148725224,3500.0,0.3
22,Zprime_3500GeV_045,0.813018465349818,3500.0,0.45
23,Zprime_3500GeV_060,0.7876059536693181,3500.0,0.6
24,Zprime_3500GeV_075,0.7482010356904962,3500.0,0.75
25,Zprime_4000GeV_015,0.8721155120714467,4000.0,0.15
26,Zprime_4000GeV_030,0.8573492351863604,4000.0,0.3
27,Zprime_4000GeV_045,0.820782563380847,4000.0,0.45
28,Zprime_4000GeV_060,0.7873751585119084,4000.0,0.6
29,Zprime_4000GeV_075,0.7439667981074071,4000.0,0.75
