,name,auc,mass,nu
0,Zprime_1500GeV_015,0.8380767836606418,1500.0,0.15
1,Zprime_1500GeV_030,0.8282497466429531,1500.0,0.3
2,Zprime_1500GeV_045,0.8052423691247139,1500.0,0.45
3,Zprime_1500GeV_060,0.7790766488436605,1500.0,0.6
4,Zprime_1500GeV_075,0.747730921391722,1500.0,0.75
5,Zprime_2000GeV_015,0.8394093101130452,2000.0,0.15
6,Zprime_2000GeV_030,0.8264914541001517,2000.0,0.3
7,Zprime_2000GeV_045,0.8033904668783836,2000.0,0.45
8,Zprime_2000GeV_060,0.7793650154754977,2000.0,0.6
9,Zprime_2000GeV_075,0.7560658258311187,2000.0,0.75
10,Zprime_2500GeV_015,0.832377654670469,2500.0,0.15
11,Zprime_2500GeV_030,0.8156862895036107,2500.0,0.3
12,Zprime_2500GeV_045,0.7986714773123743,2500.0,0.45
13,Zprime_2500GeV_060,0.7744202320474424,2500.0,0.6
14,Zprime_2500GeV_075,0.7405581433863373,2500.0,0.75
15,Zprime_3000GeV_015,0.8367394500922546,3000.0,0.15
16,Zprime_3000GeV_030,0.814757627727922,3000.0,0.3
17,Zprime_3000GeV_045,0.7926880884820919,3000.0,0.45
18,Zprime_3000GeV_060,0.7667514119689999,3000.0,0.6
19,Zprime_3000GeV_075,0.7430588756253047,3000.0,0.75
20,Zprime_3500GeV_015,0.8375903126176407,3500.0,0.15
21,Zprime_3500GeV_030,0.8209914900659772,3500.0,0.3
22,Zprime_3500GeV_045,0.7953610208499626,3500.0,0.45
23,Zprime_3500GeV_060,0.771114011354839,3500.0,0.6
24,Zprime_3500GeV_075,0.7399732160123766,3500.0,0.75
25,Zprime_4000GeV_015,0.8499323500771517,4000.0,0.15
26,Zprime_4000GeV_030,0.8318485401007001,4000.0,0.3
27,Zprime_4000GeV_045,0.8017636337607352,4000.0,0.45
28,Zprime_4000GeV_060,0.7708784168840704,4000.0,0.6
29,Zprime_4000GeV_075,0.732571560624899,4000.0,0.75
