,name,auc,mass,nu
0,Zprime_1500GeV_015,0.8501358608067849,1500.0,0.15
1,Zprime_1500GeV_030,0.8394586824588155,1500.0,0.3
2,Zprime_1500GeV_045,0.8119548247219374,1500.0,0.45
3,Zprime_1500GeV_060,0.781271377312846,1500.0,0.6
4,Zprime_1500GeV_075,0.7333744383638021,1500.0,0.75
5,Zprime_2000GeV_015,0.856752590337066,2000.0,0.15
6,Zprime_2000GeV_030,0.8418619528428171,2000.0,0.3
7,Zprime_2000GeV_045,0.8126317883164696,2000.0,0.45
8,Zprime_2000GeV_060,0.7836200137889124,2000.0,0.6
9,Zprime_2000GeV_075,0.7528062757219275,2000.0,0.75
10,Zprime_2500GeV_015,0.8610735182624876,2500.0,0.15
11,Zprime_2500GeV_030,0.8412354234993243,2500.0,0.3
12,Zprime_2500GeV_045,0.8169601581889596,2500.0,0.45
13,Zprime_2500GeV_060,0.785077373735568,2500.0,0.6
14,Zprime_2500GeV_075,0.7387103121717031,2500.0,0.75
15,Zprime_3000GeV_015,0.8684667413595479,3000.0,0.15
16,Zprime_3000GeV_030,0.8431702271804571,3000.0,0.3
17,Zprime_3000GeV_045,0.8161240315878855,3000.0,0.45
18,Zprime_3000GeV_060,0.7798124192738758,3000.0,0.6
19,Zprime_3000GeV_075,0.739968722730183,3000.0,0.75
20,Zprime_3500GeV_015,0.8695699109586094,3500.0,0.15
21,Zprime_3500GeV_030,0.8505688689322095,3500.0,0.3
22,Zprime_3500GeV_045,0.8166727911207059,3500.0,0.45
23,Zprime_3500GeV_060,0.7852122311646257,3500.0,0.6
24,Zprime_3500GeV_075,0.7402456649261908,3500.0,0.75
25,Zprime_4000GeV_015,0.8776121454000536,4000.0,0.15
26,Zprime_4000GeV_030,0.8608636471485827,4000.0,0.3
27,Zprime_4000GeV_045,0.8233879519809733,4000.0,0.45
28,Zprime_4000GeV_060,0.7862042342172179,4000.0,0.6
29,Zprime_4000GeV_075,0.7364920134902686,4000.0,0.75
