,name,auc,mass,nu
0,Zprime_1500GeV_015,0.8553556530894613,1500.0,0.15
1,Zprime_1500GeV_030,0.8451182667524753,1500.0,0.3
2,Zprime_1500GeV_045,0.824410443908615,1500.0,0.45
3,Zprime_1500GeV_060,0.7922300898997863,1500.0,0.6
4,Zprime_1500GeV_075,0.7528353541213724,1500.0,0.75
5,Zprime_2000GeV_015,0.8596997074962636,2000.0,0.15
6,Zprime_2000GeV_030,0.8482720028079996,2000.0,0.3
7,Zprime_2000GeV_045,0.8248544897257168,2000.0,0.45
8,Zprime_2000GeV_060,0.8011075592355742,2000.0,0.6
9,Zprime_2000GeV_075,0.7759934206989229,2000.0,0.75
10,Zprime_2500GeV_015,0.8519995356566615,2500.0,0.15
11,Zprime_2500GeV_030,0.8366764292353759,2500.0,0.3
12,Zprime_2500GeV_045,0.817985083993229,2500.0,0.45
13,Zprime_2500GeV_060,0.796580625436091,2500.0,0.6
14,Zprime_2500GeV_075,0.7599198892889113,2500.0,0.75
15,Zprime_3000GeV_015,0.8487187162956289,3000.0,0.15
16,Zprime_3000GeV_030,0.8301254563573033,3000.0,0.3
17,Zprime_3000GeV_045,0.8086752709442981,3000.0,0.45
18,Zprime_3000GeV_060,0.7838121836405371,3000.0,0.6
19,Zprime_3000GeV_075,0.7593970081226087,3000.0,0.75
20,Zprime_3500GeV_015,0.8440658653311529,3500.0,0.15
21,Zprime_3500GeV_030,0.8281756444671093,3500.0,0.3
22,Zprime_3500GeV_045,0.8055913605806629,3500.0,0.45
23,Zprime_3500GeV_060,0.7846694766643836,3500.0,0.6
24,Zprime_3500GeV_075,0.7547526590601431,3500.0,0.75
25,Zprime_4000GeV_015,0.8505846363816206,4000.0,0.15
26,Zprime_4000GeV_030,0.83511373846984,4000.0,0.3
27,Zprime_4000GeV_045,0.8079268102312644,4000.0,0.45
28,Zprime_4000GeV_060,0.7801456364772064,4000.0,0.6
29,Zprime_4000GeV_075,0.7468715484543054,4000.0,0.75
