,name,auc,mass,nu
0,Zprime_1500GeV_015,0.8143436500662838,1500.0,0.15
1,Zprime_1500GeV_030,0.8065303901645684,1500.0,0.3
2,Zprime_1500GeV_045,0.7799366163302506,1500.0,0.45
3,Zprime_1500GeV_060,0.757780290864044,1500.0,0.6
4,Zprime_1500GeV_075,0.7120785862325216,1500.0,0.75
5,Zprime_2000GeV_015,0.8350034453822547,2000.0,0.15
6,Zprime_2000GeV_030,0.8185687643393745,2000.0,0.3
7,Zprime_2000GeV_045,0.7921180960226146,2000.0,0.45
8,Zprime_2000GeV_060,0.7655164246745161,2000.0,0.6
9,Zprime_2000GeV_075,0.7326918224658544,2000.0,0.75
10,Zprime_2500GeV_015,0.8373896478014107,2500.0,0.15
11,Zprime_2500GeV_030,0.816653088971435,2500.0,0.3
12,Zprime_2500GeV_045,0.794214479839739,2500.0,0.45
13,Zprime_2500GeV_060,0.7640997611124567,2500.0,0.6
14,Zprime_2500GeV_075,0.7199506863855011,2500.0,0.75
15,Zprime_3000GeV_015,0.8440978219160695,3000.0,0.15
16,Zprime_3000GeV_030,0.819556398617644,3000.0,0.3
17,Zprime_3000GeV_045,0.7941599722784777,3000.0,0.45
18,Zprime_3000GeV_060,0.7578052148985266,3000.0,0.6
19,Zprime_3000GeV_075,0.7263735093471504,3000.0,0.75
20,Zprime_3500GeV_015,0.8473637036318629,3500.0,0.15
21,Zprime_3500GeV_030,0.8270401944649164,3500.0,0.3
22,Zprime_3500GeV_045,0.7913841522786633,3500.0,0.45
23,Zprime_3500GeV_060,0.7591217543940532,3500.0,0.6
24,Zprime_3500GeV_075,0.7201338877070844,3500.0,0.75
25,Zprime_4000GeV_015,0.8499616205769955,4000.0,0.15
26,Zprime_4000GeV_030,0.8336152602890383,4000.0,0.3
27,Zprime_4000GeV_045,0.8007271132439854,4000.0,0.45
28,Zprime_4000GeV_060,0.7608032625143233,4000.0,0.6
29,Zprime_4000GeV_075,0.7164004729001677,4000.0,0.75
