,name,auc,mass,nu
0,Zprime_1500GeV_015,0.8686030743733401,1500.0,0.15
1,Zprime_1500GeV_030,0.8578691404247943,1500.0,0.3
2,Zprime_1500GeV_045,0.8386273489805934,1500.0,0.45
3,Zprime_1500GeV_060,0.815159774292227,1500.0,0.6
4,Zprime_1500GeV_075,0.7762012477734774,1500.0,0.75
5,Zprime_2000GeV_015,0.8863043110264285,2000.0,0.15
6,Zprime_2000GeV_030,0.8699905385664651,2000.0,0.3
7,Zprime_2000GeV_045,0.8439953682390656,2000.0,0.45
8,Zprime_2000GeV_060,0.8149077407279438,2000.0,0.6
9,Zprime_2000GeV_075,0.7832870403236051,2000.0,0.75
10,Zprime_2500GeV_015,0.8901490285350466,2500.0,0.15
11,Zprime_2500GeV_030,0.869984457187899,2500.0,0.3
12,Zprime_2500GeV_045,0.8483666116769011,2500.0,0.45
13,Zprime_2500GeV_060,0.8187403647564457,2500.0,0.6
14,Zprime_2500GeV_075,0.7728447228100084,2500.0,0.75
15,Zprime_3000GeV_015,0.8965799931421863,3000.0,0.15
16,Zprime_3000GeV_030,0.8736263103410946,3000.0,0.3
17,Zprime_3000GeV_045,0.8504406126651458,3000.0,0.45
18,Zprime_3000GeV_060,0.8131410586145449,3000.0,0.6
19,Zprime_3000GeV_075,0.7741654375482414,3000.0,0.75
20,Zprime_3500GeV_015,0.8943954130275299,3500.0,0.15
21,Zprime_3500GeV_030,0.8790580587340047,3500.0,0.3
22,Zprime_3500GeV_045,0.8491130179929505,3500.0,0.45
23,Zprime_3500GeV_060,0.8181003650482339,3500.0,0.6
24,Zprime_3500GeV_075,0.772656427942156,3500.0,0.75
25,Zprime_4000GeV_015,0.8977295784339611,4000.0,0.15
26,Zprime_4000GeV_030,0.8854638972341538,4000.0,0.3
27,Zprime_4000GeV_045,0.8518252631705926,4000.0,0.45
28,Zprime_4000GeV_060,0.8168341681913045,4000.0,0.6
29,Zprime_4000GeV_075,0.7645958291288768,4000.0,0.75
