,name,auc,mass,nu
0,Zprime_1500GeV_015,0.837835751594969,1500.0,0.15
1,Zprime_1500GeV_030,0.8220526702617477,1500.0,0.3
2,Zprime_1500GeV_045,0.805029984743246,1500.0,0.45
3,Zprime_1500GeV_060,0.7802205809907625,1500.0,0.6
4,Zprime_1500GeV_075,0.7361993976285215,1500.0,0.75
5,Zprime_2000GeV_015,0.8460875024782804,2000.0,0.15
6,Zprime_2000GeV_030,0.8322789510573186,2000.0,0.3
7,Zprime_2000GeV_045,0.8089134015870599,2000.0,0.45
8,Zprime_2000GeV_060,0.7837595095839972,2000.0,0.6
9,Zprime_2000GeV_075,0.7575532811598602,2000.0,0.75
10,Zprime_2500GeV_015,0.8337345675894363,2500.0,0.15
11,Zprime_2500GeV_030,0.8192647584216632,2500.0,0.3
12,Zprime_2500GeV_045,0.8005520201239321,2500.0,0.45
13,Zprime_2500GeV_060,0.7773247749223821,2500.0,0.6
14,Zprime_2500GeV_075,0.7392708936818426,2500.0,0.75
15,Zprime_3000GeV_015,0.8359226255364067,3000.0,0.15
16,Zprime_3000GeV_030,0.8153463013029025,3000.0,0.3
17,Zprime_3000GeV_045,0.7908423540064176,3000.0,0.45
18,Zprime_3000GeV_060,0.7638679896474605,3000.0,0.6
19,Zprime_3000GeV_075,0.7385860265674374,3000.0,0.75
20,Zprime_3500GeV_015,0.8334252794118877,3500.0,0.15
21,Zprime_3500GeV_030,0.8146071529056883,3500.0,0.3
22,Zprime_3500GeV_045,0.7853673364955828,3500.0,0.45
23,Zprime_3500GeV_060,0.7607255826735988,3500.0,0.6
24,Zprime_3500GeV_075,0.7309262983734073,3500.0,0.75
25,Zprime_4000GeV_015,0.8357117332622523,4000.0,0.15
26,Zprime_4000GeV_030,0.8198027309519896,4000.0,0.3
27,Zprime_4000GeV_045,0.7866840533448117,4000.0,0.45
28,Zprime_4000GeV_060,0.7562093718966325,4000.0,0.6
29,Zprime_4000GeV_075,0.7204410710133662,4000.0,0.75
