,name,auc,mass,nu
0,Zprime_1500GeV_015,0.872985910834952,1500.0,0.15
1,Zprime_1500GeV_030,0.8603202839923787,1500.0,0.3
2,Zprime_1500GeV_045,0.8360421676340918,1500.0,0.45
3,Zprime_1500GeV_060,0.8110636305250081,1500.0,0.6
4,Zprime_1500GeV_075,0.7636730735261001,1500.0,0.75
5,Zprime_2000GeV_015,0.8832997727285001,2000.0,0.15
6,Zprime_2000GeV_030,0.8710950636924276,2000.0,0.3
7,Zprime_2000GeV_045,0.8462436205850379,2000.0,0.45
8,Zprime_2000GeV_060,0.8196432199088309,2000.0,0.6
9,Zprime_2000GeV_075,0.7893005757251097,2000.0,0.75
10,Zprime_2500GeV_015,0.8781353397872367,2500.0,0.15
11,Zprime_2500GeV_030,0.8610574323409544,2500.0,0.3
12,Zprime_2500GeV_045,0.8424129595332168,2500.0,0.45
13,Zprime_2500GeV_060,0.8150876186252778,2500.0,0.6
14,Zprime_2500GeV_075,0.7739083739635365,2500.0,0.75
15,Zprime_3000GeV_015,0.8713243863814235,3000.0,0.15
16,Zprime_3000GeV_030,0.8518228963789904,3000.0,0.3
17,Zprime_3000GeV_045,0.8315330114463346,3000.0,0.45
18,Zprime_3000GeV_060,0.8028298688490446,3000.0,0.6
19,Zprime_3000GeV_075,0.7733556355668079,3000.0,0.75
20,Zprime_3500GeV_015,0.8625434364278435,3500.0,0.15
21,Zprime_3500GeV_030,0.8477725475954392,3500.0,0.3
22,Zprime_3500GeV_045,0.8232892938033953,3500.0,0.45
23,Zprime_3500GeV_060,0.8009996443713198,3500.0,0.6
24,Zprime_3500GeV_075,0.7674816283117385,3500.0,0.75
25,Zprime_4000GeV_015,0.8615775858389567,4000.0,0.15
26,Zprime_4000GeV_030,0.8499290898380246,4000.0,0.3
27,Zprime_4000GeV_045,0.8217215779991204,4000.0,0.45
28,Zprime_4000GeV_060,0.7936305643779152,4000.0,0.6
29,Zprime_4000GeV_075,0.7566259435310645,4000.0,0.75
