,name,auc,mass,nu
0,Zprime_1500GeV_015,0.890636371365017,1500.0,0.15
1,Zprime_1500GeV_030,0.8820805897327784,1500.0,0.3
2,Zprime_1500GeV_045,0.8626770249626323,1500.0,0.45
3,Zprime_1500GeV_060,0.8455981572904546,1500.0,0.6
4,Zprime_1500GeV_075,0.8162930936572399,1500.0,0.75
5,Zprime_2000GeV_015,0.8995262573765372,2000.0,0.15
6,Zprime_2000GeV_030,0.8882215008683434,2000.0,0.3
7,Zprime_2000GeV_045,0.8671354142600353,2000.0,0.45
8,Zprime_2000GeV_060,0.843454700253773,2000.0,0.6
9,Zprime_2000GeV_075,0.819183252955214,2000.0,0.75
10,Zprime_2500GeV_015,0.8921338001541317,2500.0,0.15
11,Zprime_2500GeV_030,0.8770431594102743,2500.0,0.3
12,Zprime_2500GeV_045,0.8599414661342216,2500.0,0.45
13,Zprime_2500GeV_060,0.8378391952750689,2500.0,0.6
14,Zprime_2500GeV_075,0.8018219380038605,2500.0,0.75
15,Zprime_3000GeV_015,0.884025499075145,3000.0,0.15
16,Zprime_3000GeV_030,0.8666374818878682,3000.0,0.3
17,Zprime_3000GeV_045,0.8489715116418279,3000.0,0.45
18,Zprime_3000GeV_060,0.82165009957667,3000.0,0.6
19,Zprime_3000GeV_075,0.7930678908155117,3000.0,0.75
20,Zprime_3500GeV_015,0.872304996413689,3500.0,0.15
21,Zprime_3500GeV_030,0.8615050400916237,3500.0,0.3
22,Zprime_3500GeV_045,0.8385068603370425,3500.0,0.45
23,Zprime_3500GeV_060,0.8168017529780229,3500.0,0.6
24,Zprime_3500GeV_075,0.7845339500204129,3500.0,0.75
25,Zprime_4000GeV_015,0.8625465433548618,4000.0,0.15
26,Zprime_4000GeV_030,0.8548893113726516,4000.0,0.3
27,Zprime_4000GeV_045,0.830329367723776,4000.0,0.45
28,Zprime_4000GeV_060,0.8045647606597972,4000.0,0.6
29,Zprime_4000GeV_075,0.7705605766570575,4000.0,0.75
