,name,auc,mass,nu
0,Zprime_1500GeV_015,0.8665671475162955,1500.0,0.15
1,Zprime_1500GeV_030,0.8542737291726769,1500.0,0.3
2,Zprime_1500GeV_045,0.8293227936211328,1500.0,0.45
3,Zprime_1500GeV_060,0.7995925631043722,1500.0,0.6
4,Zprime_1500GeV_075,0.748162691645577,1500.0,0.75
5,Zprime_2000GeV_015,0.876454181793548,2000.0,0.15
6,Zprime_2000GeV_030,0.8627390171670312,2000.0,0.3
7,Zprime_2000GeV_045,0.8358965655791213,2000.0,0.45
8,Zprime_2000GeV_060,0.8090840214051988,2000.0,0.6
9,Zprime_2000GeV_075,0.7786276389214145,2000.0,0.75
10,Zprime_2500GeV_015,0.8670548626885877,2500.0,0.15
11,Zprime_2500GeV_030,0.8514125147377443,2500.0,0.3
12,Zprime_2500GeV_045,0.8314629300314467,2500.0,0.45
13,Zprime_2500GeV_060,0.8040786826715726,2500.0,0.6
14,Zprime_2500GeV_075,0.7614531190764978,2500.0,0.75
15,Zprime_3000GeV_015,0.860369512910033,3000.0,0.15
16,Zprime_3000GeV_030,0.8410817399428624,3000.0,0.3
17,Zprime_3000GeV_045,0.8187542954629952,3000.0,0.45
18,Zprime_3000GeV_060,0.7895731350249362,3000.0,0.6
19,Zprime_3000GeV_075,0.762295750136577,3000.0,0.75
20,Zprime_3500GeV_015,0.8557591815109558,3500.0,0.15
21,Zprime_3500GeV_030,0.8379898496771928,3500.0,0.3
22,Zprime_3500GeV_045,0.8135059573845869,3500.0,0.45
23,Zprime_3500GeV_060,0.7896906971514899,3500.0,0.6
24,Zprime_3500GeV_075,0.7563221276778616,3500.0,0.75
25,Zprime_4000GeV_015,0.8591132247431271,4000.0,0.15
26,Zprime_4000GeV_030,0.8459709904823125,4000.0,0.3
27,Zprime_4000GeV_045,0.8130047132358058,4000.0,0.45
28,Zprime_4000GeV_060,0.7831124189212901,4000.0,0.6
29,Zprime_4000GeV_075,0.7477321574204294,4000.0,0.75
