,name,auc,mass,nu
0,Zprime_1500GeV_015,0.8767149011067857,1500.0,0.15
1,Zprime_1500GeV_030,0.8653062529258908,1500.0,0.3
2,Zprime_1500GeV_045,0.8433062296160686,1500.0,0.45
3,Zprime_1500GeV_060,0.8149376604410111,1500.0,0.6
4,Zprime_1500GeV_075,0.7698646408277041,1500.0,0.75
5,Zprime_2000GeV_015,0.880383052314964,2000.0,0.15
6,Zprime_2000GeV_030,0.8690409988797049,2000.0,0.3
7,Zprime_2000GeV_045,0.8462870516630168,2000.0,0.45
8,Zprime_2000GeV_060,0.8224191192864221,2000.0,0.6
9,Zprime_2000GeV_075,0.7946700571355108,2000.0,0.75
10,Zprime_2500GeV_015,0.8695777978339785,2500.0,0.15
11,Zprime_2500GeV_030,0.8559545514227783,2500.0,0.3
12,Zprime_2500GeV_045,0.8395981633512835,2500.0,0.45
13,Zprime_2500GeV_060,0.8179990582870053,2500.0,0.6
14,Zprime_2500GeV_075,0.7794449174101143,2500.0,0.75
15,Zprime_3000GeV_015,0.8685377914498699,3000.0,0.15
16,Zprime_3000GeV_030,0.8489863740981772,3000.0,0.3
17,Zprime_3000GeV_045,0.8293088434562681,3000.0,0.45
18,Zprime_3000GeV_060,0.8032522129913906,3000.0,0.6
19,Zprime_3000GeV_075,0.7781382306713436,3000.0,0.75
20,Zprime_3500GeV_015,0.8632022494339121,3500.0,0.15
21,Zprime_3500GeV_030,0.8497712088587599,3500.0,0.3
22,Zprime_3500GeV_045,0.8267727560478378,3500.0,0.45
23,Zprime_3500GeV_060,0.8053825441290671,3500.0,0.6
24,Zprime_3500GeV_075,0.7746122606845871,3500.0,0.75
25,Zprime_4000GeV_015,0.8689067533510493,4000.0,0.15
26,Zprime_4000GeV_030,0.856252765362021,4000.0,0.3
27,Zprime_4000GeV_045,0.8277414049986191,4000.0,0.45
28,Zprime_4000GeV_060,0.8000788700266097,4000.0,0.6
29,Zprime_4000GeV_075,0.7651454149064663,4000.0,0.75
