,name,auc,mass,nu
0,Zprime_1500GeV_015,0.8575819298820905,1500.0,0.15
1,Zprime_1500GeV_030,0.8461153152353447,1500.0,0.3
2,Zprime_1500GeV_045,0.8253619457044928,1500.0,0.45
3,Zprime_1500GeV_060,0.7950295005569823,1500.0,0.6
4,Zprime_1500GeV_075,0.7584630876547334,1500.0,0.75
5,Zprime_2000GeV_015,0.8613172518598468,2000.0,0.15
6,Zprime_2000GeV_030,0.8487895937577512,2000.0,0.3
7,Zprime_2000GeV_045,0.8240642684877295,2000.0,0.45
8,Zprime_2000GeV_060,0.7997374126244057,2000.0,0.6
9,Zprime_2000GeV_075,0.7716756637031342,2000.0,0.75
10,Zprime_2500GeV_015,0.8569514714307981,2500.0,0.15
11,Zprime_2500GeV_030,0.840197587302173,2500.0,0.3
12,Zprime_2500GeV_045,0.8217585997095478,2500.0,0.45
13,Zprime_2500GeV_060,0.7975553616121941,2500.0,0.6
14,Zprime_2500GeV_075,0.7578158355951281,2500.0,0.75
15,Zprime_3000GeV_015,0.8595455726262118,3000.0,0.15
16,Zprime_3000GeV_030,0.8384269398181383,3000.0,0.3
17,Zprime_3000GeV_045,0.8158950410190199,3000.0,0.45
18,Zprime_3000GeV_060,0.7872979006369425,3000.0,0.6
19,Zprime_3000GeV_075,0.7597171380449705,3000.0,0.75
20,Zprime_3500GeV_015,0.8578714217468518,3500.0,0.15
21,Zprime_3500GeV_030,0.8410653028534434,3500.0,0.3
22,Zprime_3500GeV_045,0.8149232858661177,3500.0,0.45
23,Zprime_3500GeV_060,0.7898714901107932,3500.0,0.6
24,Zprime_3500GeV_075,0.7557017662605556,3500.0,0.75
25,Zprime_4000GeV_015,0.8628838854250076,4000.0,0.15
26,Zprime_4000GeV_030,0.8470355224559502,4000.0,0.3
27,Zprime_4000GeV_045,0.8161343061863573,4000.0,0.45
28,Zprime_4000GeV_060,0.785904537673622,4000.0,0.6
29,Zprime_4000GeV_075,0.7477341222174537,4000.0,0.75
