,name,auc,mass,nu
0,Zprime_1500GeV_015,0.864367379579726,1500.0,0.15
1,Zprime_1500GeV_030,0.8488860611882367,1500.0,0.3
2,Zprime_1500GeV_045,0.8284039621217835,1500.0,0.45
3,Zprime_1500GeV_060,0.8027428500467944,1500.0,0.6
4,Zprime_1500GeV_075,0.7628021380196974,1500.0,0.75
5,Zprime_2000GeV_015,0.8647914130423959,2000.0,0.15
6,Zprime_2000GeV_030,0.853094992318228,2000.0,0.3
7,Zprime_2000GeV_045,0.8291896015654964,2000.0,0.45
8,Zprime_2000GeV_060,0.8066786882419047,2000.0,0.6
9,Zprime_2000GeV_075,0.7804372912406029,2000.0,0.75
10,Zprime_2500GeV_015,0.8516530370291263,2500.0,0.15
11,Zprime_2500GeV_030,0.8356491023877576,2500.0,0.3
12,Zprime_2500GeV_045,0.8198673710105955,2500.0,0.45
13,Zprime_2500GeV_060,0.7964807710098909,2500.0,0.6
14,Zprime_2500GeV_075,0.7627508008510511,2500.0,0.75
15,Zprime_3000GeV_015,0.843319255735421,3000.0,0.15
16,Zprime_3000GeV_030,0.8258276041754368,3000.0,0.3
17,Zprime_3000GeV_045,0.8066984862829508,3000.0,0.45
18,Zprime_3000GeV_060,0.7815112359705885,3000.0,0.6
19,Zprime_3000GeV_075,0.7606769017571805,3000.0,0.75
20,Zprime_3500GeV_015,0.8358752395174655,3500.0,0.15
21,Zprime_3500GeV_030,0.8215769256221752,3500.0,0.3
22,Zprime_3500GeV_045,0.8010201800481617,3500.0,0.45
23,Zprime_3500GeV_060,0.7822246695225298,3500.0,0.6
24,Zprime_3500GeV_075,0.7529060250542555,3500.0,0.75
25,Zprime_4000GeV_015,0.8349350693612163,4000.0,0.15
26,Zprime_4000GeV_030,0.8247252266688941,4000.0,0.3
27,Zprime_4000GeV_045,0.7970326682285538,4000.0,0.45
28,Zprime_4000GeV_060,0.7725864994455528,4000.0,0.6
29,Zprime_4000GeV_075,0.7423422314670798,4000.0,0.75
