,name,auc,mass,nu
0,Zprime_1500GeV_015,0.8658138055319661,1500.0,0.15
1,Zprime_1500GeV_030,0.8576237090414914,1500.0,0.3
2,Zprime_1500GeV_045,0.8377864320203607,1500.0,0.45
3,Zprime_1500GeV_060,0.8057663148848943,1500.0,0.6
4,Zprime_1500GeV_075,0.7671755821049961,1500.0,0.75
5,Zprime_2000GeV_015,0.8705564497986468,2000.0,0.15
6,Zprime_2000GeV_030,0.8613741861365739,2000.0,0.3
7,Zprime_2000GeV_045,0.8388692175008989,2000.0,0.45
8,Zprime_2000GeV_060,0.8166670446246798,2000.0,0.6
9,Zprime_2000GeV_075,0.790525604268386,2000.0,0.75
10,Zprime_2500GeV_015,0.8563334218484064,2500.0,0.15
11,Zprime_2500GeV_030,0.8452708771692816,2500.0,0.3
12,Zprime_2500GeV_045,0.8301790947372215,2500.0,0.45
13,Zprime_2500GeV_060,0.8113051126120283,2500.0,0.6
14,Zprime_2500GeV_075,0.7748223994265125,2500.0,0.75
15,Zprime_3000GeV_015,0.8557200236931479,3000.0,0.15
16,Zprime_3000GeV_030,0.8383897358255534,3000.0,0.3
17,Zprime_3000GeV_045,0.81978019853522,3000.0,0.45
18,Zprime_3000GeV_060,0.7975774717357617,3000.0,0.6
19,Zprime_3000GeV_075,0.7742461878331287,3000.0,0.75
20,Zprime_3500GeV_015,0.8546427073248966,3500.0,0.15
21,Zprime_3500GeV_030,0.8425995618125495,3500.0,0.3
22,Zprime_3500GeV_045,0.8188811747673683,3500.0,0.45
23,Zprime_3500GeV_060,0.8000710532475233,3500.0,0.6
24,Zprime_3500GeV_075,0.7715321558262962,3500.0,0.75
25,Zprime_4000GeV_015,0.8619763413299071,4000.0,0.15
26,Zprime_4000GeV_030,0.8507815665885556,4000.0,0.3
27,Zprime_4000GeV_045,0.8209652767943756,4000.0,0.45
28,Zprime_4000GeV_060,0.7955183368630453,4000.0,0.6
29,Zprime_4000GeV_075,0.7613137959491125,4000.0,0.75
