,name,auc,mass,nu
0,Zprime_1500GeV_015,0.837883631026619,1500.0,0.15
1,Zprime_1500GeV_030,0.8227517137926624,1500.0,0.3
2,Zprime_1500GeV_045,0.8017364894047758,1500.0,0.45
3,Zprime_1500GeV_060,0.7670537193209622,1500.0,0.6
4,Zprime_1500GeV_075,0.7265648305582554,1500.0,0.75
5,Zprime_2000GeV_015,0.8456975628167319,2000.0,0.15
6,Zprime_2000GeV_030,0.831297752083066,2000.0,0.3
7,Zprime_2000GeV_045,0.8066925503721591,2000.0,0.45
8,Zprime_2000GeV_060,0.7811998970280588,2000.0,0.6
9,Zprime_2000GeV_075,0.7502790409531754,2000.0,0.75
10,Zprime_2500GeV_015,0.838854408399407,2500.0,0.15
11,Zprime_2500GeV_030,0.8215793895532555,2500.0,0.3
12,Zprime_2500GeV_045,0.8027552882927909,2500.0,0.45
13,Zprime_2500GeV_060,0.7761267907027244,2500.0,0.6
14,Zprime_2500GeV_075,0.7353143075678273,2500.0,0.75
15,Zprime_3000GeV_015,0.8364496016734214,3000.0,0.15
16,Zprime_3000GeV_030,0.8178843351047451,3000.0,0.3
17,Zprime_3000GeV_045,0.7951749048938876,3000.0,0.45
18,Zprime_3000GeV_060,0.7664147868505344,3000.0,0.6
19,Zprime_3000GeV_075,0.7404457117810013,3000.0,0.75
20,Zprime_3500GeV_015,0.8371486939226296,3500.0,0.15
21,Zprime_3500GeV_030,0.8181668725953467,3500.0,0.3
22,Zprime_3500GeV_045,0.7933368450837485,3500.0,0.45
23,Zprime_3500GeV_060,0.7704968045544616,3500.0,0.6
24,Zprime_3500GeV_075,0.7355827800339501,3500.0,0.75
25,Zprime_4000GeV_015,0.8440731220436752,4000.0,0.15
26,Zprime_4000GeV_030,0.8284588058659873,4000.0,0.3
27,Zprime_4000GeV_045,0.7968515576309008,4000.0,0.45
28,Zprime_4000GeV_060,0.768769080587496,4000.0,0.6
29,Zprime_4000GeV_075,0.7299658495981599,4000.0,0.75
