,name,auc,mass,nu
0,Zprime_1500GeV_015,0.8427988634123601,1500.0,0.15
1,Zprime_1500GeV_030,0.832596114522669,1500.0,0.3
2,Zprime_1500GeV_045,0.8110071115822955,1500.0,0.45
3,Zprime_1500GeV_060,0.7847377224022059,1500.0,0.6
4,Zprime_1500GeV_075,0.7337760705097777,1500.0,0.75
5,Zprime_2000GeV_015,0.8605001057619902,2000.0,0.15
6,Zprime_2000GeV_030,0.8452584226462314,2000.0,0.3
7,Zprime_2000GeV_045,0.8198172928329024,2000.0,0.45
8,Zprime_2000GeV_060,0.792643098878586,2000.0,0.6
9,Zprime_2000GeV_075,0.7632126151987404,2000.0,0.75
10,Zprime_2500GeV_015,0.8528160075300351,2500.0,0.15
11,Zprime_2500GeV_030,0.8373037028747339,2500.0,0.3
12,Zprime_2500GeV_045,0.816219385576185,2500.0,0.45
13,Zprime_2500GeV_060,0.7891774371729249,2500.0,0.6
14,Zprime_2500GeV_075,0.7481571341797509,2500.0,0.75
15,Zprime_3000GeV_015,0.8572009526269462,3000.0,0.15
16,Zprime_3000GeV_030,0.8356327607596552,3000.0,0.3
17,Zprime_3000GeV_045,0.8115601892648533,3000.0,0.45
18,Zprime_3000GeV_060,0.7795740090703799,3000.0,0.6
19,Zprime_3000GeV_075,0.7479190907403505,3000.0,0.75
20,Zprime_3500GeV_015,0.8586220225975564,3500.0,0.15
21,Zprime_3500GeV_030,0.839106095970958,3500.0,0.3
22,Zprime_3500GeV_045,0.8075535850671788,3500.0,0.45
23,Zprime_3500GeV_060,0.7790111216237038,3500.0,0.6
24,Zprime_3500GeV_075,0.7437126066309976,3500.0,0.75
25,Zprime_4000GeV_015,0.8630029058680815,4000.0,0.15
26,Zprime_4000GeV_030,0.8475391134166135,4000.0,0.3
27,Zprime_4000GeV_045,0.8120365820618408,4000.0,0.45
28,Zprime_4000GeV_060,0.778460022622993,4000.0,0.6
29,Zprime_4000GeV_075,0.7353372841639116,4000.0,0.75
