,name,auc,mass,nu
0,Zprime_1500GeV_015,0.8523712463693378,1500.0,0.15
1,Zprime_1500GeV_030,0.8364350417893823,1500.0,0.3
2,Zprime_1500GeV_045,0.8109069043702534,1500.0,0.45
3,Zprime_1500GeV_060,0.7774221943964572,1500.0,0.6
4,Zprime_1500GeV_075,0.7257352651860485,1500.0,0.75
5,Zprime_2000GeV_015,0.8624990335817276,2000.0,0.15
6,Zprime_2000GeV_030,0.8484617707959405,2000.0,0.3
7,Zprime_2000GeV_045,0.8206742769932992,2000.0,0.45
8,Zprime_2000GeV_060,0.7915741192539258,2000.0,0.6
9,Zprime_2000GeV_075,0.756548384672245,2000.0,0.75
10,Zprime_2500GeV_015,0.8633243086443628,2500.0,0.15
11,Zprime_2500GeV_030,0.8444834143397838,2500.0,0.3
12,Zprime_2500GeV_045,0.8216986767834806,2500.0,0.45
13,Zprime_2500GeV_060,0.7924932145865078,2500.0,0.6
14,Zprime_2500GeV_075,0.7438237471144827,2500.0,0.75
15,Zprime_3000GeV_015,0.8628695080865094,3000.0,0.15
16,Zprime_3000GeV_030,0.8398218577708898,3000.0,0.3
17,Zprime_3000GeV_045,0.8145472717362121,3000.0,0.45
18,Zprime_3000GeV_060,0.7828708386378724,3000.0,0.6
19,Zprime_3000GeV_075,0.745409387861245,3000.0,0.75
20,Zprime_3500GeV_015,0.8601758796783441,3500.0,0.15
21,Zprime_3500GeV_030,0.8412444671993986,3500.0,0.3
22,Zprime_3500GeV_045,0.8117803603767872,3500.0,0.45
23,Zprime_3500GeV_060,0.7844917875317189,3500.0,0.6
24,Zprime_3500GeV_075,0.7431907969659856,3500.0,0.75
25,Zprime_4000GeV_015,0.865891063623,4000.0,0.15
26,Zprime_4000GeV_030,0.8504971712351508,4000.0,0.3
27,Zprime_4000GeV_045,0.8150321841629667,4000.0,0.45
28,Zprime_4000GeV_060,0.7828785583353777,4000.0,0.6
29,Zprime_4000GeV_075,0.7369430389178355,4000.0,0.75
