,name,auc,mass,nu
0,Zprime_1500GeV_015,0.8932972999737481,1500.0,0.15
1,Zprime_1500GeV_030,0.8859977168805011,1500.0,0.3
2,Zprime_1500GeV_045,0.8636914513968665,1500.0,0.45
3,Zprime_1500GeV_060,0.8434639024298749,1500.0,0.6
4,Zprime_1500GeV_075,0.8073814225912466,1500.0,0.75
5,Zprime_2000GeV_015,0.898896276847544,2000.0,0.15
6,Zprime_2000GeV_030,0.8850180417831255,2000.0,0.3
7,Zprime_2000GeV_045,0.8628499800433816,2000.0,0.45
8,Zprime_2000GeV_060,0.8394537706165287,2000.0,0.6
9,Zprime_2000GeV_075,0.8128505124734094,2000.0,0.75
10,Zprime_2500GeV_015,0.8957155036555763,2500.0,0.15
11,Zprime_2500GeV_030,0.880776087444828,2500.0,0.3
12,Zprime_2500GeV_045,0.860510450235733,2500.0,0.45
13,Zprime_2500GeV_060,0.8349603936212062,2500.0,0.6
14,Zprime_2500GeV_075,0.7951592458204046,2500.0,0.75
15,Zprime_3000GeV_015,0.8982584969006675,3000.0,0.15
16,Zprime_3000GeV_030,0.8768261106648881,3000.0,0.3
17,Zprime_3000GeV_045,0.8568890868673653,3000.0,0.45
18,Zprime_3000GeV_060,0.8243402630294734,3000.0,0.6
19,Zprime_3000GeV_075,0.7909648321661296,3000.0,0.75
20,Zprime_3500GeV_015,0.8936736716092126,3500.0,0.15
21,Zprime_3500GeV_030,0.8811046765688662,3500.0,0.3
22,Zprime_3500GeV_045,0.8531397581813349,3500.0,0.45
23,Zprime_3500GeV_060,0.8274805772611445,3500.0,0.6
24,Zprime_3500GeV_075,0.7883768667139388,3500.0,0.75
25,Zprime_4000GeV_015,0.8964501174820239,4000.0,0.15
26,Zprime_4000GeV_030,0.884078256037871,4000.0,0.3
27,Zprime_4000GeV_045,0.854525947150618,4000.0,0.45
28,Zprime_4000GeV_060,0.8259627952000286,4000.0,0.6
29,Zprime_4000GeV_075,0.7839513233103045,4000.0,0.75
