,name,auc,mass,nu
0,Zprime_1500GeV_015,0.8177676133247759,1500.0,0.15
1,Zprime_1500GeV_030,0.807889179144303,1500.0,0.3
2,Zprime_1500GeV_045,0.7756142537373996,1500.0,0.45
3,Zprime_1500GeV_060,0.763918685525809,1500.0,0.6
4,Zprime_1500GeV_075,0.7123630146256331,1500.0,0.75
5,Zprime_2000GeV_015,0.8299695255535119,2000.0,0.15
6,Zprime_2000GeV_030,0.8132186775596462,2000.0,0.3
7,Zprime_2000GeV_045,0.7922484653179833,2000.0,0.45
8,Zprime_2000GeV_060,0.7613791791103415,2000.0,0.6
9,Zprime_2000GeV_075,0.7269100921027807,2000.0,0.75
10,Zprime_2500GeV_015,0.8298548698563842,2500.0,0.15
11,Zprime_2500GeV_030,0.8125284120365776,2500.0,0.3
12,Zprime_2500GeV_045,0.7898414301520964,2500.0,0.45
13,Zprime_2500GeV_060,0.7610782635591447,2500.0,0.6
14,Zprime_2500GeV_075,0.7181938309506621,2500.0,0.75
15,Zprime_3000GeV_015,0.8380938955183893,3000.0,0.15
16,Zprime_3000GeV_030,0.8133521390849698,3000.0,0.3
17,Zprime_3000GeV_045,0.7883880804484291,3000.0,0.45
18,Zprime_3000GeV_060,0.7565703892514334,3000.0,0.6
19,Zprime_3000GeV_075,0.7261084182835829,3000.0,0.75
20,Zprime_3500GeV_015,0.8393251040984436,3500.0,0.15
21,Zprime_3500GeV_030,0.8189765060018229,3500.0,0.3
22,Zprime_3500GeV_045,0.7865261378791103,3500.0,0.45
23,Zprime_3500GeV_060,0.7584582537887146,3500.0,0.6
24,Zprime_3500GeV_075,0.7221243150905692,3500.0,0.75
25,Zprime_4000GeV_015,0.8487462868670405,4000.0,0.15
26,Zprime_4000GeV_030,0.8272771243049521,4000.0,0.3
27,Zprime_4000GeV_045,0.7951611793923334,4000.0,0.45
28,Zprime_4000GeV_060,0.75967688309314,4000.0,0.6
29,Zprime_4000GeV_075,0.7148782986607971,4000.0,0.75
