,name,auc,mass,nu
0,Zprime_1500GeV_015,0.8824208447893632,1500.0,0.15
1,Zprime_1500GeV_030,0.8726783749853374,1500.0,0.3
2,Zprime_1500GeV_045,0.8493247022253468,1500.0,0.45
3,Zprime_1500GeV_060,0.8210780493305109,1500.0,0.6
4,Zprime_1500GeV_075,0.7734056592111128,1500.0,0.75
5,Zprime_2000GeV_015,0.8949323725956522,2000.0,0.15
6,Zprime_2000GeV_030,0.8823505121406029,2000.0,0.3
7,Zprime_2000GeV_045,0.856232806550867,2000.0,0.45
8,Zprime_2000GeV_060,0.8274254869724008,2000.0,0.6
9,Zprime_2000GeV_075,0.7961215868765028,2000.0,0.75
10,Zprime_2500GeV_015,0.8947082538381388,2500.0,0.15
11,Zprime_2500GeV_030,0.8782991581727808,2500.0,0.3
12,Zprime_2500GeV_045,0.8573403509247521,2500.0,0.45
13,Zprime_2500GeV_060,0.8317845940899407,2500.0,0.6
14,Zprime_2500GeV_075,0.7845546943543019,2500.0,0.75
15,Zprime_3000GeV_015,0.8985831653881362,3000.0,0.15
16,Zprime_3000GeV_030,0.8769378687579986,3000.0,0.3
17,Zprime_3000GeV_045,0.8547342283525249,3000.0,0.45
18,Zprime_3000GeV_060,0.8233605875932983,3000.0,0.6
19,Zprime_3000GeV_075,0.7855577473233023,3000.0,0.75
20,Zprime_3500GeV_015,0.8979109568565727,3500.0,0.15
21,Zprime_3500GeV_030,0.8824330349542205,3500.0,0.3
22,Zprime_3500GeV_045,0.8534480825028123,3500.0,0.45
23,Zprime_3500GeV_060,0.8246302297979667,3500.0,0.6
24,Zprime_3500GeV_075,0.7843911450611316,3500.0,0.75
25,Zprime_4000GeV_015,0.9022919523888624,4000.0,0.15
26,Zprime_4000GeV_030,0.8899853965430781,4000.0,0.3
27,Zprime_4000GeV_045,0.8581032574703107,4000.0,0.45
28,Zprime_4000GeV_060,0.8237361574032188,4000.0,0.6
29,Zprime_4000GeV_075,0.7780683726511514,4000.0,0.75
