,name,auc,mass,nu
0,Zprime_1500GeV_015,0.8537619686901216,1500.0,0.15
1,Zprime_1500GeV_030,0.8428046334486253,1500.0,0.3
2,Zprime_1500GeV_045,0.8214638577020252,1500.0,0.45
3,Zprime_1500GeV_060,0.791796372316497,1500.0,0.6
4,Zprime_1500GeV_075,0.7528840494901219,1500.0,0.75
5,Zprime_2000GeV_015,0.8565203879107813,2000.0,0.15
6,Zprime_2000GeV_030,0.8429553332169024,2000.0,0.3
7,Zprime_2000GeV_045,0.8186729961187752,2000.0,0.45
8,Zprime_2000GeV_060,0.7954556504206924,2000.0,0.6
9,Zprime_2000GeV_075,0.7708319223757072,2000.0,0.75
10,Zprime_2500GeV_015,0.8504210494255662,2500.0,0.15
11,Zprime_2500GeV_030,0.8332045912728359,2500.0,0.3
12,Zprime_2500GeV_045,0.8148571766004704,2500.0,0.45
13,Zprime_2500GeV_060,0.7902377182144429,2500.0,0.6
14,Zprime_2500GeV_075,0.7534586037982979,2500.0,0.75
15,Zprime_3000GeV_015,0.8515195344377899,3000.0,0.15
16,Zprime_3000GeV_030,0.8315506756117077,3000.0,0.3
17,Zprime_3000GeV_045,0.8072958706501312,3000.0,0.45
18,Zprime_3000GeV_060,0.7804092208496023,3000.0,0.6
19,Zprime_3000GeV_075,0.7534995819896361,3000.0,0.75
20,Zprime_3500GeV_015,0.8504814108739907,3500.0,0.15
21,Zprime_3500GeV_030,0.8343480733073217,3500.0,0.3
22,Zprime_3500GeV_045,0.808586800735857,3500.0,0.45
23,Zprime_3500GeV_060,0.7834156031908814,3500.0,0.6
24,Zprime_3500GeV_075,0.7515107973957326,3500.0,0.75
25,Zprime_4000GeV_015,0.8616955137046736,4000.0,0.15
26,Zprime_4000GeV_030,0.8427864169805788,4000.0,0.3
27,Zprime_4000GeV_045,0.8125441505508089,4000.0,0.45
28,Zprime_4000GeV_060,0.7822137303650337,4000.0,0.6
29,Zprime_4000GeV_075,0.7431666937418483,4000.0,0.75
