,name,auc,mass,nu
0,Zprime_1500GeV_015,0.8722761274555141,1500.0,0.15
1,Zprime_1500GeV_030,0.8674842252875167,1500.0,0.3
2,Zprime_1500GeV_045,0.8474489879401031,1500.0,0.45
3,Zprime_1500GeV_060,0.8250186972324647,1500.0,0.6
4,Zprime_1500GeV_075,0.7924212704719378,1500.0,0.75
5,Zprime_2000GeV_015,0.885348522500553,2000.0,0.15
6,Zprime_2000GeV_030,0.8720371536331013,2000.0,0.3
7,Zprime_2000GeV_045,0.8480610799924775,2000.0,0.45
8,Zprime_2000GeV_060,0.8219960294604185,2000.0,0.6
9,Zprime_2000GeV_075,0.7950085509698639,2000.0,0.75
10,Zprime_2500GeV_015,0.8854103076524167,2500.0,0.15
11,Zprime_2500GeV_030,0.8678835077344211,2500.0,0.3
12,Zprime_2500GeV_045,0.8493182598226763,2500.0,0.45
13,Zprime_2500GeV_060,0.8239872642728785,2500.0,0.6
14,Zprime_2500GeV_075,0.7856097017926389,2500.0,0.75
15,Zprime_3000GeV_015,0.8920240308110526,3000.0,0.15
16,Zprime_3000GeV_030,0.8707386224935559,3000.0,0.3
17,Zprime_3000GeV_045,0.8501240332509348,3000.0,0.45
18,Zprime_3000GeV_060,0.8164503658840565,3000.0,0.6
19,Zprime_3000GeV_075,0.780076906739714,3000.0,0.75
20,Zprime_3500GeV_015,0.889906182866217,3500.0,0.15
21,Zprime_3500GeV_030,0.8745825547329229,3500.0,0.3
22,Zprime_3500GeV_045,0.8464647542226651,3500.0,0.45
23,Zprime_3500GeV_060,0.8182887495325644,3500.0,0.6
24,Zprime_3500GeV_075,0.7778752981370464,3500.0,0.75
25,Zprime_4000GeV_015,0.8921018005780581,4000.0,0.15
26,Zprime_4000GeV_030,0.8797848707232976,4000.0,0.3
27,Zprime_4000GeV_045,0.8484004710364411,4000.0,0.45
28,Zprime_4000GeV_060,0.8161898291560739,4000.0,0.6
29,Zprime_4000GeV_075,0.7665794380396243,4000.0,0.75
