,name,auc,mass,nu
0,Zprime_1500GeV_015,0.8403545600370704,1500.0,0.15
1,Zprime_1500GeV_030,0.8320169466539433,1500.0,0.3
2,Zprime_1500GeV_045,0.8038787274200204,1500.0,0.45
3,Zprime_1500GeV_060,0.7668933187334303,1500.0,0.6
4,Zprime_1500GeV_075,0.7091512132123232,1500.0,0.75
5,Zprime_2000GeV_015,0.8639983291360077,2000.0,0.15
6,Zprime_2000GeV_030,0.8496220794157952,2000.0,0.3
7,Zprime_2000GeV_045,0.8209961499604386,2000.0,0.45
8,Zprime_2000GeV_060,0.786544502268766,2000.0,0.6
9,Zprime_2000GeV_075,0.7498635507645101,2000.0,0.75
10,Zprime_2500GeV_015,0.872635002924846,2500.0,0.15
11,Zprime_2500GeV_030,0.8524725429588375,2500.0,0.3
12,Zprime_2500GeV_045,0.8284581099817379,2500.0,0.45
13,Zprime_2500GeV_060,0.7943181014635796,2500.0,0.6
14,Zprime_2500GeV_075,0.7399634205560066,2500.0,0.75
15,Zprime_3000GeV_015,0.879052446246282,3000.0,0.15
16,Zprime_3000GeV_030,0.8542852676189902,3000.0,0.3
17,Zprime_3000GeV_045,0.8291309207890875,3000.0,0.45
18,Zprime_3000GeV_060,0.7910344630976994,3000.0,0.6
19,Zprime_3000GeV_075,0.7454335449441989,3000.0,0.75
20,Zprime_3500GeV_015,0.8806924530502923,3500.0,0.15
21,Zprime_3500GeV_030,0.863690334980833,3500.0,0.3
22,Zprime_3500GeV_045,0.8282473955075708,3500.0,0.45
23,Zprime_3500GeV_060,0.7953952339694175,3500.0,0.6
24,Zprime_3500GeV_075,0.745759739143514,3500.0,0.75
25,Zprime_4000GeV_015,0.8879091935697101,4000.0,0.15
26,Zprime_4000GeV_030,0.873652737186349,4000.0,0.3
27,Zprime_4000GeV_045,0.8360856188690109,4000.0,0.45
28,Zprime_4000GeV_060,0.7974534276094007,4000.0,0.6
29,Zprime_4000GeV_075,0.7410610026557087,4000.0,0.75
