,name,auc,mass,nu
0,Zprime_1500GeV_015,0.8741915382797225,1500.0,0.15
1,Zprime_1500GeV_030,0.8633944507673627,1500.0,0.3
2,Zprime_1500GeV_045,0.8384287465225352,1500.0,0.45
3,Zprime_1500GeV_060,0.8126836980182981,1500.0,0.6
4,Zprime_1500GeV_075,0.7627658606676205,1500.0,0.75
5,Zprime_2000GeV_015,0.8828400732192435,2000.0,0.15
6,Zprime_2000GeV_030,0.8703923896466041,2000.0,0.3
7,Zprime_2000GeV_045,0.8458676679393645,2000.0,0.45
8,Zprime_2000GeV_060,0.820276167086228,2000.0,0.6
9,Zprime_2000GeV_075,0.7889962395316011,2000.0,0.75
10,Zprime_2500GeV_015,0.8738243866362445,2500.0,0.15
11,Zprime_2500GeV_030,0.8589150877835651,2500.0,0.3
12,Zprime_2500GeV_045,0.8404991297095986,2500.0,0.45
13,Zprime_2500GeV_060,0.8159998549421872,2500.0,0.6
14,Zprime_2500GeV_075,0.7738426790184544,2500.0,0.75
15,Zprime_3000GeV_015,0.8680812222666976,3000.0,0.15
16,Zprime_3000GeV_030,0.8498788063818472,3000.0,0.3
17,Zprime_3000GeV_045,0.8297671647632027,3000.0,0.45
18,Zprime_3000GeV_060,0.8015071172375778,3000.0,0.6
19,Zprime_3000GeV_075,0.7736108068988138,3000.0,0.75
20,Zprime_3500GeV_015,0.8644220260251464,3500.0,0.15
21,Zprime_3500GeV_030,0.849296470420225,3500.0,0.3
22,Zprime_3500GeV_045,0.8245870531533797,3500.0,0.45
23,Zprime_3500GeV_060,0.8030564797732054,3500.0,0.6
24,Zprime_3500GeV_075,0.7693869765143213,3500.0,0.75
25,Zprime_4000GeV_015,0.8699637514552868,4000.0,0.15
26,Zprime_4000GeV_030,0.8567390964537087,4000.0,0.3
27,Zprime_4000GeV_045,0.8265258628622534,4000.0,0.45
28,Zprime_4000GeV_060,0.7985051645002071,4000.0,0.6
29,Zprime_4000GeV_075,0.7606609120130727,4000.0,0.75
