,name,auc,mass,nu
0,Zprime_1500GeV_015,0.9006716666806801,1500.0,0.15
1,Zprime_1500GeV_030,0.8951497448464694,1500.0,0.3
2,Zprime_1500GeV_045,0.8774739238871042,1500.0,0.45
3,Zprime_1500GeV_060,0.8587572576415033,1500.0,0.6
4,Zprime_1500GeV_075,0.8268762437201809,1500.0,0.75
5,Zprime_2000GeV_015,0.9063472506451162,2000.0,0.15
6,Zprime_2000GeV_030,0.8944007452408539,2000.0,0.3
7,Zprime_2000GeV_045,0.874259565723448,2000.0,0.45
8,Zprime_2000GeV_060,0.8487696267250401,2000.0,0.6
9,Zprime_2000GeV_075,0.8281163486764832,2000.0,0.75
10,Zprime_2500GeV_015,0.9085142375172099,2500.0,0.15
11,Zprime_2500GeV_030,0.8900944818844656,2500.0,0.3
12,Zprime_2500GeV_045,0.870443318801262,2500.0,0.45
13,Zprime_2500GeV_060,0.8476815059500957,2500.0,0.6
14,Zprime_2500GeV_075,0.8111927820263399,2500.0,0.75
15,Zprime_3000GeV_015,0.9109802641697933,3000.0,0.15
16,Zprime_3000GeV_030,0.8897432270519461,3000.0,0.3
17,Zprime_3000GeV_045,0.8668295822024833,3000.0,0.45
18,Zprime_3000GeV_060,0.8378614598683392,3000.0,0.6
19,Zprime_3000GeV_075,0.8037486676364904,3000.0,0.75
20,Zprime_3500GeV_015,0.9068541918745471,3500.0,0.15
21,Zprime_3500GeV_030,0.8918517899240496,3500.0,0.3
22,Zprime_3500GeV_045,0.8646007914215537,3500.0,0.45
23,Zprime_3500GeV_060,0.8367524125464554,3500.0,0.6
24,Zprime_3500GeV_075,0.7970758396183846,3500.0,0.75
25,Zprime_4000GeV_015,0.9045546800956407,4000.0,0.15
26,Zprime_4000GeV_030,0.895619887863246,4000.0,0.3
27,Zprime_4000GeV_045,0.8637838496291927,4000.0,0.45
28,Zprime_4000GeV_060,0.8303937386223903,4000.0,0.6
29,Zprime_4000GeV_075,0.7858999699818032,4000.0,0.75
