,name,auc,mass,nu
0,Zprime_1500GeV_015,0.8819669244214996,1500.0,0.15
1,Zprime_1500GeV_030,0.8725513662258942,1500.0,0.3
2,Zprime_1500GeV_045,0.8525855821753499,1500.0,0.45
3,Zprime_1500GeV_060,0.8328538563082383,1500.0,0.6
4,Zprime_1500GeV_075,0.8058295193278756,1500.0,0.75
5,Zprime_2000GeV_015,0.8799096924990926,2000.0,0.15
6,Zprime_2000GeV_030,0.8711766610258521,2000.0,0.3
7,Zprime_2000GeV_045,0.8496651680662921,2000.0,0.45
8,Zprime_2000GeV_060,0.8266892498671499,2000.0,0.6
9,Zprime_2000GeV_075,0.8068802464391056,2000.0,0.75
10,Zprime_2500GeV_015,0.8707000135177911,2500.0,0.15
11,Zprime_2500GeV_030,0.8590592752499691,2500.0,0.3
12,Zprime_2500GeV_045,0.8436572454860926,2500.0,0.45
13,Zprime_2500GeV_060,0.8253547175874821,2500.0,0.6
14,Zprime_2500GeV_075,0.7875595234272726,2500.0,0.75
15,Zprime_3000GeV_015,0.8696304061207332,3000.0,0.15
16,Zprime_3000GeV_030,0.8518758203684422,3000.0,0.3
17,Zprime_3000GeV_045,0.8356198467790975,3000.0,0.45
18,Zprime_3000GeV_060,0.809897444202845,3000.0,0.6
19,Zprime_3000GeV_075,0.7816427239535375,3000.0,0.75
20,Zprime_3500GeV_015,0.859773722088267,3500.0,0.15
21,Zprime_3500GeV_030,0.851732966398457,3500.0,0.3
22,Zprime_3500GeV_045,0.8289835574868633,3500.0,0.45
23,Zprime_3500GeV_060,0.8085618840362131,3500.0,0.6
24,Zprime_3500GeV_075,0.7766296869292422,3500.0,0.75
25,Zprime_4000GeV_015,0.8580488605528362,4000.0,0.15
26,Zprime_4000GeV_030,0.8515880327842559,4000.0,0.3
27,Zprime_4000GeV_045,0.8267330894835088,4000.0,0.45
28,Zprime_4000GeV_060,0.8025297170200723,4000.0,0.6
29,Zprime_4000GeV_075,0.7650056356231245,4000.0,0.75
