,name,auc,mass,nu
0,Zprime_1500GeV_015,0.9164207298787274,1500.0,0.15
1,Zprime_1500GeV_030,0.9091044607748341,1500.0,0.3
2,Zprime_1500GeV_045,0.8953002103747465,1500.0,0.45
3,Zprime_1500GeV_060,0.8749350259044792,1500.0,0.6
4,Zprime_1500GeV_075,0.8531275821451803,1500.0,0.75
5,Zprime_2000GeV_015,0.9142958059531914,2000.0,0.15
6,Zprime_2000GeV_030,0.9073596681601488,2000.0,0.3
7,Zprime_2000GeV_045,0.8880959199316513,2000.0,0.45
8,Zprime_2000GeV_060,0.8668668839967083,2000.0,0.6
9,Zprime_2000GeV_075,0.8499732949353398,2000.0,0.75
10,Zprime_2500GeV_015,0.9037870695954572,2500.0,0.15
11,Zprime_2500GeV_030,0.8952020156426661,2500.0,0.3
12,Zprime_2500GeV_045,0.8798710243862563,2500.0,0.45
13,Zprime_2500GeV_060,0.8655081663696832,2500.0,0.6
14,Zprime_2500GeV_075,0.8336492624783883,2500.0,0.75
15,Zprime_3000GeV_015,0.9043983147383612,3000.0,0.15
16,Zprime_3000GeV_030,0.8876329736648435,3000.0,0.3
17,Zprime_3000GeV_045,0.8716574147257699,3000.0,0.45
18,Zprime_3000GeV_060,0.8489845854664869,3000.0,0.6
19,Zprime_3000GeV_075,0.823645220487676,3000.0,0.75
20,Zprime_3500GeV_015,0.8952309489770105,3500.0,0.15
21,Zprime_3500GeV_030,0.8882030642429325,3500.0,0.3
22,Zprime_3500GeV_045,0.8656277301292897,3500.0,0.45
23,Zprime_3500GeV_060,0.8453062885781433,3500.0,0.6
24,Zprime_3500GeV_075,0.8165307161735318,3500.0,0.75
25,Zprime_4000GeV_015,0.8911225693105523,4000.0,0.15
26,Zprime_4000GeV_030,0.8856626458075901,4000.0,0.3
27,Zprime_4000GeV_045,0.8601295813586224,4000.0,0.45
28,Zprime_4000GeV_060,0.8377038169034348,4000.0,0.6
29,Zprime_4000GeV_075,0.8030325680574335,4000.0,0.75
