,name,auc,mass,nu
0,Zprime_1500GeV_015,0.8502424801265326,1500.0,0.15
1,Zprime_1500GeV_030,0.8359285918843318,1500.0,0.3
2,Zprime_1500GeV_045,0.8161337125503686,1500.0,0.45
3,Zprime_1500GeV_060,0.790420894159974,1500.0,0.6
4,Zprime_1500GeV_075,0.7485794626096309,1500.0,0.75
5,Zprime_2000GeV_015,0.8567589021050931,2000.0,0.15
6,Zprime_2000GeV_030,0.842572213170738,2000.0,0.3
7,Zprime_2000GeV_045,0.8203516339041553,2000.0,0.45
8,Zprime_2000GeV_060,0.7949906365434968,2000.0,0.6
9,Zprime_2000GeV_075,0.7692972764641932,2000.0,0.75
10,Zprime_2500GeV_015,0.8470582433390001,2500.0,0.15
11,Zprime_2500GeV_030,0.8324747427406819,2500.0,0.3
12,Zprime_2500GeV_045,0.8123714994459258,2500.0,0.45
13,Zprime_2500GeV_060,0.7880228685531303,2500.0,0.6
14,Zprime_2500GeV_075,0.7519910147632217,2500.0,0.75
15,Zprime_3000GeV_015,0.8509529394445613,3000.0,0.15
16,Zprime_3000GeV_030,0.8281358489076935,3000.0,0.3
17,Zprime_3000GeV_045,0.8036126649756856,3000.0,0.45
18,Zprime_3000GeV_060,0.7763596548092847,3000.0,0.6
19,Zprime_3000GeV_075,0.7480988116658116,3000.0,0.75
20,Zprime_3500GeV_015,0.8510250417591484,3500.0,0.15
21,Zprime_3500GeV_030,0.8322711567564921,3500.0,0.3
22,Zprime_3500GeV_045,0.8017646927103076,3500.0,0.45
23,Zprime_3500GeV_060,0.7749210227687365,3500.0,0.6
24,Zprime_3500GeV_075,0.7423699370420507,3500.0,0.75
25,Zprime_4000GeV_015,0.859406599385753,4000.0,0.15
26,Zprime_4000GeV_030,0.8420069896700298,4000.0,0.3
27,Zprime_4000GeV_045,0.8071764417241443,4000.0,0.45
28,Zprime_4000GeV_060,0.7740864243251464,4000.0,0.6
29,Zprime_4000GeV_075,0.7355653539007728,4000.0,0.75
