,name,auc,mass,nu
0,Zprime_1500GeV_015,0.890299230098739,1500.0,0.15
1,Zprime_1500GeV_030,0.8805887156514948,1500.0,0.3
2,Zprime_1500GeV_045,0.8624392730568009,1500.0,0.45
3,Zprime_1500GeV_060,0.8372530687930956,1500.0,0.6
4,Zprime_1500GeV_075,0.8031777146551851,1500.0,0.75
5,Zprime_2000GeV_015,0.8906758483978944,2000.0,0.15
6,Zprime_2000GeV_030,0.8809938732707907,2000.0,0.3
7,Zprime_2000GeV_045,0.859490241983743,2000.0,0.45
8,Zprime_2000GeV_060,0.8381431907460928,2000.0,0.6
9,Zprime_2000GeV_075,0.8144715157914378,2000.0,0.75
10,Zprime_2500GeV_015,0.8801049880769235,2500.0,0.15
11,Zprime_2500GeV_030,0.8661823131005496,2500.0,0.3
12,Zprime_2500GeV_045,0.8512405007110528,2500.0,0.45
13,Zprime_2500GeV_060,0.8315748634577931,2500.0,0.6
14,Zprime_2500GeV_075,0.7978257642161951,2500.0,0.75
15,Zprime_3000GeV_015,0.8778034092400935,3000.0,0.15
16,Zprime_3000GeV_030,0.8588988549302361,3000.0,0.3
17,Zprime_3000GeV_045,0.8405018701463405,3000.0,0.45
18,Zprime_3000GeV_060,0.8168720006526723,3000.0,0.6
19,Zprime_3000GeV_075,0.7943629285016405,3000.0,0.75
20,Zprime_3500GeV_015,0.8678812872665221,3500.0,0.15
21,Zprime_3500GeV_030,0.8567366602138553,3500.0,0.3
22,Zprime_3500GeV_045,0.83490560510852,3500.0,0.45
23,Zprime_3500GeV_060,0.8151805801725471,3500.0,0.6
24,Zprime_3500GeV_075,0.787386654204001,3500.0,0.75
25,Zprime_4000GeV_015,0.8684621977221736,4000.0,0.15
26,Zprime_4000GeV_030,0.8572410418159054,4000.0,0.3
27,Zprime_4000GeV_045,0.83186406012647,4000.0,0.45
28,Zprime_4000GeV_060,0.8074310269994671,4000.0,0.6
29,Zprime_4000GeV_075,0.7763509867698372,4000.0,0.75
