,name,auc,mass,nu
0,Zprime_1500GeV_015,0.8749572588488197,1500.0,0.15
1,Zprime_1500GeV_030,0.8646200885983518,1500.0,0.3
2,Zprime_1500GeV_045,0.8414004806212431,1500.0,0.45
3,Zprime_1500GeV_060,0.8223934311647563,1500.0,0.6
4,Zprime_1500GeV_075,0.787305466187694,1500.0,0.75
5,Zprime_2000GeV_015,0.8853155053457826,2000.0,0.15
6,Zprime_2000GeV_030,0.8735094811715219,2000.0,0.3
7,Zprime_2000GeV_045,0.8486733460013649,2000.0,0.45
8,Zprime_2000GeV_060,0.8221695554234703,2000.0,0.6
9,Zprime_2000GeV_075,0.7931138105393752,2000.0,0.75
10,Zprime_2500GeV_015,0.8820405788092028,2500.0,0.15
11,Zprime_2500GeV_030,0.8656949938546602,2500.0,0.3
12,Zprime_2500GeV_045,0.8461527206642314,2500.0,0.45
13,Zprime_2500GeV_060,0.8193444913023814,2500.0,0.6
14,Zprime_2500GeV_075,0.7789434599957344,2500.0,0.75
15,Zprime_3000GeV_015,0.8818263516003718,3000.0,0.15
16,Zprime_3000GeV_030,0.8602994008434042,3000.0,0.3
17,Zprime_3000GeV_045,0.840955093639794,3000.0,0.45
18,Zprime_3000GeV_060,0.80841566555238,3000.0,0.6
19,Zprime_3000GeV_075,0.7729372797932932,3000.0,0.75
20,Zprime_3500GeV_015,0.8769315005853195,3500.0,0.15
21,Zprime_3500GeV_030,0.8640622601512679,3500.0,0.3
22,Zprime_3500GeV_045,0.8348995234308072,3500.0,0.45
23,Zprime_3500GeV_060,0.8088777296985585,3500.0,0.6
24,Zprime_3500GeV_075,0.7687410881196417,3500.0,0.75
25,Zprime_4000GeV_015,0.875814256492121,4000.0,0.15
26,Zprime_4000GeV_030,0.864895070210688,4000.0,0.3
27,Zprime_4000GeV_045,0.833254050919622,4000.0,0.45
28,Zprime_4000GeV_060,0.8027816344934064,4000.0,0.6
29,Zprime_4000GeV_075,0.7566980557622773,4000.0,0.75
