,name,auc,mass,nu
0,Zprime_1500GeV_015,0.8541255020333578,1500.0,0.15
1,Zprime_1500GeV_030,0.8463985916624133,1500.0,0.3
2,Zprime_1500GeV_045,0.8271539801041737,1500.0,0.45
3,Zprime_1500GeV_060,0.8024940566623698,1500.0,0.6
4,Zprime_1500GeV_075,0.7678120403415317,1500.0,0.75
5,Zprime_2000GeV_015,0.8628760420939784,2000.0,0.15
6,Zprime_2000GeV_030,0.8494684337361982,2000.0,0.3
7,Zprime_2000GeV_045,0.8280473775254059,2000.0,0.45
8,Zprime_2000GeV_060,0.8030095109019687,2000.0,0.6
9,Zprime_2000GeV_075,0.7796031149592516,2000.0,0.75
10,Zprime_2500GeV_015,0.8600484316355758,2500.0,0.15
11,Zprime_2500GeV_030,0.8452646261798578,2500.0,0.3
12,Zprime_2500GeV_045,0.8247991917392312,2500.0,0.45
13,Zprime_2500GeV_060,0.8031417879799835,2500.0,0.6
14,Zprime_2500GeV_075,0.7674876245165785,2500.0,0.75
15,Zprime_3000GeV_015,0.8716276169862371,3000.0,0.15
16,Zprime_3000GeV_030,0.8488928401168193,3000.0,0.3
17,Zprime_3000GeV_045,0.8243606997000822,3000.0,0.45
18,Zprime_3000GeV_060,0.7965448964210071,3000.0,0.6
19,Zprime_3000GeV_075,0.7663295836100388,3000.0,0.75
20,Zprime_3500GeV_015,0.8744294084894786,3500.0,0.15
21,Zprime_3500GeV_030,0.8560271067265666,3500.0,0.3
22,Zprime_3500GeV_045,0.8259890472518088,3500.0,0.45
23,Zprime_3500GeV_060,0.7961743735341091,3500.0,0.6
24,Zprime_3500GeV_075,0.7636552353939706,3500.0,0.75
25,Zprime_4000GeV_015,0.8787292881255838,4000.0,0.15
26,Zprime_4000GeV_030,0.8645515562594934,4000.0,0.3
27,Zprime_4000GeV_045,0.8300494142817032,4000.0,0.45
28,Zprime_4000GeV_060,0.7986582811027624,4000.0,0.6
29,Zprime_4000GeV_075,0.7565265749666632,4000.0,0.75
