,name,auc,mass,nu
0,Zprime_1500GeV_015,0.8721633188433825,1500.0,0.15
1,Zprime_1500GeV_030,0.8683664837423504,1500.0,0.3
2,Zprime_1500GeV_045,0.8444683038273885,1500.0,0.45
3,Zprime_1500GeV_060,0.8240932677674372,1500.0,0.6
4,Zprime_1500GeV_075,0.7922903231837674,1500.0,0.75
5,Zprime_2000GeV_015,0.8879288279568578,2000.0,0.15
6,Zprime_2000GeV_030,0.8744412285093812,2000.0,0.3
7,Zprime_2000GeV_045,0.8487414209834857,2000.0,0.45
8,Zprime_2000GeV_060,0.8221639209202494,2000.0,0.6
9,Zprime_2000GeV_075,0.7908376468971218,2000.0,0.75
10,Zprime_2500GeV_015,0.884982224225036,2500.0,0.15
11,Zprime_2500GeV_030,0.8672846063043413,2500.0,0.3
12,Zprime_2500GeV_045,0.8475285785757625,2500.0,0.45
13,Zprime_2500GeV_060,0.8226963078789574,2500.0,0.6
14,Zprime_2500GeV_075,0.7790221205136036,2500.0,0.75
15,Zprime_3000GeV_015,0.8855618201995876,3000.0,0.15
16,Zprime_3000GeV_030,0.8647579295317079,3000.0,0.3
17,Zprime_3000GeV_045,0.844236592556837,3000.0,0.45
18,Zprime_3000GeV_060,0.8111331732404148,3000.0,0.6
19,Zprime_3000GeV_075,0.7732369226095573,3000.0,0.75
20,Zprime_3500GeV_015,0.8816750369975246,3500.0,0.15
21,Zprime_3500GeV_030,0.8675462119711941,3500.0,0.3
22,Zprime_3500GeV_045,0.8402604758386475,3500.0,0.45
23,Zprime_3500GeV_060,0.8119631310733602,3500.0,0.6
24,Zprime_3500GeV_075,0.7709651367670127,3500.0,0.75
25,Zprime_4000GeV_015,0.8821736911108294,4000.0,0.15
26,Zprime_4000GeV_030,0.8702494125780922,4000.0,0.3
27,Zprime_4000GeV_045,0.8402769671909972,4000.0,0.45
28,Zprime_4000GeV_060,0.8083923855846575,4000.0,0.6
29,Zprime_4000GeV_075,0.7626136694301189,4000.0,0.75
