,name,auc,mass,nu
0,Zprime_1500GeV_015,0.8171347873732828,1500.0,0.15
1,Zprime_1500GeV_030,0.8053606943092678,1500.0,0.3
2,Zprime_1500GeV_045,0.7889670706472377,1500.0,0.45
3,Zprime_1500GeV_060,0.7549615308080158,1500.0,0.6
4,Zprime_1500GeV_075,0.7202157358316709,1500.0,0.75
5,Zprime_2000GeV_015,0.8170263565533255,2000.0,0.15
6,Zprime_2000GeV_030,0.805030459391963,2000.0,0.3
7,Zprime_2000GeV_045,0.7821055401816386,2000.0,0.45
8,Zprime_2000GeV_060,0.7607902898430298,2000.0,0.6
9,Zprime_2000GeV_075,0.7356660984757306,2000.0,0.75
10,Zprime_2500GeV_015,0.8128832621484532,2500.0,0.15
11,Zprime_2500GeV_030,0.7973649631779804,2500.0,0.3
12,Zprime_2500GeV_045,0.7813221826045837,2500.0,0.45
13,Zprime_2500GeV_060,0.7590322797964626,2500.0,0.6
14,Zprime_2500GeV_075,0.7235986593516449,2500.0,0.75
15,Zprime_3000GeV_015,0.8228630467086774,3000.0,0.15
16,Zprime_3000GeV_030,0.8028947033999864,3000.0,0.3
17,Zprime_3000GeV_045,0.7810948007537318,3000.0,0.45
18,Zprime_3000GeV_060,0.7534020836525515,3000.0,0.6
19,Zprime_3000GeV_075,0.7302446549053838,3000.0,0.75
20,Zprime_3500GeV_015,0.8236742237238702,3500.0,0.15
21,Zprime_3500GeV_030,0.8076722813307168,3500.0,0.3
22,Zprime_3500GeV_045,0.7862452462017505,3500.0,0.45
23,Zprime_3500GeV_060,0.7615414409687165,3500.0,0.6
24,Zprime_3500GeV_075,0.7295562968692925,3500.0,0.75
25,Zprime_4000GeV_015,0.8253625585793278,4000.0,0.15
26,Zprime_4000GeV_030,0.813905738303994,4000.0,0.3
27,Zprime_4000GeV_045,0.7846468363855734,4000.0,0.45
28,Zprime_4000GeV_060,0.7562858832636564,4000.0,0.6
29,Zprime_4000GeV_075,0.7237067169498635,4000.0,0.75
