,name,auc,mass,nu
0,Zprime_1500GeV_015,0.8756063170954327,1500.0,0.15
1,Zprime_1500GeV_030,0.8630583365828555,1500.0,0.3
2,Zprime_1500GeV_045,0.8444948244210411,1500.0,0.45
3,Zprime_1500GeV_060,0.8203574324436491,1500.0,0.6
4,Zprime_1500GeV_075,0.780074692277361,1500.0,0.75
5,Zprime_2000GeV_015,0.8743643599569859,2000.0,0.15
6,Zprime_2000GeV_030,0.8636735464261093,2000.0,0.3
7,Zprime_2000GeV_045,0.8410556128868603,2000.0,0.45
8,Zprime_2000GeV_060,0.8206229261297381,2000.0,0.6
9,Zprime_2000GeV_075,0.7942467245157026,2000.0,0.75
10,Zprime_2500GeV_015,0.8573903862287865,2500.0,0.15
11,Zprime_2500GeV_030,0.8435353324381876,2500.0,0.3
12,Zprime_2500GeV_045,0.8286563978125768,2500.0,0.45
13,Zprime_2500GeV_060,0.8078159562285872,2500.0,0.6
14,Zprime_2500GeV_075,0.7757542813418743,2500.0,0.75
15,Zprime_3000GeV_015,0.8490127038748824,3000.0,0.15
16,Zprime_3000GeV_030,0.8323889545215553,3000.0,0.3
17,Zprime_3000GeV_045,0.8146049493145052,3000.0,0.45
18,Zprime_3000GeV_060,0.7912445892973474,3000.0,0.6
19,Zprime_3000GeV_075,0.7721177739612897,3000.0,0.75
20,Zprime_3500GeV_015,0.8415917806389066,3500.0,0.15
21,Zprime_3500GeV_030,0.8279468301380766,3500.0,0.3
22,Zprime_3500GeV_045,0.8081582563387356,3500.0,0.45
23,Zprime_3500GeV_060,0.7904810922064125,3500.0,0.6
24,Zprime_3500GeV_075,0.764133071187606,3500.0,0.75
25,Zprime_4000GeV_015,0.840811408565884,4000.0,0.15
26,Zprime_4000GeV_030,0.8310650366238344,4000.0,0.3
27,Zprime_4000GeV_045,0.8046090649280049,4000.0,0.45
28,Zprime_4000GeV_060,0.7802279847586899,4000.0,0.6
29,Zprime_4000GeV_075,0.75238986901604,4000.0,0.75
