,name,auc,mass,nu
0,Zprime_1500GeV_015,0.8257451440913979,1500.0,0.15
1,Zprime_1500GeV_030,0.8085092962750439,1500.0,0.3
2,Zprime_1500GeV_045,0.7825752781285488,1500.0,0.45
3,Zprime_1500GeV_060,0.7522653888086527,1500.0,0.6
4,Zprime_1500GeV_075,0.6956338532435999,1500.0,0.75
5,Zprime_2000GeV_015,0.8375377911414085,2000.0,0.15
6,Zprime_2000GeV_030,0.8201358820032583,2000.0,0.3
7,Zprime_2000GeV_045,0.7903598409327262,2000.0,0.45
8,Zprime_2000GeV_060,0.757934865868001,2000.0,0.6
9,Zprime_2000GeV_075,0.7232151284032639,2000.0,0.75
10,Zprime_2500GeV_015,0.8423643587684283,2500.0,0.15
11,Zprime_2500GeV_030,0.8200205718241264,2500.0,0.3
12,Zprime_2500GeV_045,0.7953291166632543,2500.0,0.45
13,Zprime_2500GeV_060,0.7612713009149471,2500.0,0.6
14,Zprime_2500GeV_075,0.7087458167060362,2500.0,0.75
15,Zprime_3000GeV_015,0.8453390918124652,3000.0,0.15
16,Zprime_3000GeV_030,0.8208329631324456,3000.0,0.3
17,Zprime_3000GeV_045,0.7933533460545277,3000.0,0.45
18,Zprime_3000GeV_060,0.7575248788886837,3000.0,0.6
19,Zprime_3000GeV_075,0.7184394727339933,3000.0,0.75
20,Zprime_3500GeV_015,0.8495286966218568,3500.0,0.15
21,Zprime_3500GeV_030,0.8279733344879449,3500.0,0.3
22,Zprime_3500GeV_045,0.7938563821665272,3500.0,0.45
23,Zprime_3500GeV_060,0.7647648802556204,3500.0,0.6
24,Zprime_3500GeV_075,0.718522174950042,3500.0,0.75
25,Zprime_4000GeV_015,0.8612877532616342,4000.0,0.15
26,Zprime_4000GeV_030,0.8422278025033676,4000.0,0.3
27,Zprime_4000GeV_045,0.8050232143191651,4000.0,0.45
28,Zprime_4000GeV_060,0.7653241831677688,4000.0,0.6
29,Zprime_4000GeV_075,0.7177341520377775,4000.0,0.75
