,name,auc,mass,nu
0,Zprime_1500GeV_015,0.793319324512307,1500.0,0.15
1,Zprime_1500GeV_030,0.7807935808465243,1500.0,0.3
2,Zprime_1500GeV_045,0.7621699050892196,1500.0,0.45
3,Zprime_1500GeV_060,0.7347102559575128,1500.0,0.6
4,Zprime_1500GeV_075,0.6894194730686706,1500.0,0.75
5,Zprime_2000GeV_015,0.8026247589878722,2000.0,0.15
6,Zprime_2000GeV_030,0.7861552433898609,2000.0,0.3
7,Zprime_2000GeV_045,0.7611708288433319,2000.0,0.45
8,Zprime_2000GeV_060,0.7357741554988442,2000.0,0.6
9,Zprime_2000GeV_075,0.7104974703399708,2000.0,0.75
10,Zprime_2500GeV_015,0.7956007392331516,2500.0,0.15
11,Zprime_2500GeV_030,0.779252883160137,2500.0,0.3
12,Zprime_2500GeV_045,0.7593121178015589,2500.0,0.45
13,Zprime_2500GeV_060,0.7313491953615511,2500.0,0.6
14,Zprime_2500GeV_075,0.6955399540560796,2500.0,0.75
15,Zprime_3000GeV_015,0.8049079294885613,3000.0,0.15
16,Zprime_3000GeV_030,0.782455306512177,3000.0,0.3
17,Zprime_3000GeV_045,0.7547352072838995,3000.0,0.45
18,Zprime_3000GeV_060,0.7225047227313949,3000.0,0.6
19,Zprime_3000GeV_075,0.6951724347261155,3000.0,0.75
20,Zprime_3500GeV_015,0.8079616199491975,3500.0,0.15
21,Zprime_3500GeV_030,0.787410057186578,3500.0,0.3
22,Zprime_3500GeV_045,0.7526686011237379,3500.0,0.45
23,Zprime_3500GeV_060,0.7255926308855687,3500.0,0.6
24,Zprime_3500GeV_075,0.6900728958507918,3500.0,0.75
25,Zprime_4000GeV_015,0.817345825087458,4000.0,0.15
26,Zprime_4000GeV_030,0.7975104516309055,4000.0,0.3
27,Zprime_4000GeV_045,0.762151513075658,4000.0,0.45
28,Zprime_4000GeV_060,0.7249927426843537,4000.0,0.6
29,Zprime_4000GeV_075,0.6832450944383174,4000.0,0.75
