,name,auc,mass,nu
0,Zprime_1500GeV_015,0.8697004475909407,1500.0,0.15
1,Zprime_1500GeV_030,0.8562449077611268,1500.0,0.3
2,Zprime_1500GeV_045,0.8332337301099666,1500.0,0.45
3,Zprime_1500GeV_060,0.8072878567484775,1500.0,0.6
4,Zprime_1500GeV_075,0.758876300647718,1500.0,0.75
5,Zprime_2000GeV_015,0.8801645215883772,2000.0,0.15
6,Zprime_2000GeV_030,0.867786267074916,2000.0,0.3
7,Zprime_2000GeV_045,0.8410554132256,2000.0,0.45
8,Zprime_2000GeV_060,0.8152818075865684,2000.0,0.6
9,Zprime_2000GeV_075,0.78362687145113,2000.0,0.75
10,Zprime_2500GeV_015,0.8764683760659091,2500.0,0.15
11,Zprime_2500GeV_030,0.8583795003798589,2500.0,0.3
12,Zprime_2500GeV_045,0.8391183386376627,2500.0,0.45
13,Zprime_2500GeV_060,0.8118549078850185,2500.0,0.6
14,Zprime_2500GeV_075,0.7694813285861725,2500.0,0.75
15,Zprime_3000GeV_015,0.8703511889622872,3000.0,0.15
16,Zprime_3000GeV_030,0.85084322315117,3000.0,0.3
17,Zprime_3000GeV_045,0.8290769000297327,3000.0,0.45
18,Zprime_3000GeV_060,0.7993487658133956,3000.0,0.6
19,Zprime_3000GeV_075,0.7693479884576205,3000.0,0.75
20,Zprime_3500GeV_015,0.862308787698379,3500.0,0.15
21,Zprime_3500GeV_030,0.8470741734349375,3500.0,0.3
22,Zprime_3500GeV_045,0.8219464147282388,3500.0,0.45
23,Zprime_3500GeV_060,0.7990788237928358,3500.0,0.6
24,Zprime_3500GeV_075,0.7646425148799931,3500.0,0.75
25,Zprime_4000GeV_015,0.8633205639235821,4000.0,0.15
26,Zprime_4000GeV_030,0.8491781294894575,4000.0,0.3
27,Zprime_4000GeV_045,0.8207106721512443,4000.0,0.45
28,Zprime_4000GeV_060,0.7925166012002096,4000.0,0.6
29,Zprime_4000GeV_075,0.7541403220132319,4000.0,0.75
