,name,auc,mass,nu
0,Zprime_1500GeV_015,0.8537250664940205,1500.0,0.15
1,Zprime_1500GeV_030,0.8440523970905418,1500.0,0.3
2,Zprime_1500GeV_045,0.8229696014696032,1500.0,0.45
3,Zprime_1500GeV_060,0.7906454334233,1500.0,0.6
4,Zprime_1500GeV_075,0.7442124368250843,1500.0,0.75
5,Zprime_2000GeV_015,0.8707850520106776,2000.0,0.15
6,Zprime_2000GeV_030,0.8555361708554294,2000.0,0.3
7,Zprime_2000GeV_045,0.8296427565651951,2000.0,0.45
8,Zprime_2000GeV_060,0.8001491358164367,2000.0,0.6
9,Zprime_2000GeV_075,0.7698359562865609,2000.0,0.75
10,Zprime_2500GeV_015,0.8672558706780351,2500.0,0.15
11,Zprime_2500GeV_030,0.8495097206375172,2500.0,0.3
12,Zprime_2500GeV_045,0.8277311123919466,2500.0,0.45
13,Zprime_2500GeV_060,0.7997242375398719,2500.0,0.6
14,Zprime_2500GeV_075,0.7564911659198524,2500.0,0.75
15,Zprime_3000GeV_015,0.8646480030768968,3000.0,0.15
16,Zprime_3000GeV_030,0.844184600285977,3000.0,0.3
17,Zprime_3000GeV_045,0.8182546955681225,3000.0,0.45
18,Zprime_3000GeV_060,0.7869092365892109,3000.0,0.6
19,Zprime_3000GeV_075,0.755025763453412,3000.0,0.75
20,Zprime_3500GeV_015,0.8603939625337136,3500.0,0.15
21,Zprime_3500GeV_030,0.8422410223225227,3500.0,0.3
22,Zprime_3500GeV_045,0.8142423611431159,3500.0,0.45
23,Zprime_3500GeV_060,0.7876876943606685,3500.0,0.6
24,Zprime_3500GeV_075,0.7495857882636069,3500.0,0.75
25,Zprime_4000GeV_015,0.863629358004717,4000.0,0.15
26,Zprime_4000GeV_030,0.8466908168644866,4000.0,0.3
27,Zprime_4000GeV_045,0.8140861961561924,4000.0,0.45
28,Zprime_4000GeV_060,0.7845652986116797,4000.0,0.6
29,Zprime_4000GeV_075,0.7423502578719453,4000.0,0.75
