,name,auc,mass,nu
0,Zprime_1500GeV_015,0.8655104134260465,1500.0,0.15
1,Zprime_1500GeV_030,0.853239826353994,1500.0,0.3
2,Zprime_1500GeV_045,0.8307635811520832,1500.0,0.45
3,Zprime_1500GeV_060,0.8009420085042495,1500.0,0.6
4,Zprime_1500GeV_075,0.7552344730840187,1500.0,0.75
5,Zprime_2000GeV_015,0.8659133127196003,2000.0,0.15
6,Zprime_2000GeV_030,0.8542747658531151,2000.0,0.3
7,Zprime_2000GeV_045,0.8296611729395481,2000.0,0.45
8,Zprime_2000GeV_060,0.8058129412433167,2000.0,0.6
9,Zprime_2000GeV_075,0.7760947829881439,2000.0,0.75
10,Zprime_2500GeV_015,0.8560923655990017,2500.0,0.15
11,Zprime_2500GeV_030,0.8413942471820656,2500.0,0.3
12,Zprime_2500GeV_045,0.8232460079883576,2500.0,0.45
13,Zprime_2500GeV_060,0.8010691036960601,2500.0,0.6
14,Zprime_2500GeV_075,0.7605612448272174,2500.0,0.75
15,Zprime_3000GeV_015,0.8513771951423011,3000.0,0.15
16,Zprime_3000GeV_030,0.8337388991755779,3000.0,0.3
17,Zprime_3000GeV_045,0.8119954735573911,3000.0,0.45
18,Zprime_3000GeV_060,0.7870679604770425,3000.0,0.6
19,Zprime_3000GeV_075,0.7608786209556802,3000.0,0.75
20,Zprime_3500GeV_015,0.8469915252834432,3500.0,0.15
21,Zprime_3500GeV_030,0.8322999939388516,3500.0,0.3
22,Zprime_3500GeV_045,0.8087685164303311,3500.0,0.45
23,Zprime_3500GeV_060,0.788605029994234,3500.0,0.6
24,Zprime_3500GeV_075,0.7558073658651883,3500.0,0.75
25,Zprime_4000GeV_015,0.8540817826576748,4000.0,0.15
26,Zprime_4000GeV_030,0.8402890889028708,4000.0,0.3
27,Zprime_4000GeV_045,0.811863341214174,4000.0,0.45
28,Zprime_4000GeV_060,0.7829848004187423,4000.0,0.6
29,Zprime_4000GeV_075,0.7499032581323296,4000.0,0.75
