,name,auc,mass,nu
0,Zprime_1500GeV_015,0.8131793624234747,1500.0,0.15
1,Zprime_1500GeV_030,0.8016855640906145,1500.0,0.3
2,Zprime_1500GeV_045,0.7822240312598183,1500.0,0.45
3,Zprime_1500GeV_060,0.7556062592448625,1500.0,0.6
4,Zprime_1500GeV_075,0.7182051333569416,1500.0,0.75
5,Zprime_2000GeV_015,0.8151921043564483,2000.0,0.15
6,Zprime_2000GeV_030,0.802470921200443,2000.0,0.3
7,Zprime_2000GeV_045,0.7832262293286419,2000.0,0.45
8,Zprime_2000GeV_060,0.7588063868377112,2000.0,0.6
9,Zprime_2000GeV_075,0.7357781591103256,2000.0,0.75
10,Zprime_2500GeV_015,0.8092718832471754,2500.0,0.15
11,Zprime_2500GeV_030,0.7950548129336289,2500.0,0.3
12,Zprime_2500GeV_045,0.7760940044974242,2500.0,0.45
13,Zprime_2500GeV_060,0.7545461561823517,2500.0,0.6
14,Zprime_2500GeV_075,0.7203059999820622,2500.0,0.75
15,Zprime_3000GeV_015,0.818911203910758,3000.0,0.15
16,Zprime_3000GeV_030,0.7977162945859293,3000.0,0.3
17,Zprime_3000GeV_045,0.7748941398163082,3000.0,0.45
18,Zprime_3000GeV_060,0.7466835080478389,3000.0,0.6
19,Zprime_3000GeV_075,0.7226045942324629,3000.0,0.75
20,Zprime_3500GeV_015,0.8232870009813424,3500.0,0.15
21,Zprime_3500GeV_030,0.8040998856476429,3500.0,0.3
22,Zprime_3500GeV_045,0.7736690992261614,3500.0,0.45
23,Zprime_3500GeV_060,0.747557304910031,3500.0,0.6
24,Zprime_3500GeV_075,0.7166975869700681,3500.0,0.75
25,Zprime_4000GeV_015,0.8296251257829683,4000.0,0.15
26,Zprime_4000GeV_030,0.8132364526011653,4000.0,0.3
27,Zprime_4000GeV_045,0.7803257815182081,4000.0,0.45
28,Zprime_4000GeV_060,0.7487301425652704,4000.0,0.6
29,Zprime_4000GeV_075,0.7118869718322518,4000.0,0.75
