,name,auc,mass,nu
0,Zprime_1500GeV_015,0.8015932406387536,1500.0,0.15
1,Zprime_1500GeV_030,0.7850988013226348,1500.0,0.3
2,Zprime_1500GeV_045,0.7687824829227694,1500.0,0.45
3,Zprime_1500GeV_060,0.7410482350868954,1500.0,0.6
4,Zprime_1500GeV_075,0.6957560102503053,1500.0,0.75
5,Zprime_2000GeV_015,0.8049518873519392,2000.0,0.15
6,Zprime_2000GeV_030,0.7884942844575205,2000.0,0.3
7,Zprime_2000GeV_045,0.7648668059731805,2000.0,0.45
8,Zprime_2000GeV_060,0.739145987272773,2000.0,0.6
9,Zprime_2000GeV_075,0.713057842780199,2000.0,0.75
10,Zprime_2500GeV_015,0.8017925174215943,2500.0,0.15
11,Zprime_2500GeV_030,0.7845138240883982,2500.0,0.3
12,Zprime_2500GeV_045,0.7643481233054739,2500.0,0.45
13,Zprime_2500GeV_060,0.7368125551461331,2500.0,0.6
14,Zprime_2500GeV_075,0.698065896920797,2500.0,0.75
15,Zprime_3000GeV_015,0.8134667815143513,3000.0,0.15
16,Zprime_3000GeV_030,0.7910373768017044,3000.0,0.3
17,Zprime_3000GeV_045,0.7632112033290923,3000.0,0.45
18,Zprime_3000GeV_060,0.7325734764459062,3000.0,0.6
19,Zprime_3000GeV_075,0.7015545136851062,3000.0,0.75
20,Zprime_3500GeV_015,0.8240430304726394,3500.0,0.15
21,Zprime_3500GeV_030,0.8007532406943066,3500.0,0.3
22,Zprime_3500GeV_045,0.7666939449440409,3500.0,0.45
23,Zprime_3500GeV_060,0.7363012215910405,3500.0,0.6
24,Zprime_3500GeV_075,0.6985675132684416,3500.0,0.75
25,Zprime_4000GeV_015,0.8381453612143567,4000.0,0.15
26,Zprime_4000GeV_030,0.8156889333919242,4000.0,0.3
27,Zprime_4000GeV_045,0.7782904864187637,4000.0,0.45
28,Zprime_4000GeV_060,0.7409430074626658,4000.0,0.6
29,Zprime_4000GeV_075,0.6974969656427231,4000.0,0.75
