,name,auc,mass,nu
0,Zprime_1500GeV_015,0.8898872334283449,1500.0,0.15
1,Zprime_1500GeV_030,0.8776541726505427,1500.0,0.3
2,Zprime_1500GeV_045,0.8534489016246307,1500.0,0.45
3,Zprime_1500GeV_060,0.8291317110883589,1500.0,0.6
4,Zprime_1500GeV_075,0.784673055945537,1500.0,0.75
5,Zprime_2000GeV_015,0.900249695366048,2000.0,0.15
6,Zprime_2000GeV_030,0.8868719704045908,2000.0,0.3
7,Zprime_2000GeV_045,0.8627938467061692,2000.0,0.45
8,Zprime_2000GeV_060,0.8353808755421083,2000.0,0.6
9,Zprime_2000GeV_075,0.8039651513185756,2000.0,0.75
10,Zprime_2500GeV_015,0.8954754095265309,2500.0,0.15
11,Zprime_2500GeV_030,0.8802863153430566,2500.0,0.3
12,Zprime_2500GeV_045,0.8600868183694922,2500.0,0.45
13,Zprime_2500GeV_060,0.8355987134040614,2500.0,0.6
14,Zprime_2500GeV_075,0.7922783822552709,2500.0,0.75
15,Zprime_3000GeV_015,0.8911912680139848,3000.0,0.15
16,Zprime_3000GeV_030,0.8714753915390201,3000.0,0.3
17,Zprime_3000GeV_045,0.8519997073410952,3000.0,0.45
18,Zprime_3000GeV_060,0.8220643495828663,3000.0,0.6
19,Zprime_3000GeV_075,0.788612819557298,3000.0,0.75
20,Zprime_3500GeV_015,0.883066704311733,3500.0,0.15
21,Zprime_3500GeV_030,0.8703702673135134,3500.0,0.3
22,Zprime_3500GeV_045,0.8427116430353501,3500.0,0.45
23,Zprime_3500GeV_060,0.8185406405504763,3500.0,0.6
24,Zprime_3500GeV_075,0.7826455768280367,3500.0,0.75
25,Zprime_4000GeV_015,0.8808903004048494,4000.0,0.15
26,Zprime_4000GeV_030,0.8714350284435074,4000.0,0.3
27,Zprime_4000GeV_045,0.8418022781832345,4000.0,0.45
28,Zprime_4000GeV_060,0.8117659002712647,4000.0,0.6
29,Zprime_4000GeV_075,0.7717253807936882,4000.0,0.75
