,name,auc,mass,nu
0,Zprime_1500GeV_015,0.8652573531129104,1500.0,0.15
1,Zprime_1500GeV_030,0.8540366857833672,1500.0,0.3
2,Zprime_1500GeV_045,0.8346958768767987,1500.0,0.45
3,Zprime_1500GeV_060,0.8053261295359788,1500.0,0.6
4,Zprime_1500GeV_075,0.7666381191811475,1500.0,0.75
5,Zprime_2000GeV_015,0.868680612848522,2000.0,0.15
6,Zprime_2000GeV_030,0.8569613934701413,2000.0,0.3
7,Zprime_2000GeV_045,0.8333272579264094,2000.0,0.45
8,Zprime_2000GeV_060,0.8096262726062475,2000.0,0.6
9,Zprime_2000GeV_075,0.7834735133901126,2000.0,0.75
10,Zprime_2500GeV_015,0.8658072782120148,2500.0,0.15
11,Zprime_2500GeV_030,0.8478881553147131,2500.0,0.3
12,Zprime_2500GeV_045,0.8297423235374638,2500.0,0.45
13,Zprime_2500GeV_060,0.8056484683791774,2500.0,0.6
14,Zprime_2500GeV_075,0.7682684446382371,2500.0,0.75
15,Zprime_3000GeV_015,0.8665235622036739,3000.0,0.15
16,Zprime_3000GeV_030,0.8447956748564929,3000.0,0.3
17,Zprime_3000GeV_045,0.8231906215804137,3000.0,0.45
18,Zprime_3000GeV_060,0.7945340765435839,3000.0,0.6
19,Zprime_3000GeV_075,0.7670622944893916,3000.0,0.75
20,Zprime_3500GeV_015,0.8604785203054528,3500.0,0.15
21,Zprime_3500GeV_030,0.8458195170977721,3500.0,0.3
22,Zprime_3500GeV_045,0.8204739233840285,3500.0,0.45
23,Zprime_3500GeV_060,0.7950616088500206,3500.0,0.6
24,Zprime_3500GeV_075,0.7624453898880509,3500.0,0.75
25,Zprime_4000GeV_015,0.8675905500799221,4000.0,0.15
26,Zprime_4000GeV_030,0.8512468075389745,4000.0,0.3
27,Zprime_4000GeV_045,0.8229558297824127,4000.0,0.45
28,Zprime_4000GeV_060,0.7915590656233199,4000.0,0.6
29,Zprime_4000GeV_075,0.7529931453108977,4000.0,0.75
