,name,auc,mass,nu
0,Zprime_1500GeV_015,0.8429281378778155,1500.0,0.15
1,Zprime_1500GeV_030,0.8242106303227434,1500.0,0.3
2,Zprime_1500GeV_045,0.8077768154224885,1500.0,0.45
3,Zprime_1500GeV_060,0.7839169090461834,1500.0,0.6
4,Zprime_1500GeV_075,0.7415427027687712,1500.0,0.75
5,Zprime_2000GeV_015,0.8420673619682982,2000.0,0.15
6,Zprime_2000GeV_030,0.8289372407277158,2000.0,0.3
7,Zprime_2000GeV_045,0.80883726409309,2000.0,0.45
8,Zprime_2000GeV_060,0.7847051995837273,2000.0,0.6
9,Zprime_2000GeV_075,0.7610554706487721,2000.0,0.75
10,Zprime_2500GeV_015,0.8306872467819478,2500.0,0.15
11,Zprime_2500GeV_030,0.8158671787744235,2500.0,0.3
12,Zprime_2500GeV_045,0.7985941858790673,2500.0,0.45
13,Zprime_2500GeV_060,0.7767412224580017,2500.0,0.6
14,Zprime_2500GeV_075,0.7438396255380001,2500.0,0.75
15,Zprime_3000GeV_015,0.8305745746678732,3000.0,0.15
16,Zprime_3000GeV_030,0.8112769785754883,3000.0,0.3
17,Zprime_3000GeV_045,0.7884175806776937,3000.0,0.45
18,Zprime_3000GeV_060,0.762964932637143,3000.0,0.6
19,Zprime_3000GeV_075,0.7409652725633523,3000.0,0.75
20,Zprime_3500GeV_015,0.8268128908742945,3500.0,0.15
21,Zprime_3500GeV_030,0.8087327153097935,3500.0,0.3
22,Zprime_3500GeV_045,0.7821347667047971,3500.0,0.45
23,Zprime_3500GeV_060,0.7602869282782633,3500.0,0.6
24,Zprime_3500GeV_075,0.7319085605621093,3500.0,0.75
25,Zprime_4000GeV_015,0.8282607257526158,4000.0,0.15
26,Zprime_4000GeV_030,0.8137592989553817,4000.0,0.3
27,Zprime_4000GeV_045,0.7827058263602867,4000.0,0.45
28,Zprime_4000GeV_060,0.7544434492675961,4000.0,0.6
29,Zprime_4000GeV_075,0.7225028676978981,4000.0,0.75
