,name,auc,mass,nu
0,Zprime_1500GeV_015,0.8796777036931158,1500.0,0.15
1,Zprime_1500GeV_030,0.8707602983431137,1500.0,0.3
2,Zprime_1500GeV_045,0.8523551330416836,1500.0,0.45
3,Zprime_1500GeV_060,0.8325072379687163,1500.0,0.6
4,Zprime_1500GeV_075,0.8026540650307813,1500.0,0.75
5,Zprime_2000GeV_015,0.8900017880304588,2000.0,0.15
6,Zprime_2000GeV_030,0.8785300894903094,2000.0,0.3
7,Zprime_2000GeV_045,0.8548296727818158,2000.0,0.45
8,Zprime_2000GeV_060,0.8294202405804566,2000.0,0.6
9,Zprime_2000GeV_075,0.8036329812943057,2000.0,0.75
10,Zprime_2500GeV_015,0.8837054905082016,2500.0,0.15
11,Zprime_2500GeV_030,0.8684232978664533,2500.0,0.3
12,Zprime_2500GeV_045,0.8500293914439665,2500.0,0.45
13,Zprime_2500GeV_060,0.8263609871227762,2500.0,0.6
14,Zprime_2500GeV_075,0.7888028365042354,2500.0,0.75
15,Zprime_3000GeV_015,0.8831689814550276,3000.0,0.15
16,Zprime_3000GeV_030,0.8627172270538204,3000.0,0.3
17,Zprime_3000GeV_045,0.8440085138304199,3000.0,0.45
18,Zprime_3000GeV_060,0.8137328885111381,3000.0,0.6
19,Zprime_3000GeV_075,0.7816836981657326,3000.0,0.75
20,Zprime_3500GeV_015,0.8782167251596604,3500.0,0.15
21,Zprime_3500GeV_030,0.8648448692391877,3500.0,0.3
22,Zprime_3500GeV_045,0.8388125250869205,3500.0,0.45
23,Zprime_3500GeV_060,0.8148951730988301,3500.0,0.6
24,Zprime_3500GeV_075,0.7788427877693976,3500.0,0.75
25,Zprime_4000GeV_015,0.8778600723490628,4000.0,0.15
26,Zprime_4000GeV_030,0.8666053955504228,4000.0,0.3
27,Zprime_4000GeV_045,0.8383200049697928,4000.0,0.45
28,Zprime_4000GeV_060,0.8084904013733748,4000.0,0.6
29,Zprime_4000GeV_075,0.7660931577434643,4000.0,0.75
