,name,auc,mass,nu
0,Zprime_1500GeV_015,0.8258859796879101,1500.0,0.15
1,Zprime_1500GeV_030,0.816488788356249,1500.0,0.3
2,Zprime_1500GeV_045,0.7883650037540642,1500.0,0.45
3,Zprime_1500GeV_060,0.7678035489492359,1500.0,0.6
4,Zprime_1500GeV_075,0.7169649362648783,1500.0,0.75
5,Zprime_2000GeV_015,0.8434384511586618,2000.0,0.15
6,Zprime_2000GeV_030,0.8260484971472764,2000.0,0.3
7,Zprime_2000GeV_045,0.8005300340926356,2000.0,0.45
8,Zprime_2000GeV_060,0.7681762867580555,2000.0,0.6
9,Zprime_2000GeV_075,0.7371360103313377,2000.0,0.75
10,Zprime_2500GeV_015,0.8522821359625197,2500.0,0.15
11,Zprime_2500GeV_030,0.8327246912838114,2500.0,0.3
12,Zprime_2500GeV_045,0.8066969885288522,2500.0,0.45
13,Zprime_2500GeV_060,0.7735206337834559,2500.0,0.6
14,Zprime_2500GeV_075,0.7271291157259879,2500.0,0.75
15,Zprime_3000GeV_015,0.8696805295394482,3000.0,0.15
16,Zprime_3000GeV_030,0.8430066031746071,3000.0,0.3
17,Zprime_3000GeV_045,0.8144243950605692,3000.0,0.45
18,Zprime_3000GeV_060,0.7763351905101366,3000.0,0.6
19,Zprime_3000GeV_075,0.7346455508287693,3000.0,0.75
20,Zprime_3500GeV_015,0.8761009794338751,3500.0,0.15
21,Zprime_3500GeV_030,0.8563409921488803,3500.0,0.3
22,Zprime_3500GeV_045,0.818585041698921,3500.0,0.45
23,Zprime_3500GeV_060,0.7819434536032547,3500.0,0.6
24,Zprime_3500GeV_075,0.7346978663056791,3500.0,0.75
25,Zprime_4000GeV_015,0.8827967774043161,4000.0,0.15
26,Zprime_4000GeV_030,0.8673704569755065,4000.0,0.3
27,Zprime_4000GeV_045,0.8291359307731822,4000.0,0.45
28,Zprime_4000GeV_060,0.787717565226367,4000.0,0.6
29,Zprime_4000GeV_075,0.7314095991733249,4000.0,0.75
