,name,auc,mass,nu
0,Zprime_1500GeV_015,0.8550057829011105,1500.0,0.15
1,Zprime_1500GeV_030,0.8388682205194374,1500.0,0.3
2,Zprime_1500GeV_045,0.8121949376744085,1500.0,0.45
3,Zprime_1500GeV_060,0.7859579202856509,1500.0,0.6
4,Zprime_1500GeV_075,0.7323443708572311,1500.0,0.75
5,Zprime_2000GeV_015,0.8690272587943607,2000.0,0.15
6,Zprime_2000GeV_030,0.8532234897713451,2000.0,0.3
7,Zprime_2000GeV_045,0.8256668258252142,2000.0,0.45
8,Zprime_2000GeV_060,0.795964136442787,2000.0,0.6
9,Zprime_2000GeV_075,0.7624988179688321,2000.0,0.75
10,Zprime_2500GeV_015,0.8645889707573139,2500.0,0.15
11,Zprime_2500GeV_030,0.8463587212818242,2500.0,0.3
12,Zprime_2500GeV_045,0.8249400311046533,2500.0,0.45
13,Zprime_2500GeV_060,0.793852266757248,2500.0,0.6
14,Zprime_2500GeV_075,0.7467045700351875,2500.0,0.75
15,Zprime_3000GeV_015,0.8565901131420536,3000.0,0.15
16,Zprime_3000GeV_030,0.8359369578144109,3000.0,0.3
17,Zprime_3000GeV_045,0.8132080492046438,3000.0,0.45
18,Zprime_3000GeV_060,0.7815384104411663,3000.0,0.6
19,Zprime_3000GeV_075,0.7478316589387748,3000.0,0.75
20,Zprime_3500GeV_015,0.8491863271093361,3500.0,0.15
21,Zprime_3500GeV_030,0.8315400456484726,3500.0,0.3
22,Zprime_3500GeV_045,0.8042203235236801,3500.0,0.45
23,Zprime_3500GeV_060,0.7806270159469341,3500.0,0.6
24,Zprime_3500GeV_075,0.7417810223683363,3500.0,0.75
25,Zprime_4000GeV_015,0.8451629679574905,4000.0,0.15
26,Zprime_4000GeV_030,0.8338829159339025,4000.0,0.3
27,Zprime_4000GeV_045,0.8031850427835615,4000.0,0.45
28,Zprime_4000GeV_060,0.772172035851421,4000.0,0.6
29,Zprime_4000GeV_075,0.7341688151931149,4000.0,0.75
