,name,auc,mass,nu
0,Zprime_1500GeV_015,0.8465195623679813,1500.0,0.15
1,Zprime_1500GeV_030,0.8391250120205898,1500.0,0.3
2,Zprime_1500GeV_045,0.8127204627300002,1500.0,0.45
3,Zprime_1500GeV_060,0.7815493834386825,1500.0,0.6
4,Zprime_1500GeV_075,0.7347863250009837,1500.0,0.75
5,Zprime_2000GeV_015,0.860410783990631,2000.0,0.15
6,Zprime_2000GeV_030,0.8448618196690058,2000.0,0.3
7,Zprime_2000GeV_045,0.8185067828733232,2000.0,0.45
8,Zprime_2000GeV_060,0.789991618815927,2000.0,0.6
9,Zprime_2000GeV_075,0.7570522268741893,2000.0,0.75
10,Zprime_2500GeV_015,0.8646614755462679,2500.0,0.15
11,Zprime_2500GeV_030,0.8447959688684139,2500.0,0.3
12,Zprime_2500GeV_045,0.8236443278558441,2500.0,0.45
13,Zprime_2500GeV_060,0.7934733577271738,2500.0,0.6
14,Zprime_2500GeV_075,0.7451576837195244,2500.0,0.75
15,Zprime_3000GeV_015,0.867389900023115,3000.0,0.15
16,Zprime_3000GeV_030,0.8461159026702844,3000.0,0.3
17,Zprime_3000GeV_045,0.8219927488020706,3000.0,0.45
18,Zprime_3000GeV_060,0.7867592495180018,3000.0,0.6
19,Zprime_3000GeV_075,0.750355512816876,3000.0,0.75
20,Zprime_3500GeV_015,0.8683773262576968,3500.0,0.15
21,Zprime_3500GeV_030,0.8507981118840797,3500.0,0.3
22,Zprime_3500GeV_045,0.8205206053750352,3500.0,0.45
23,Zprime_3500GeV_060,0.790863600947902,3500.0,0.6
24,Zprime_3500GeV_075,0.7488294011474248,3500.0,0.75
25,Zprime_4000GeV_015,0.8740640885435969,4000.0,0.15
26,Zprime_4000GeV_030,0.8588438547224817,4000.0,0.3
27,Zprime_4000GeV_045,0.8254030409655886,4000.0,0.45
28,Zprime_4000GeV_060,0.7907409759809092,4000.0,0.6
29,Zprime_4000GeV_075,0.7443479826648607,4000.0,0.75
