,name,auc,mass,nu
0,Zprime_1500GeV_015,0.8662072343252083,1500.0,0.15
1,Zprime_1500GeV_030,0.8543903024750261,1500.0,0.3
2,Zprime_1500GeV_045,0.8389733246754303,1500.0,0.45
3,Zprime_1500GeV_060,0.8184478246424888,1500.0,0.6
4,Zprime_1500GeV_075,0.7861833797822968,1500.0,0.75
5,Zprime_2000GeV_015,0.8736423119236111,2000.0,0.15
6,Zprime_2000GeV_030,0.8625898345082854,2000.0,0.3
7,Zprime_2000GeV_045,0.8381419656213734,2000.0,0.45
8,Zprime_2000GeV_060,0.8147433080720701,2000.0,0.6
9,Zprime_2000GeV_075,0.7854724720240536,2000.0,0.75
10,Zprime_2500GeV_015,0.8664701641064644,2500.0,0.15
11,Zprime_2500GeV_030,0.8516164254518077,2500.0,0.3
12,Zprime_2500GeV_045,0.8330382736019021,2500.0,0.45
13,Zprime_2500GeV_060,0.8093534382298995,2500.0,0.6
14,Zprime_2500GeV_075,0.771480357075939,2500.0,0.75
15,Zprime_3000GeV_015,0.86408217490024,3000.0,0.15
16,Zprime_3000GeV_030,0.8450320895016812,3000.0,0.3
17,Zprime_3000GeV_045,0.8263433995259137,3000.0,0.45
18,Zprime_3000GeV_060,0.796040349808314,3000.0,0.6
19,Zprime_3000GeV_075,0.7642531214988151,3000.0,0.75
20,Zprime_3500GeV_015,0.8586472669934951,3500.0,0.15
21,Zprime_3500GeV_030,0.845953022571658,3500.0,0.3
22,Zprime_3500GeV_045,0.8197634643973938,3500.0,0.45
23,Zprime_3500GeV_060,0.796512690637724,3500.0,0.6
24,Zprime_3500GeV_075,0.7614562410021702,3500.0,0.75
25,Zprime_4000GeV_015,0.8584563742848597,4000.0,0.15
26,Zprime_4000GeV_030,0.8460156675349373,4000.0,0.3
27,Zprime_4000GeV_045,0.8171544263264467,4000.0,0.45
28,Zprime_4000GeV_060,0.7892011143181714,4000.0,0.6
29,Zprime_4000GeV_075,0.7494540442197497,4000.0,0.75
