,name,auc,mass,nu
0,Zprime_1500GeV_015,0.8272834751965858,1500.0,0.15
1,Zprime_1500GeV_030,0.81089624196734,1500.0,0.3
2,Zprime_1500GeV_045,0.7876592155329195,1500.0,0.45
3,Zprime_1500GeV_060,0.7605833665884283,1500.0,0.6
4,Zprime_1500GeV_075,0.7191860171457928,1500.0,0.75
5,Zprime_2000GeV_015,0.8299021126809185,2000.0,0.15
6,Zprime_2000GeV_030,0.8184297109459264,2000.0,0.3
7,Zprime_2000GeV_045,0.7928036852524678,2000.0,0.45
8,Zprime_2000GeV_060,0.7676373269994823,2000.0,0.6
9,Zprime_2000GeV_075,0.7423485297889534,2000.0,0.75
10,Zprime_2500GeV_015,0.8228631562382441,2500.0,0.15
11,Zprime_2500GeV_030,0.8052697135546808,2500.0,0.3
12,Zprime_2500GeV_045,0.7875552281492122,2500.0,0.45
13,Zprime_2500GeV_060,0.7597869655962257,2500.0,0.6
14,Zprime_2500GeV_075,0.7255611620480641,2500.0,0.75
15,Zprime_3000GeV_015,0.8265873511182337,3000.0,0.15
16,Zprime_3000GeV_030,0.80190092248267,3000.0,0.3
17,Zprime_3000GeV_045,0.7801941933381528,3000.0,0.45
18,Zprime_3000GeV_060,0.7516676527567815,3000.0,0.6
19,Zprime_3000GeV_075,0.7282928856548765,3000.0,0.75
20,Zprime_3500GeV_015,0.8283504133459454,3500.0,0.15
21,Zprime_3500GeV_030,0.8083403356954387,3500.0,0.3
22,Zprime_3500GeV_045,0.7824985514633985,3500.0,0.45
23,Zprime_3500GeV_060,0.7583438207747433,3500.0,0.6
24,Zprime_3500GeV_075,0.7259708953780699,3500.0,0.75
25,Zprime_4000GeV_015,0.8385039556763219,4000.0,0.15
26,Zprime_4000GeV_030,0.8211781675462864,4000.0,0.3
27,Zprime_4000GeV_045,0.7859075080438187,4000.0,0.45
28,Zprime_4000GeV_060,0.7558206112065241,4000.0,0.6
29,Zprime_4000GeV_075,0.7205008649426674,4000.0,0.75
