,name,auc,mass,nu
0,Zprime_1500GeV_015,0.878980065340243,1500.0,0.15
1,Zprime_1500GeV_030,0.8759376060057509,1500.0,0.3
2,Zprime_1500GeV_045,0.8509817177020624,1500.0,0.45
3,Zprime_1500GeV_060,0.8292908181227655,1500.0,0.6
4,Zprime_1500GeV_075,0.7948212266042473,1500.0,0.75
5,Zprime_2000GeV_015,0.8943271948085275,2000.0,0.15
6,Zprime_2000GeV_030,0.8823832978501842,2000.0,0.3
7,Zprime_2000GeV_045,0.8567728141988439,2000.0,0.45
8,Zprime_2000GeV_060,0.8289878203518425,2000.0,0.6
9,Zprime_2000GeV_075,0.8015560063366843,2000.0,0.75
10,Zprime_2500GeV_015,0.893432444658837,2500.0,0.15
11,Zprime_2500GeV_030,0.878114637663775,2500.0,0.3
12,Zprime_2500GeV_045,0.8587974089717639,2500.0,0.45
13,Zprime_2500GeV_060,0.8335805566135716,2500.0,0.6
14,Zprime_2500GeV_075,0.7889434933241661,2500.0,0.75
15,Zprime_3000GeV_015,0.8993666128097583,3000.0,0.15
16,Zprime_3000GeV_030,0.877916841639805,3000.0,0.3
17,Zprime_3000GeV_045,0.8588583216622224,3000.0,0.45
18,Zprime_3000GeV_060,0.8253973935887263,3000.0,0.6
19,Zprime_3000GeV_075,0.7866897085084182,3000.0,0.75
20,Zprime_3500GeV_015,0.89848543118402,3500.0,0.15
21,Zprime_3500GeV_030,0.8857315336177113,3500.0,0.3
22,Zprime_3500GeV_045,0.8560912224131286,3500.0,0.45
23,Zprime_3500GeV_060,0.82847361067942,3500.0,0.6
24,Zprime_3500GeV_075,0.7848373944433701,3500.0,0.75
25,Zprime_4000GeV_015,0.8993664002927825,4000.0,0.15
26,Zprime_4000GeV_030,0.8899555960788907,4000.0,0.3
27,Zprime_4000GeV_045,0.858040702073462,4000.0,0.45
28,Zprime_4000GeV_060,0.8259635802820905,4000.0,0.6
29,Zprime_4000GeV_075,0.7779002361908979,4000.0,0.75
