,name,auc,mass,nu
0,Zprime_1500GeV_015,0.9059331491026226,1500.0,0.15
1,Zprime_1500GeV_030,0.9023550316868032,1500.0,0.3
2,Zprime_1500GeV_045,0.8857376969428618,1500.0,0.45
3,Zprime_1500GeV_060,0.8684175662789672,1500.0,0.6
4,Zprime_1500GeV_075,0.8431234046685603,1500.0,0.75
5,Zprime_2000GeV_015,0.9153022936987797,2000.0,0.15
6,Zprime_2000GeV_030,0.9066599040380542,2000.0,0.3
7,Zprime_2000GeV_045,0.8851923127752592,2000.0,0.45
8,Zprime_2000GeV_060,0.8619502778521374,2000.0,0.6
9,Zprime_2000GeV_075,0.840688899097649,2000.0,0.75
10,Zprime_2500GeV_015,0.9112187728804247,2500.0,0.15
11,Zprime_2500GeV_030,0.897412316951584,2500.0,0.3
12,Zprime_2500GeV_045,0.8808006598141443,2500.0,0.45
13,Zprime_2500GeV_060,0.861507579452401,2500.0,0.6
14,Zprime_2500GeV_075,0.8282401257679527,2500.0,0.75
15,Zprime_3000GeV_015,0.9129585684718635,3000.0,0.15
16,Zprime_3000GeV_030,0.8938172204322756,3000.0,0.3
17,Zprime_3000GeV_045,0.8773376782011808,3000.0,0.45
18,Zprime_3000GeV_060,0.8520195288041387,3000.0,0.6
19,Zprime_3000GeV_075,0.8210620101309495,3000.0,0.75
20,Zprime_3500GeV_015,0.9067496601135429,3500.0,0.15
21,Zprime_3500GeV_030,0.896000486578266,3500.0,0.3
22,Zprime_3500GeV_045,0.8730623207555682,3500.0,0.45
23,Zprime_3500GeV_060,0.8499008811744058,3500.0,0.6
24,Zprime_3500GeV_075,0.8156266894432628,3500.0,0.75
25,Zprime_4000GeV_015,0.9059724578165574,4000.0,0.15
26,Zprime_4000GeV_030,0.898048602050862,4000.0,0.3
27,Zprime_4000GeV_045,0.8705482795564299,4000.0,0.45
28,Zprime_4000GeV_060,0.8428355314009699,4000.0,0.6
29,Zprime_4000GeV_075,0.8027120553173134,4000.0,0.75
