,name,auc,mass,nu
0,Zprime_1500GeV_015,0.8626358958405153,1500.0,0.15
1,Zprime_1500GeV_030,0.8577836753521373,1500.0,0.3
2,Zprime_1500GeV_045,0.8332538264604363,1500.0,0.45
3,Zprime_1500GeV_060,0.8053223566726967,1500.0,0.6
4,Zprime_1500GeV_075,0.7741871570918177,1500.0,0.75
5,Zprime_2000GeV_015,0.8701974081784154,2000.0,0.15
6,Zprime_2000GeV_030,0.8574147100928324,2000.0,0.3
7,Zprime_2000GeV_045,0.8334388210325834,2000.0,0.45
8,Zprime_2000GeV_060,0.8048506127229369,2000.0,0.6
9,Zprime_2000GeV_075,0.7787277772473937,2000.0,0.75
10,Zprime_2500GeV_015,0.8652012401009842,2500.0,0.15
11,Zprime_2500GeV_030,0.8496154715993729,2500.0,0.3
12,Zprime_2500GeV_045,0.8313425115334295,2500.0,0.45
13,Zprime_2500GeV_060,0.8075574757062685,2500.0,0.6
14,Zprime_2500GeV_075,0.7652419927291453,2500.0,0.75
15,Zprime_3000GeV_015,0.8708103059553597,3000.0,0.15
16,Zprime_3000GeV_030,0.8480121474461944,3000.0,0.3
17,Zprime_3000GeV_045,0.8293915896150349,3000.0,0.45
18,Zprime_3000GeV_060,0.7961253837105577,3000.0,0.6
19,Zprime_3000GeV_075,0.7631185265656024,3000.0,0.75
20,Zprime_3500GeV_015,0.8657359639697958,3500.0,0.15
21,Zprime_3500GeV_030,0.8517844151921303,3500.0,0.3
22,Zprime_3500GeV_045,0.824954734277366,3500.0,0.45
23,Zprime_3500GeV_060,0.7994018589984145,3500.0,0.6
24,Zprime_3500GeV_075,0.7619061647220611,3500.0,0.75
25,Zprime_4000GeV_015,0.8686256437703688,4000.0,0.15
26,Zprime_4000GeV_030,0.8553444895830211,4000.0,0.3
27,Zprime_4000GeV_045,0.8260734813748769,4000.0,0.45
28,Zprime_4000GeV_060,0.7941647529864735,4000.0,0.6
29,Zprime_4000GeV_075,0.752395847015497,4000.0,0.75
