,name,auc,mass,nu
0,Zprime_1500GeV_015,0.8875002685919336,1500.0,0.15
1,Zprime_1500GeV_030,0.8770169492958312,1500.0,0.3
2,Zprime_1500GeV_045,0.8541517248104601,1500.0,0.45
3,Zprime_1500GeV_060,0.8277456689146465,1500.0,0.6
4,Zprime_1500GeV_075,0.7821576401638285,1500.0,0.75
5,Zprime_2000GeV_015,0.8974656929773286,2000.0,0.15
6,Zprime_2000GeV_030,0.8851088723642767,2000.0,0.3
7,Zprime_2000GeV_045,0.861151043363193,2000.0,0.45
8,Zprime_2000GeV_060,0.8342743511583631,2000.0,0.6
9,Zprime_2000GeV_075,0.8046638756678193,2000.0,0.75
10,Zprime_2500GeV_015,0.892649714647128,2500.0,0.15
11,Zprime_2500GeV_030,0.8769977992774727,2500.0,0.3
12,Zprime_2500GeV_045,0.8576279662597046,2500.0,0.45
13,Zprime_2500GeV_060,0.8329257179725829,2500.0,0.6
14,Zprime_2500GeV_075,0.7908869608797644,2500.0,0.75
15,Zprime_3000GeV_015,0.8890743925365694,3000.0,0.15
16,Zprime_3000GeV_030,0.8687161743581842,3000.0,0.3
17,Zprime_3000GeV_045,0.8496086627338193,3000.0,0.45
18,Zprime_3000GeV_060,0.8200106156262932,3000.0,0.6
19,Zprime_3000GeV_075,0.7873270755478552,3000.0,0.75
20,Zprime_3500GeV_015,0.8821966611961549,3500.0,0.15
21,Zprime_3500GeV_030,0.8689212199797658,3500.0,0.3
22,Zprime_3500GeV_045,0.8412889675130167,3500.0,0.45
23,Zprime_3500GeV_060,0.8169964044244199,3500.0,0.6
24,Zprime_3500GeV_075,0.7820937815595521,3500.0,0.75
25,Zprime_4000GeV_015,0.8829508308116824,4000.0,0.15
26,Zprime_4000GeV_030,0.8726358991958585,4000.0,0.3
27,Zprime_4000GeV_045,0.8415882452917207,4000.0,0.45
28,Zprime_4000GeV_060,0.8125473129277877,4000.0,0.6
29,Zprime_4000GeV_075,0.7705035836086209,4000.0,0.75
