,name,auc,mass,nu
0,Zprime_1500GeV_015,0.8706860632083236,1500.0,0.15
1,Zprime_1500GeV_030,0.8578277948795987,1500.0,0.3
2,Zprime_1500GeV_045,0.8317729560446693,1500.0,0.45
3,Zprime_1500GeV_060,0.803225399260562,1500.0,0.6
4,Zprime_1500GeV_075,0.7516993148882533,1500.0,0.75
5,Zprime_2000GeV_015,0.8843438006828421,2000.0,0.15
6,Zprime_2000GeV_030,0.8708528488093573,2000.0,0.3
7,Zprime_2000GeV_045,0.8442960390818852,2000.0,0.45
8,Zprime_2000GeV_060,0.8166942129718928,2000.0,0.6
9,Zprime_2000GeV_075,0.7817739044327687,2000.0,0.75
10,Zprime_2500GeV_015,0.8806655960672368,2500.0,0.15
11,Zprime_2500GeV_030,0.8643660163078604,2500.0,0.3
12,Zprime_2500GeV_045,0.8445841963080523,2500.0,0.45
13,Zprime_2500GeV_060,0.816716052456568,2500.0,0.6
14,Zprime_2500GeV_075,0.7687980686417746,2500.0,0.75
15,Zprime_3000GeV_015,0.8768520124985494,3000.0,0.15
16,Zprime_3000GeV_030,0.8573155489381087,3000.0,0.3
17,Zprime_3000GeV_045,0.8346755937648723,3000.0,0.45
18,Zprime_3000GeV_060,0.803783103440465,3000.0,0.6
19,Zprime_3000GeV_075,0.7698071349444877,3000.0,0.75
20,Zprime_3500GeV_015,0.8719983147357357,3500.0,0.15
21,Zprime_3500GeV_030,0.8561633174429497,3500.0,0.3
22,Zprime_3500GeV_045,0.8284140371965825,3500.0,0.45
23,Zprime_3500GeV_060,0.8035468909719805,3500.0,0.6
24,Zprime_3500GeV_075,0.7663161004748706,3500.0,0.75
25,Zprime_4000GeV_015,0.8742421257861756,4000.0,0.15
26,Zprime_4000GeV_030,0.8607801282976658,4000.0,0.3
27,Zprime_4000GeV_045,0.8301976785483332,4000.0,0.45
28,Zprime_4000GeV_060,0.7991779200926752,4000.0,0.6
29,Zprime_4000GeV_075,0.7569949351991826,4000.0,0.75
