,name,auc,mass,nu
0,Zprime_1500GeV_015,0.8831848136719367,1500.0,0.15
1,Zprime_1500GeV_030,0.8721408828977917,1500.0,0.3
2,Zprime_1500GeV_045,0.8450551062794944,1500.0,0.45
3,Zprime_1500GeV_060,0.8195375892524707,1500.0,0.6
4,Zprime_1500GeV_075,0.7716750899887623,1500.0,0.75
5,Zprime_2000GeV_015,0.892353536847065,2000.0,0.15
6,Zprime_2000GeV_030,0.878151918874535,2000.0,0.3
7,Zprime_2000GeV_045,0.852242956568732,2000.0,0.45
8,Zprime_2000GeV_060,0.8225791308098179,2000.0,0.6
9,Zprime_2000GeV_075,0.7907551200422349,2000.0,0.75
10,Zprime_2500GeV_015,0.8948437925437597,2500.0,0.15
11,Zprime_2500GeV_030,0.8758868123432441,2500.0,0.3
12,Zprime_2500GeV_045,0.8541752635786554,2500.0,0.45
13,Zprime_2500GeV_060,0.8251091948848079,2500.0,0.6
14,Zprime_2500GeV_075,0.7773280200768304,2500.0,0.75
15,Zprime_3000GeV_015,0.8950585466101704,3000.0,0.15
16,Zprime_3000GeV_030,0.8734072683078282,3000.0,0.3
17,Zprime_3000GeV_045,0.850284489174427,3000.0,0.45
18,Zprime_3000GeV_060,0.8159483839302331,3000.0,0.6
19,Zprime_3000GeV_075,0.7771174050206753,3000.0,0.75
20,Zprime_3500GeV_015,0.8913175685610528,3500.0,0.15
21,Zprime_3500GeV_030,0.8765185878757833,3500.0,0.3
22,Zprime_3500GeV_045,0.845242829860063,3500.0,0.45
23,Zprime_3500GeV_060,0.8161849679290357,3500.0,0.6
24,Zprime_3500GeV_075,0.7755768817550872,3500.0,0.75
25,Zprime_4000GeV_015,0.8924783520775553,4000.0,0.15
26,Zprime_4000GeV_030,0.8790243677951161,4000.0,0.3
27,Zprime_4000GeV_045,0.8458350996592169,4000.0,0.45
28,Zprime_4000GeV_060,0.8124840199533043,4000.0,0.6
29,Zprime_4000GeV_075,0.7660744852043677,4000.0,0.75
