,name,auc,mass,nu
0,Zprime_1500GeV_015,0.8893514509102696,1500.0,0.15
1,Zprime_1500GeV_030,0.8833622355866522,1500.0,0.3
2,Zprime_1500GeV_045,0.8619412569399671,1500.0,0.45
3,Zprime_1500GeV_060,0.8393393543919471,1500.0,0.6
4,Zprime_1500GeV_075,0.8048151487524916,1500.0,0.75
5,Zprime_2000GeV_015,0.9039178351811432,2000.0,0.15
6,Zprime_2000GeV_030,0.8902988280038976,2000.0,0.3
7,Zprime_2000GeV_045,0.8665652672694155,2000.0,0.45
8,Zprime_2000GeV_060,0.8385780237694028,2000.0,0.6
9,Zprime_2000GeV_075,0.8107080554823445,2000.0,0.75
10,Zprime_2500GeV_015,0.9006330060440401,2500.0,0.15
11,Zprime_2500GeV_030,0.8855244876998077,2500.0,0.3
12,Zprime_2500GeV_045,0.8668614188032007,2500.0,0.45
13,Zprime_2500GeV_060,0.8428285517670708,2500.0,0.6
14,Zprime_2500GeV_075,0.8018752634944448,2500.0,0.75
15,Zprime_3000GeV_015,0.9057458835513672,3000.0,0.15
16,Zprime_3000GeV_030,0.8847746398883776,3000.0,0.3
17,Zprime_3000GeV_045,0.8654283307615596,3000.0,0.45
18,Zprime_3000GeV_060,0.833726405199028,3000.0,0.6
19,Zprime_3000GeV_075,0.7953446257225913,3000.0,0.75
20,Zprime_3500GeV_015,0.9020758683439268,3500.0,0.15
21,Zprime_3500GeV_030,0.8903742988977605,3500.0,0.3
22,Zprime_3500GeV_045,0.8620892724077929,3500.0,0.45
23,Zprime_3500GeV_060,0.8344230664375871,3500.0,0.6
24,Zprime_3500GeV_075,0.7940447366724682,3500.0,0.75
25,Zprime_4000GeV_015,0.9031684108959287,4000.0,0.15
26,Zprime_4000GeV_030,0.8930897045609785,4000.0,0.3
27,Zprime_4000GeV_045,0.8617499750348133,4000.0,0.45
28,Zprime_4000GeV_060,0.8312087391375576,4000.0,0.6
29,Zprime_4000GeV_075,0.7813714194047645,4000.0,0.75
