,name,auc,mass,nu
0,Zprime_1500GeV_015,0.8282561283336931,1500.0,0.15
1,Zprime_1500GeV_030,0.8152479596699965,1500.0,0.3
2,Zprime_1500GeV_045,0.7945223937586665,1500.0,0.45
3,Zprime_1500GeV_060,0.7687281699435602,1500.0,0.6
4,Zprime_1500GeV_075,0.7212600352225182,1500.0,0.75
5,Zprime_2000GeV_015,0.8418865651328775,2000.0,0.15
6,Zprime_2000GeV_030,0.8242690318526738,2000.0,0.3
7,Zprime_2000GeV_045,0.8003323504294714,2000.0,0.45
8,Zprime_2000GeV_060,0.7723042716535702,2000.0,0.6
9,Zprime_2000GeV_075,0.7429595141065389,2000.0,0.75
10,Zprime_2500GeV_015,0.8351196901780018,2500.0,0.15
11,Zprime_2500GeV_030,0.8176054444054448,2500.0,0.3
12,Zprime_2500GeV_045,0.7961104893437694,2500.0,0.45
13,Zprime_2500GeV_060,0.7686936170419965,2500.0,0.6
14,Zprime_2500GeV_075,0.7269890956687751,2500.0,0.75
15,Zprime_3000GeV_015,0.8415532112076526,3000.0,0.15
16,Zprime_3000GeV_030,0.8187828185795167,3000.0,0.3
17,Zprime_3000GeV_045,0.7904056287193368,3000.0,0.45
18,Zprime_3000GeV_060,0.760140254948676,3000.0,0.6
19,Zprime_3000GeV_075,0.7293417650403963,3000.0,0.75
20,Zprime_3500GeV_015,0.8458209716127376,3500.0,0.15
21,Zprime_3500GeV_030,0.8231150140804007,3500.0,0.3
22,Zprime_3500GeV_045,0.790110198884252,3500.0,0.45
23,Zprime_3500GeV_060,0.7603383885377566,3500.0,0.6
24,Zprime_3500GeV_075,0.7239217967725993,3500.0,0.75
25,Zprime_4000GeV_015,0.8554706599452717,4000.0,0.15
26,Zprime_4000GeV_030,0.8345620373976816,4000.0,0.3
27,Zprime_4000GeV_045,0.7976698141260766,4000.0,0.45
28,Zprime_4000GeV_060,0.7620362680264015,4000.0,0.6
29,Zprime_4000GeV_075,0.71828171727942,4000.0,0.75
