,name,auc,mass,nu
0,Zprime_1500GeV_015,0.8880527505215353,1500.0,0.15
1,Zprime_1500GeV_030,0.8765355312783671,1500.0,0.3
2,Zprime_1500GeV_045,0.8576652916589931,1500.0,0.45
3,Zprime_1500GeV_060,0.8399596670135545,1500.0,0.6
4,Zprime_1500GeV_075,0.8106289432435246,1500.0,0.75
5,Zprime_2000GeV_015,0.8907204751043247,2000.0,0.15
6,Zprime_2000GeV_030,0.8800159255602937,2000.0,0.3
7,Zprime_2000GeV_045,0.8577714437619831,2000.0,0.45
8,Zprime_2000GeV_060,0.8350318431718036,2000.0,0.6
9,Zprime_2000GeV_075,0.8139104193089539,2000.0,0.75
10,Zprime_2500GeV_015,0.8782143464051815,2500.0,0.15
11,Zprime_2500GeV_030,0.8669765023183431,2500.0,0.3
12,Zprime_2500GeV_045,0.8508867263889041,2500.0,0.45
13,Zprime_2500GeV_060,0.8301917924458165,2500.0,0.6
14,Zprime_2500GeV_075,0.7964363886102712,2500.0,0.75
15,Zprime_3000GeV_015,0.8750361826109847,3000.0,0.15
16,Zprime_3000GeV_030,0.8581467085032214,3000.0,0.3
17,Zprime_3000GeV_045,0.840715279075854,3000.0,0.45
18,Zprime_3000GeV_060,0.815451361529496,3000.0,0.6
19,Zprime_3000GeV_075,0.787720335156103,3000.0,0.75
20,Zprime_3500GeV_015,0.863960810667907,3500.0,0.15
21,Zprime_3500GeV_030,0.8555688175677351,3500.0,0.3
22,Zprime_3500GeV_045,0.8333728828368694,3500.0,0.45
23,Zprime_3500GeV_060,0.8107582598395291,3500.0,0.6
24,Zprime_3500GeV_075,0.7799503212359526,3500.0,0.75
25,Zprime_4000GeV_015,0.8596043206429766,4000.0,0.15
26,Zprime_4000GeV_030,0.8530056969484022,4000.0,0.3
27,Zprime_4000GeV_045,0.8271286887497016,4000.0,0.45
28,Zprime_4000GeV_060,0.8035447257239869,4000.0,0.6
29,Zprime_4000GeV_075,0.7688789054904483,4000.0,0.75
