,name,auc,mass,nu
0,Zprime_1500GeV_015,0.8596018580022178,1500.0,0.15
1,Zprime_1500GeV_030,0.8457331001074719,1500.0,0.3
2,Zprime_1500GeV_045,0.8253006683079784,1500.0,0.45
3,Zprime_1500GeV_060,0.7973762215183855,1500.0,0.6
4,Zprime_1500GeV_075,0.7564828325802992,1500.0,0.75
5,Zprime_2000GeV_015,0.8627855696212281,2000.0,0.15
6,Zprime_2000GeV_030,0.8511974660418301,2000.0,0.3
7,Zprime_2000GeV_045,0.8275890123175785,2000.0,0.45
8,Zprime_2000GeV_060,0.8049827027724518,2000.0,0.6
9,Zprime_2000GeV_075,0.7789558650641271,2000.0,0.75
10,Zprime_2500GeV_015,0.8488752001210348,2500.0,0.15
11,Zprime_2500GeV_030,0.8359571608568424,2500.0,0.3
12,Zprime_2500GeV_045,0.8197039147596115,2500.0,0.45
13,Zprime_2500GeV_060,0.7969838222021449,2500.0,0.6
14,Zprime_2500GeV_075,0.7632108280443416,2500.0,0.75
15,Zprime_3000GeV_015,0.8491862765163316,3000.0,0.15
16,Zprime_3000GeV_030,0.8302192321847669,3000.0,0.3
17,Zprime_3000GeV_045,0.8100272781684338,3000.0,0.45
18,Zprime_3000GeV_060,0.7847068433635382,3000.0,0.6
19,Zprime_3000GeV_075,0.7606132060706252,3000.0,0.75
20,Zprime_3500GeV_015,0.84724645229817,3500.0,0.15
21,Zprime_3500GeV_030,0.8333675880272909,3500.0,0.3
22,Zprime_3500GeV_045,0.8074518982999161,3500.0,0.45
23,Zprime_3500GeV_060,0.787530058188644,3500.0,0.6
24,Zprime_3500GeV_075,0.7574030060809214,3500.0,0.75
25,Zprime_4000GeV_015,0.8515871289735056,4000.0,0.15
26,Zprime_4000GeV_030,0.8402837548940476,4000.0,0.3
27,Zprime_4000GeV_045,0.8076997725019359,4000.0,0.45
28,Zprime_4000GeV_060,0.7823913893155212,4000.0,0.6
29,Zprime_4000GeV_075,0.7473723766092836,4000.0,0.75
