,name,auc,mass,nu
0,Zprime_1500GeV_015,0.8498203236743003,1500.0,0.15
1,Zprime_1500GeV_030,0.8376715113606462,1500.0,0.3
2,Zprime_1500GeV_045,0.8124218177840842,1500.0,0.45
3,Zprime_1500GeV_060,0.7793945934222392,1500.0,0.6
4,Zprime_1500GeV_075,0.7269113490347294,1500.0,0.75
5,Zprime_2000GeV_015,0.8713743364469034,2000.0,0.15
6,Zprime_2000GeV_030,0.8554575175797368,2000.0,0.3
7,Zprime_2000GeV_045,0.8285697484287134,2000.0,0.45
8,Zprime_2000GeV_060,0.797821988358726,2000.0,0.6
9,Zprime_2000GeV_075,0.7614728194482863,2000.0,0.75
10,Zprime_2500GeV_015,0.8654886434920734,2500.0,0.15
11,Zprime_2500GeV_030,0.8489508589188202,2500.0,0.3
12,Zprime_2500GeV_045,0.828060047542217,2500.0,0.45
13,Zprime_2500GeV_060,0.7983547784158336,2500.0,0.6
14,Zprime_2500GeV_075,0.7501919026705748,2500.0,0.75
15,Zprime_3000GeV_015,0.8608135739132102,3000.0,0.15
16,Zprime_3000GeV_030,0.8413738094231122,3000.0,0.3
17,Zprime_3000GeV_045,0.817812494501779,3000.0,0.45
18,Zprime_3000GeV_060,0.7856409551793668,3000.0,0.6
19,Zprime_3000GeV_075,0.7520591376616523,3000.0,0.75
20,Zprime_3500GeV_015,0.856124190645678,3500.0,0.15
21,Zprime_3500GeV_030,0.8385450708366694,3500.0,0.3
22,Zprime_3500GeV_045,0.8113623426756458,3500.0,0.45
23,Zprime_3500GeV_060,0.7838966040617585,3500.0,0.6
24,Zprime_3500GeV_075,0.7466881003029716,3500.0,0.75
25,Zprime_4000GeV_015,0.8544402537641316,4000.0,0.15
26,Zprime_4000GeV_030,0.8439475947630173,4000.0,0.3
27,Zprime_4000GeV_045,0.8096074424377544,4000.0,0.45
28,Zprime_4000GeV_060,0.7794123612979735,4000.0,0.6
29,Zprime_4000GeV_075,0.7359922722442822,4000.0,0.75
