,name,auc,mass,nu
0,Zprime_1500GeV_015,0.7644671789999411,1500.0,0.15
1,Zprime_1500GeV_030,0.7441566724048472,1500.0,0.3
2,Zprime_1500GeV_045,0.7304804861691535,1500.0,0.45
3,Zprime_1500GeV_060,0.7017697639287106,1500.0,0.6
4,Zprime_1500GeV_075,0.6640319542079356,1500.0,0.75
5,Zprime_2000GeV_015,0.7579274838009157,2000.0,0.15
6,Zprime_2000GeV_030,0.7453838838798093,2000.0,0.3
7,Zprime_2000GeV_045,0.7259292472751467,2000.0,0.45
8,Zprime_2000GeV_060,0.7021332842852617,2000.0,0.6
9,Zprime_2000GeV_075,0.6843598486383591,2000.0,0.75
10,Zprime_2500GeV_015,0.7551464419345931,2500.0,0.15
11,Zprime_2500GeV_030,0.7398200032652822,2500.0,0.3
12,Zprime_2500GeV_045,0.7227881171881447,2500.0,0.45
13,Zprime_2500GeV_060,0.7008502233752234,2500.0,0.6
14,Zprime_2500GeV_075,0.669120831470125,2500.0,0.75
15,Zprime_3000GeV_015,0.7696686760394078,3000.0,0.15
16,Zprime_3000GeV_030,0.7469073097894738,3000.0,0.3
17,Zprime_3000GeV_045,0.7224210322234161,3000.0,0.45
18,Zprime_3000GeV_060,0.6965394979050314,3000.0,0.6
19,Zprime_3000GeV_075,0.6752996287839999,3000.0,0.75
20,Zprime_3500GeV_015,0.7782040031526039,3500.0,0.15
21,Zprime_3500GeV_030,0.7588214760727766,3500.0,0.3
22,Zprime_3500GeV_045,0.7267690512460019,3500.0,0.45
23,Zprime_3500GeV_060,0.7010705157385559,3500.0,0.6
24,Zprime_3500GeV_075,0.6720375491523238,3500.0,0.75
25,Zprime_4000GeV_015,0.7972923254511631,4000.0,0.15
26,Zprime_4000GeV_030,0.7739158419002811,4000.0,0.3
27,Zprime_4000GeV_045,0.7391766971415898,4000.0,0.45
28,Zprime_4000GeV_060,0.7065299251692205,4000.0,0.6
29,Zprime_4000GeV_075,0.6685080019772826,4000.0,0.75
