,name,auc,mass,nu
0,Zprime_1500GeV_015,0.8615969121737075,1500.0,0.15
1,Zprime_1500GeV_030,0.854980566272814,1500.0,0.3
2,Zprime_1500GeV_045,0.8372566790440419,1500.0,0.45
3,Zprime_1500GeV_060,0.8161207764681989,1500.0,0.6
4,Zprime_1500GeV_075,0.7808454464807202,1500.0,0.75
5,Zprime_2000GeV_015,0.8694579059417592,2000.0,0.15
6,Zprime_2000GeV_030,0.8539043095219481,2000.0,0.3
7,Zprime_2000GeV_045,0.8309285845899158,2000.0,0.45
8,Zprime_2000GeV_060,0.8058392169959601,2000.0,0.6
9,Zprime_2000GeV_075,0.7792679303588488,2000.0,0.75
10,Zprime_2500GeV_015,0.8625013048757373,2500.0,0.15
11,Zprime_2500GeV_030,0.845970532815626,2500.0,0.3
12,Zprime_2500GeV_045,0.8270974508274497,2500.0,0.45
13,Zprime_2500GeV_060,0.8032956103078547,2500.0,0.6
14,Zprime_2500GeV_075,0.7666353379409483,2500.0,0.75
15,Zprime_3000GeV_015,0.8630304488678712,3000.0,0.15
16,Zprime_3000GeV_030,0.8439827242877509,3000.0,0.3
17,Zprime_3000GeV_045,0.8227191565134191,3000.0,0.45
18,Zprime_3000GeV_060,0.7902391763271243,3000.0,0.6
19,Zprime_3000GeV_075,0.7574110541170901,3000.0,0.75
20,Zprime_3500GeV_015,0.8590299374679029,3500.0,0.15
21,Zprime_3500GeV_030,0.8448407252292784,3500.0,0.3
22,Zprime_3500GeV_045,0.8192373899760338,3500.0,0.45
23,Zprime_3500GeV_060,0.7926328743900601,3500.0,0.6
24,Zprime_3500GeV_075,0.7548673800468425,3500.0,0.75
25,Zprime_4000GeV_015,0.8606935321570364,4000.0,0.15
26,Zprime_4000GeV_030,0.8471993351630875,4000.0,0.3
27,Zprime_4000GeV_045,0.817301748653889,4000.0,0.45
28,Zprime_4000GeV_060,0.7903725250224001,4000.0,0.6
29,Zprime_4000GeV_075,0.7485702896659842,4000.0,0.75
