,name,auc,mass,nu
0,Zprime_1500GeV_015,0.9041870679757137,1500.0,0.15
1,Zprime_1500GeV_030,0.897945126403767,1500.0,0.3
2,Zprime_1500GeV_045,0.8813429655250952,1500.0,0.45
3,Zprime_1500GeV_060,0.8625062979867786,1500.0,0.6
4,Zprime_1500GeV_075,0.8356278060880652,1500.0,0.75
5,Zprime_2000GeV_015,0.9106516257918165,2000.0,0.15
6,Zprime_2000GeV_030,0.8995456439969273,2000.0,0.3
7,Zprime_2000GeV_045,0.8786863220817558,2000.0,0.45
8,Zprime_2000GeV_060,0.8548520171647052,2000.0,0.6
9,Zprime_2000GeV_075,0.8329915302650297,2000.0,0.75
10,Zprime_2500GeV_015,0.9049851875557428,2500.0,0.15
11,Zprime_2500GeV_030,0.8892704234566902,2500.0,0.3
12,Zprime_2500GeV_045,0.8713999211219698,2500.0,0.45
13,Zprime_2500GeV_060,0.8518850502589712,2500.0,0.6
14,Zprime_2500GeV_075,0.8159735558675422,2500.0,0.75
15,Zprime_3000GeV_015,0.9035498693055974,3000.0,0.15
16,Zprime_3000GeV_030,0.8837347923263963,3000.0,0.3
17,Zprime_3000GeV_045,0.8638855831056704,3000.0,0.45
18,Zprime_3000GeV_060,0.8367096066955566,3000.0,0.6
19,Zprime_3000GeV_075,0.8057641973378505,3000.0,0.75
20,Zprime_3500GeV_015,0.8964661959767493,3500.0,0.15
21,Zprime_3500GeV_030,0.8828561067743614,3500.0,0.3
22,Zprime_3500GeV_045,0.8573799708369605,3500.0,0.45
23,Zprime_3500GeV_060,0.832725161238522,3500.0,0.6
24,Zprime_3500GeV_075,0.7988370613893724,3500.0,0.75
25,Zprime_4000GeV_015,0.8925913985895955,4000.0,0.15
26,Zprime_4000GeV_030,0.882314089364395,4000.0,0.3
27,Zprime_4000GeV_045,0.85436253589415,4000.0,0.45
28,Zprime_4000GeV_060,0.824767721098437,4000.0,0.6
29,Zprime_4000GeV_075,0.7848826370998437,4000.0,0.75
