,name,auc,mass,nu
0,Zprime_1500GeV_015,0.8926780203980391,1500.0,0.15
1,Zprime_1500GeV_030,0.8882306405098632,1500.0,0.3
2,Zprime_1500GeV_045,0.8684603812530262,1500.0,0.45
3,Zprime_1500GeV_060,0.847023383344253,1500.0,0.6
4,Zprime_1500GeV_075,0.8175277096182144,1500.0,0.75
5,Zprime_2000GeV_015,0.9053858339361983,2000.0,0.15
6,Zprime_2000GeV_030,0.893128852566214,2000.0,0.3
7,Zprime_2000GeV_045,0.8700008766080098,2000.0,0.45
8,Zprime_2000GeV_060,0.8445292725412834,2000.0,0.6
9,Zprime_2000GeV_075,0.8196980881603497,2000.0,0.75
10,Zprime_2500GeV_015,0.9024209037845967,2500.0,0.15
11,Zprime_2500GeV_030,0.8863486472762795,2500.0,0.3
12,Zprime_2500GeV_045,0.8679236979306627,2500.0,0.45
13,Zprime_2500GeV_060,0.8464676278708965,2500.0,0.6
14,Zprime_2500GeV_075,0.8077261509533544,2500.0,0.75
15,Zprime_3000GeV_015,0.9061186883307355,3000.0,0.15
16,Zprime_3000GeV_030,0.885680036131002,3000.0,0.3
17,Zprime_3000GeV_045,0.8665425975089825,3000.0,0.45
18,Zprime_3000GeV_060,0.8368440178598235,3000.0,0.6
19,Zprime_3000GeV_075,0.801852919503289,3000.0,0.75
20,Zprime_3500GeV_015,0.9016528117047529,3500.0,0.15
21,Zprime_3500GeV_030,0.889885394825786,3500.0,0.3
22,Zprime_3500GeV_045,0.8639591372260459,3500.0,0.45
23,Zprime_3500GeV_060,0.8365419849621114,3500.0,0.6
24,Zprime_3500GeV_075,0.7982735125378715,3500.0,0.75
25,Zprime_4000GeV_015,0.9030281733054663,4000.0,0.15
26,Zprime_4000GeV_030,0.8932117436564639,4000.0,0.3
27,Zprime_4000GeV_045,0.86344567067202,4000.0,0.45
28,Zprime_4000GeV_060,0.8315594489481701,4000.0,0.6
29,Zprime_4000GeV_075,0.7881482830363411,4000.0,0.75
