,name,auc,mass,nu
0,Zprime_1500GeV_015,0.8718642475642215,1500.0,0.15
1,Zprime_1500GeV_030,0.862692435112592,1500.0,0.3
2,Zprime_1500GeV_045,0.8419751483917813,1500.0,0.45
3,Zprime_1500GeV_060,0.8198348908790922,1500.0,0.6
4,Zprime_1500GeV_075,0.7885358265362132,1500.0,0.75
5,Zprime_2000GeV_015,0.8716836586525669,2000.0,0.15
6,Zprime_2000GeV_030,0.8617327979688083,2000.0,0.3
7,Zprime_2000GeV_045,0.8393185599212918,2000.0,0.45
8,Zprime_2000GeV_060,0.8165120818393184,2000.0,0.6
9,Zprime_2000GeV_075,0.7923779819711121,2000.0,0.75
10,Zprime_2500GeV_015,0.8639587819219509,2500.0,0.15
11,Zprime_2500GeV_030,0.8503512019282097,2500.0,0.3
12,Zprime_2500GeV_045,0.8337327144344746,2500.0,0.45
13,Zprime_2500GeV_060,0.8098874849918579,2500.0,0.6
14,Zprime_2500GeV_075,0.7749642078385924,2500.0,0.75
15,Zprime_3000GeV_015,0.8625992835756449,3000.0,0.15
16,Zprime_3000GeV_030,0.8449136201791394,3000.0,0.3
17,Zprime_3000GeV_045,0.8274140915432746,3000.0,0.45
18,Zprime_3000GeV_060,0.7985017311386741,3000.0,0.6
19,Zprime_3000GeV_075,0.7703524611231796,3000.0,0.75
20,Zprime_3500GeV_015,0.8576210470002452,3500.0,0.15
21,Zprime_3500GeV_030,0.8457536567395227,3500.0,0.3
22,Zprime_3500GeV_045,0.8233464652935762,3500.0,0.45
23,Zprime_3500GeV_060,0.8000915411392846,3500.0,0.6
24,Zprime_3500GeV_075,0.7656485743140162,3500.0,0.75
25,Zprime_4000GeV_015,0.8597369806808005,4000.0,0.15
26,Zprime_4000GeV_030,0.8486501855629793,4000.0,0.3
27,Zprime_4000GeV_045,0.8200801122317505,4000.0,0.45
28,Zprime_4000GeV_060,0.7952530473941581,4000.0,0.6
29,Zprime_4000GeV_075,0.7586491549463737,4000.0,0.75
