,name,auc,mass,nu
0,Zprime_1500GeV_015,0.8432028023247449,1500.0,0.15
1,Zprime_1500GeV_030,0.8322878062080139,1500.0,0.3
2,Zprime_1500GeV_045,0.8137675594607633,1500.0,0.45
3,Zprime_1500GeV_060,0.7892824596136545,1500.0,0.6
4,Zprime_1500GeV_075,0.7486440642019834,1500.0,0.75
5,Zprime_2000GeV_015,0.8532915881654758,2000.0,0.15
6,Zprime_2000GeV_030,0.8388459150328555,2000.0,0.3
7,Zprime_2000GeV_045,0.8168522755774156,2000.0,0.45
8,Zprime_2000GeV_060,0.792558441862373,2000.0,0.6
9,Zprime_2000GeV_075,0.766994185630617,2000.0,0.75
10,Zprime_2500GeV_015,0.8436230677616559,2500.0,0.15
11,Zprime_2500GeV_030,0.8280987163532528,2500.0,0.3
12,Zprime_2500GeV_045,0.8097005582141561,2500.0,0.45
13,Zprime_2500GeV_060,0.7870027691071335,2500.0,0.6
14,Zprime_2500GeV_075,0.7512681942414593,2500.0,0.75
15,Zprime_3000GeV_015,0.8437539500329458,3000.0,0.15
16,Zprime_3000GeV_030,0.8242021867301641,3000.0,0.3
17,Zprime_3000GeV_045,0.8011352740855718,3000.0,0.45
18,Zprime_3000GeV_060,0.7752401539290064,3000.0,0.6
19,Zprime_3000GeV_075,0.7482042695301814,3000.0,0.75
20,Zprime_3500GeV_015,0.8440290333436355,3500.0,0.15
21,Zprime_3500GeV_030,0.8248194784655037,3500.0,0.3
22,Zprime_3500GeV_045,0.7965833357790233,3500.0,0.45
23,Zprime_3500GeV_060,0.7732386037535373,3500.0,0.6
24,Zprime_3500GeV_075,0.7415400739165001,3500.0,0.75
25,Zprime_4000GeV_015,0.8536018063757669,4000.0,0.15
26,Zprime_4000GeV_030,0.8354777940294812,4000.0,0.3
27,Zprime_4000GeV_045,0.8038921276657581,4000.0,0.45
28,Zprime_4000GeV_060,0.7714264724312204,4000.0,0.6
29,Zprime_4000GeV_075,0.7327259435059822,4000.0,0.75
