,name,auc,mass,nu
0,Zprime_1500GeV_015,0.8555316391955509,1500.0,0.15
1,Zprime_1500GeV_030,0.843276606716947,1500.0,0.3
2,Zprime_1500GeV_045,0.8196639714495653,1500.0,0.45
3,Zprime_1500GeV_060,0.7881765794876537,1500.0,0.6
4,Zprime_1500GeV_075,0.7408916638272662,1500.0,0.75
5,Zprime_2000GeV_015,0.8644892570859907,2000.0,0.15
6,Zprime_2000GeV_030,0.8524863062488044,2000.0,0.3
7,Zprime_2000GeV_045,0.825071150716299,2000.0,0.45
8,Zprime_2000GeV_060,0.7980174247291039,2000.0,0.6
9,Zprime_2000GeV_075,0.7649540655661695,2000.0,0.75
10,Zprime_2500GeV_015,0.8593072080974936,2500.0,0.15
11,Zprime_2500GeV_030,0.8428017818637534,2500.0,0.3
12,Zprime_2500GeV_045,0.8229644290765202,2500.0,0.45
13,Zprime_2500GeV_060,0.7960378722983983,2500.0,0.6
14,Zprime_2500GeV_075,0.7514146767628512,2500.0,0.75
15,Zprime_3000GeV_015,0.8578997533934396,3000.0,0.15
16,Zprime_3000GeV_030,0.8371516298800098,3000.0,0.3
17,Zprime_3000GeV_045,0.8141816229143871,3000.0,0.45
18,Zprime_3000GeV_060,0.7851869438661532,3000.0,0.6
19,Zprime_3000GeV_075,0.7541105359897575,3000.0,0.75
20,Zprime_3500GeV_015,0.8556829127621839,3500.0,0.15
21,Zprime_3500GeV_030,0.8382515625656329,3500.0,0.3
22,Zprime_3500GeV_045,0.8102141516809106,3500.0,0.45
23,Zprime_3500GeV_060,0.7871136248196897,3500.0,0.6
24,Zprime_3500GeV_075,0.7491550312641011,3500.0,0.75
25,Zprime_4000GeV_015,0.8581658544411349,4000.0,0.15
26,Zprime_4000GeV_030,0.8450832279393719,4000.0,0.3
27,Zprime_4000GeV_045,0.8117140134678161,4000.0,0.45
28,Zprime_4000GeV_060,0.7829250488470378,4000.0,0.6
29,Zprime_4000GeV_075,0.7419402562914682,4000.0,0.75
