,name,auc,mass,nu
0,Zprime_1500GeV_015,0.900945980790305,1500.0,0.15
1,Zprime_1500GeV_030,0.8943934383959302,1500.0,0.3
2,Zprime_1500GeV_045,0.8793461789644801,1500.0,0.45
3,Zprime_1500GeV_060,0.8584235748332341,1500.0,0.6
4,Zprime_1500GeV_075,0.8391573831527419,1500.0,0.75
5,Zprime_2000GeV_015,0.8994431790147065,2000.0,0.15
6,Zprime_2000GeV_030,0.893103260597699,2000.0,0.3
7,Zprime_2000GeV_045,0.8737838299859647,2000.0,0.45
8,Zprime_2000GeV_060,0.8546856459050006,2000.0,0.6
9,Zprime_2000GeV_075,0.8379396509964013,2000.0,0.75
10,Zprime_2500GeV_015,0.887960137068477,2500.0,0.15
11,Zprime_2500GeV_030,0.8790307110604654,2500.0,0.3
12,Zprime_2500GeV_045,0.8653967902725432,2500.0,0.45
13,Zprime_2500GeV_060,0.8491738281694279,2500.0,0.6
14,Zprime_2500GeV_075,0.8193030661859027,2500.0,0.75
15,Zprime_3000GeV_015,0.8883306299338771,3000.0,0.15
16,Zprime_3000GeV_030,0.8703177346928269,3000.0,0.3
17,Zprime_3000GeV_045,0.8556857761063374,3000.0,0.45
18,Zprime_3000GeV_060,0.8343339747041936,3000.0,0.6
19,Zprime_3000GeV_075,0.808435141729541,3000.0,0.75
20,Zprime_3500GeV_015,0.8793195425413594,3500.0,0.15
21,Zprime_3500GeV_030,0.8718545741455745,3500.0,0.3
22,Zprime_3500GeV_045,0.8487954223676816,3500.0,0.45
23,Zprime_3500GeV_060,0.8307180793209719,3500.0,0.6
24,Zprime_3500GeV_075,0.801136143879327,3500.0,0.75
25,Zprime_4000GeV_015,0.8762682047618255,4000.0,0.15
26,Zprime_4000GeV_030,0.8709683688737206,4000.0,0.3
27,Zprime_4000GeV_045,0.844743247811484,4000.0,0.45
28,Zprime_4000GeV_060,0.8223017356747826,4000.0,0.6
29,Zprime_4000GeV_075,0.7873543517564685,4000.0,0.75
