,name,auc,mass,nu
0,Zprime_1500GeV_015,0.8441227880870368,1500.0,0.15
1,Zprime_1500GeV_030,0.8260523564054685,1500.0,0.3
2,Zprime_1500GeV_045,0.8000571263470732,1500.0,0.45
3,Zprime_1500GeV_060,0.7708016817052998,1500.0,0.6
4,Zprime_1500GeV_075,0.7159610303102857,1500.0,0.75
5,Zprime_2000GeV_015,0.8473184111744088,2000.0,0.15
6,Zprime_2000GeV_030,0.8326905132612221,2000.0,0.3
7,Zprime_2000GeV_045,0.8068472593259399,2000.0,0.45
8,Zprime_2000GeV_060,0.7779356228997704,2000.0,0.6
9,Zprime_2000GeV_075,0.7474636761708773,2000.0,0.75
10,Zprime_2500GeV_015,0.8405967783038973,2500.0,0.15
11,Zprime_2500GeV_030,0.823669971265375,2500.0,0.3
12,Zprime_2500GeV_045,0.8040311065446543,2500.0,0.45
13,Zprime_2500GeV_060,0.7747939521357183,2500.0,0.6
14,Zprime_2500GeV_075,0.7308412526970627,2500.0,0.75
15,Zprime_3000GeV_015,0.8340948976239686,3000.0,0.15
16,Zprime_3000GeV_030,0.8151034676589936,3000.0,0.3
17,Zprime_3000GeV_045,0.7927051536371372,3000.0,0.45
18,Zprime_3000GeV_060,0.763503371550267,3000.0,0.6
19,Zprime_3000GeV_075,0.736125468996057,3000.0,0.75
20,Zprime_3500GeV_015,0.8267116820255811,3500.0,0.15
21,Zprime_3500GeV_030,0.8110113797114767,3500.0,0.3
22,Zprime_3500GeV_045,0.78611385778523,3500.0,0.45
23,Zprime_3500GeV_060,0.7646038371231452,3500.0,0.6
24,Zprime_3500GeV_075,0.7296125937385849,3500.0,0.75
25,Zprime_4000GeV_015,0.828064414272627,4000.0,0.15
26,Zprime_4000GeV_030,0.8183231676960925,4000.0,0.3
27,Zprime_4000GeV_045,0.7862848078624088,4000.0,0.45
28,Zprime_4000GeV_060,0.7572383243406451,4000.0,0.6
29,Zprime_4000GeV_075,0.7222238107815185,4000.0,0.75
