,name,auc,mass,nu
0,Zprime_1500GeV_015,0.8938281777695565,1500.0,0.15
1,Zprime_1500GeV_030,0.892356542846666,1500.0,0.3
2,Zprime_1500GeV_045,0.873764554891644,1500.0,0.45
3,Zprime_1500GeV_060,0.8570444316095228,1500.0,0.6
4,Zprime_1500GeV_075,0.8332664295244067,1500.0,0.75
5,Zprime_2000GeV_015,0.9026347803437509,2000.0,0.15
6,Zprime_2000GeV_030,0.8917763609777283,2000.0,0.3
7,Zprime_2000GeV_045,0.8700590921269382,2000.0,0.45
8,Zprime_2000GeV_060,0.8460137828316855,2000.0,0.6
9,Zprime_2000GeV_075,0.8249141208457893,2000.0,0.75
10,Zprime_2500GeV_015,0.8972431553554987,2500.0,0.15
11,Zprime_2500GeV_030,0.8825148234172866,2500.0,0.3
12,Zprime_2500GeV_045,0.8645771448832436,2500.0,0.45
13,Zprime_2500GeV_060,0.8471653661245385,2500.0,0.6
14,Zprime_2500GeV_075,0.8119262107440187,2500.0,0.75
15,Zprime_3000GeV_015,0.902251426225229,3000.0,0.15
16,Zprime_3000GeV_030,0.8819095142671114,3000.0,0.3
17,Zprime_3000GeV_045,0.8630701597281503,3000.0,0.45
18,Zprime_3000GeV_060,0.8368110168238228,3000.0,0.6
19,Zprime_3000GeV_075,0.8066779028405147,3000.0,0.75
20,Zprime_3500GeV_015,0.8957842443030434,3500.0,0.15
21,Zprime_3500GeV_030,0.8851427042118349,3500.0,0.3
22,Zprime_3500GeV_045,0.8610989632543544,3500.0,0.45
23,Zprime_3500GeV_060,0.8370675860425225,3500.0,0.6
24,Zprime_3500GeV_075,0.8038133286061153,3500.0,0.75
25,Zprime_4000GeV_015,0.8992593453339915,4000.0,0.15
26,Zprime_4000GeV_030,0.8898068112795902,4000.0,0.3
27,Zprime_4000GeV_045,0.8613173590778075,4000.0,0.45
28,Zprime_4000GeV_060,0.8309214673709397,4000.0,0.6
29,Zprime_4000GeV_075,0.7929235619546069,4000.0,0.75
