,name,auc,mass,nu
0,Zprime_1500GeV_015,0.8312146100932644,1500.0,0.15
1,Zprime_1500GeV_030,0.8193778908858038,1500.0,0.3
2,Zprime_1500GeV_045,0.8017792078765396,1500.0,0.45
3,Zprime_1500GeV_060,0.7766987748111575,1500.0,0.6
4,Zprime_1500GeV_075,0.7326022191135322,1500.0,0.75
5,Zprime_2000GeV_015,0.8446129413073703,2000.0,0.15
6,Zprime_2000GeV_030,0.8305638624917846,2000.0,0.3
7,Zprime_2000GeV_045,0.8085024796977773,2000.0,0.45
8,Zprime_2000GeV_060,0.784309096796665,2000.0,0.6
9,Zprime_2000GeV_075,0.7562950242811641,2000.0,0.75
10,Zprime_2500GeV_015,0.8277323947608698,2500.0,0.15
11,Zprime_2500GeV_030,0.8132104324077428,2500.0,0.3
12,Zprime_2500GeV_045,0.7969477133855871,2500.0,0.45
13,Zprime_2500GeV_060,0.7752884786378752,2500.0,0.6
14,Zprime_2500GeV_075,0.7409537898044101,2500.0,0.75
15,Zprime_3000GeV_015,0.8172814548446374,3000.0,0.15
16,Zprime_3000GeV_030,0.8029982084947416,3000.0,0.3
17,Zprime_3000GeV_045,0.7833163844027657,3000.0,0.45
18,Zprime_3000GeV_060,0.7592480386240779,3000.0,0.6
19,Zprime_3000GeV_075,0.7389121579813642,3000.0,0.75
20,Zprime_3500GeV_015,0.8080675758154694,3500.0,0.15
21,Zprime_3500GeV_030,0.7920989450945528,3500.0,0.3
22,Zprime_3500GeV_045,0.7711482717118033,3500.0,0.45
23,Zprime_3500GeV_060,0.7533090712938171,3500.0,0.6
24,Zprime_3500GeV_075,0.7286576097466642,3500.0,0.75
25,Zprime_4000GeV_015,0.8075353439082839,4000.0,0.15
26,Zprime_4000GeV_030,0.7963209582058846,4000.0,0.3
27,Zprime_4000GeV_045,0.7703537524023817,4000.0,0.45
28,Zprime_4000GeV_060,0.7453703412142431,4000.0,0.6
29,Zprime_4000GeV_075,0.717450496660277,4000.0,0.75
