,name,auc,mass,nu
0,Zprime_1500GeV_015,0.8586487069750757,1500.0,0.15
1,Zprime_1500GeV_030,0.8479483230880922,1500.0,0.3
2,Zprime_1500GeV_045,0.8276457367020087,1500.0,0.45
3,Zprime_1500GeV_060,0.8001122480724442,1500.0,0.6
4,Zprime_1500GeV_075,0.7605238505451231,1500.0,0.75
5,Zprime_2000GeV_015,0.8595041110459198,2000.0,0.15
6,Zprime_2000GeV_030,0.848823796028444,2000.0,0.3
7,Zprime_2000GeV_045,0.8253168291433942,2000.0,0.45
8,Zprime_2000GeV_060,0.803686613616982,2000.0,0.6
9,Zprime_2000GeV_075,0.7771882128169261,2000.0,0.75
10,Zprime_2500GeV_015,0.8478262934986641,2500.0,0.15
11,Zprime_2500GeV_030,0.834150533879508,2500.0,0.3
12,Zprime_2500GeV_045,0.8170953446463993,2500.0,0.45
13,Zprime_2500GeV_060,0.7964525879338498,2500.0,0.6
14,Zprime_2500GeV_075,0.7613802842600899,2500.0,0.75
15,Zprime_3000GeV_015,0.8481109193410055,3000.0,0.15
16,Zprime_3000GeV_030,0.8282467706163552,3000.0,0.3
17,Zprime_3000GeV_045,0.8084206873674367,3000.0,0.45
18,Zprime_3000GeV_060,0.7829575398715328,3000.0,0.6
19,Zprime_3000GeV_075,0.7620000039722101,3000.0,0.75
20,Zprime_3500GeV_015,0.843508346376677,3500.0,0.15
21,Zprime_3500GeV_030,0.8282978371087346,3500.0,0.3
22,Zprime_3500GeV_045,0.8060769090823403,3500.0,0.45
23,Zprime_3500GeV_060,0.7843786659009769,3500.0,0.6
24,Zprime_3500GeV_075,0.7566165044371387,3500.0,0.75
25,Zprime_4000GeV_015,0.8486711457404092,4000.0,0.15
26,Zprime_4000GeV_030,0.8345116480377355,4000.0,0.3
27,Zprime_4000GeV_045,0.8069714636028849,4000.0,0.45
28,Zprime_4000GeV_060,0.7783284445761334,4000.0,0.6
29,Zprime_4000GeV_075,0.7455001201313132,4000.0,0.75
