,name,auc,mass,nu
0,Zprime_1500GeV_015,0.8568232160590883,1500.0,0.15
1,Zprime_1500GeV_030,0.8472183694690757,1500.0,0.3
2,Zprime_1500GeV_045,0.8257643119783803,1500.0,0.45
3,Zprime_1500GeV_060,0.8002158940166053,1500.0,0.6
4,Zprime_1500GeV_075,0.7581483118613267,1500.0,0.75
5,Zprime_2000GeV_015,0.8721108195165428,2000.0,0.15
6,Zprime_2000GeV_030,0.8564867516292715,2000.0,0.3
7,Zprime_2000GeV_045,0.8333541551504904,2000.0,0.45
8,Zprime_2000GeV_060,0.8056851746987486,2000.0,0.6
9,Zprime_2000GeV_075,0.775891967745758,2000.0,0.75
10,Zprime_2500GeV_015,0.8682442463999861,2500.0,0.15
11,Zprime_2500GeV_030,0.8516360482988666,2500.0,0.3
12,Zprime_2500GeV_045,0.8302674660803193,2500.0,0.45
13,Zprime_2500GeV_060,0.8035681969030448,2500.0,0.6
14,Zprime_2500GeV_075,0.7630066304340551,2500.0,0.75
15,Zprime_3000GeV_015,0.8727082676695112,3000.0,0.15
16,Zprime_3000GeV_030,0.8508932449873541,3000.0,0.3
17,Zprime_3000GeV_045,0.8257690899697085,3000.0,0.45
18,Zprime_3000GeV_060,0.7954472769919373,3000.0,0.6
19,Zprime_3000GeV_075,0.7613360619827141,3000.0,0.75
20,Zprime_3500GeV_015,0.8734977150048404,3500.0,0.15
21,Zprime_3500GeV_030,0.8547488691067504,3500.0,0.3
22,Zprime_3500GeV_045,0.8230734593390001,3500.0,0.45
23,Zprime_3500GeV_060,0.7946331489765748,3500.0,0.6
24,Zprime_3500GeV_075,0.757147639614087,3500.0,0.75
25,Zprime_4000GeV_015,0.8783392027646296,4000.0,0.15
26,Zprime_4000GeV_030,0.8624739787378086,4000.0,0.3
27,Zprime_4000GeV_045,0.8287848989038699,4000.0,0.45
28,Zprime_4000GeV_060,0.7941909081660328,4000.0,0.6
29,Zprime_4000GeV_075,0.7482725462757773,4000.0,0.75
