,name,auc,mass,nu
0,Zprime_1500GeV_015,0.8809733678252089,1500.0,0.15
1,Zprime_1500GeV_030,0.8703974350439029,1500.0,0.3
2,Zprime_1500GeV_045,0.8539284686328366,1500.0,0.45
3,Zprime_1500GeV_060,0.8334866732767231,1500.0,0.6
4,Zprime_1500GeV_075,0.8076105977865792,1500.0,0.75
5,Zprime_2000GeV_015,0.8838875874570086,2000.0,0.15
6,Zprime_2000GeV_030,0.8746226763341671,2000.0,0.3
7,Zprime_2000GeV_045,0.8529367604332992,2000.0,0.45
8,Zprime_2000GeV_060,0.8309762839575401,2000.0,0.6
9,Zprime_2000GeV_075,0.8068377250494413,2000.0,0.75
10,Zprime_2500GeV_015,0.874787506698763,2500.0,0.15
11,Zprime_2500GeV_030,0.8609708187124157,2500.0,0.3
12,Zprime_2500GeV_045,0.8452572023222524,2500.0,0.45
13,Zprime_2500GeV_060,0.8242447709601817,2500.0,0.6
14,Zprime_2500GeV_075,0.7918604355939304,2500.0,0.75
15,Zprime_3000GeV_015,0.8718666081511415,3000.0,0.15
16,Zprime_3000GeV_030,0.8529267475051382,3000.0,0.3
17,Zprime_3000GeV_045,0.8360138241362636,3000.0,0.45
18,Zprime_3000GeV_060,0.810979602922416,3000.0,0.6
19,Zprime_3000GeV_075,0.7820385093693861,3000.0,0.75
20,Zprime_3500GeV_015,0.8650224385434067,3500.0,0.15
21,Zprime_3500GeV_030,0.8521542745410219,3500.0,0.3
22,Zprime_3500GeV_045,0.8285068153289078,3500.0,0.45
23,Zprime_3500GeV_060,0.8091798091319272,3500.0,0.6
24,Zprime_3500GeV_075,0.7795753668965814,3500.0,0.75
25,Zprime_4000GeV_015,0.8642033135615601,4000.0,0.15
26,Zprime_4000GeV_030,0.8533776022018787,4000.0,0.3
27,Zprime_4000GeV_045,0.8260263008563793,4000.0,0.45
28,Zprime_4000GeV_060,0.8012279314925786,4000.0,0.6
29,Zprime_4000GeV_075,0.7640636478298928,4000.0,0.75
