,name,auc,mass,nu
0,Zprime_1500GeV_015,0.8831113596170392,1500.0,0.15
1,Zprime_1500GeV_030,0.8710560576903772,1500.0,0.3
2,Zprime_1500GeV_045,0.853525498370274,1500.0,0.45
3,Zprime_1500GeV_060,0.8317674333771632,1500.0,0.6
4,Zprime_1500GeV_075,0.7940259154240976,1500.0,0.75
5,Zprime_2000GeV_015,0.8789314823857125,2000.0,0.15
6,Zprime_2000GeV_030,0.864978318678838,2000.0,0.3
7,Zprime_2000GeV_045,0.8391319431965616,2000.0,0.45
8,Zprime_2000GeV_060,0.8164134501393744,2000.0,0.6
9,Zprime_2000GeV_075,0.7925443049760996,2000.0,0.75
10,Zprime_2500GeV_015,0.8763111370362459,2500.0,0.15
11,Zprime_2500GeV_030,0.8587781627935466,2500.0,0.3
12,Zprime_2500GeV_045,0.8391912117664964,2500.0,0.45
13,Zprime_2500GeV_060,0.8121126980019158,2500.0,0.6
14,Zprime_2500GeV_075,0.776823446589576,2500.0,0.75
15,Zprime_3000GeV_015,0.87952406317401,3000.0,0.15
16,Zprime_3000GeV_030,0.8569824311198861,3000.0,0.3
17,Zprime_3000GeV_045,0.8361386331619656,3000.0,0.45
18,Zprime_3000GeV_060,0.8026717997677328,3000.0,0.6
19,Zprime_3000GeV_075,0.7717125761342096,3000.0,0.75
20,Zprime_3500GeV_015,0.8750214346100521,3500.0,0.15
21,Zprime_3500GeV_030,0.8621219337534314,3500.0,0.3
22,Zprime_3500GeV_045,0.8333544797173074,3500.0,0.45
23,Zprime_3500GeV_060,0.8077333600196525,3500.0,0.6
24,Zprime_3500GeV_075,0.7654713251251639,3500.0,0.75
25,Zprime_4000GeV_015,0.8783722796630083,4000.0,0.15
26,Zprime_4000GeV_030,0.8664731045656391,4000.0,0.3
27,Zprime_4000GeV_045,0.835058700054947,4000.0,0.45
28,Zprime_4000GeV_060,0.8077450171566884,4000.0,0.6
29,Zprime_4000GeV_075,0.7608435266584914,4000.0,0.75
