,name,auc,mass,nu
0,Zprime_1500GeV_015,0.8802008740682195,1500.0,0.15
1,Zprime_1500GeV_030,0.8709221800224666,1500.0,0.3
2,Zprime_1500GeV_045,0.8550493617981116,1500.0,0.45
3,Zprime_1500GeV_060,0.8330651366520301,1500.0,0.6
4,Zprime_1500GeV_075,0.797782853816503,1500.0,0.75
5,Zprime_2000GeV_015,0.8759076897773763,2000.0,0.15
6,Zprime_2000GeV_030,0.8638482015843605,2000.0,0.3
7,Zprime_2000GeV_045,0.8411020769144614,2000.0,0.45
8,Zprime_2000GeV_060,0.8189597016703485,2000.0,0.6
9,Zprime_2000GeV_075,0.79692384944962,2000.0,0.75
10,Zprime_2500GeV_015,0.8731100724019625,2500.0,0.15
11,Zprime_2500GeV_030,0.8579679111627995,2500.0,0.3
12,Zprime_2500GeV_045,0.8390557311056673,2500.0,0.45
13,Zprime_2500GeV_060,0.815305466971695,2500.0,0.6
14,Zprime_2500GeV_075,0.7803394335472666,2500.0,0.75
15,Zprime_3000GeV_015,0.878170293865713,3000.0,0.15
16,Zprime_3000GeV_030,0.8555997314339304,3000.0,0.3
17,Zprime_3000GeV_045,0.8354718684509751,3000.0,0.45
18,Zprime_3000GeV_060,0.8066153235299582,3000.0,0.6
19,Zprime_3000GeV_075,0.7761188367002348,3000.0,0.75
20,Zprime_3500GeV_015,0.870455996559167,3500.0,0.15
21,Zprime_3500GeV_030,0.859390418784327,3500.0,0.3
22,Zprime_3500GeV_045,0.8331216277143577,3500.0,0.45
23,Zprime_3500GeV_060,0.807468915308011,3500.0,0.6
24,Zprime_3500GeV_075,0.7684051225853585,3500.0,0.75
25,Zprime_4000GeV_015,0.8742486283836723,4000.0,0.15
26,Zprime_4000GeV_030,0.8629683581300431,4000.0,0.3
27,Zprime_4000GeV_045,0.8333762371440685,4000.0,0.45
28,Zprime_4000GeV_060,0.80570231043336,4000.0,0.6
29,Zprime_4000GeV_075,0.7638389224283921,4000.0,0.75
