,name,auc,mass,nu
0,Zprime_1500GeV_015,0.8949628035205629,1500.0,0.15
1,Zprime_1500GeV_030,0.8912131337756911,1500.0,0.3
2,Zprime_1500GeV_045,0.8700552408042449,1500.0,0.45
3,Zprime_1500GeV_060,0.8501512486991706,1500.0,0.6
4,Zprime_1500GeV_075,0.8184628281321377,1500.0,0.75
5,Zprime_2000GeV_015,0.8916348953455314,2000.0,0.15
6,Zprime_2000GeV_030,0.8766591621355059,2000.0,0.3
7,Zprime_2000GeV_045,0.8591554005423561,2000.0,0.45
8,Zprime_2000GeV_060,0.8355155457478007,2000.0,0.6
9,Zprime_2000GeV_075,0.818238557326313,2000.0,0.75
10,Zprime_2500GeV_015,0.8850066680954154,2500.0,0.15
11,Zprime_2500GeV_030,0.8698455648557399,2500.0,0.3
12,Zprime_2500GeV_045,0.8540771520019148,2500.0,0.45
13,Zprime_2500GeV_060,0.8316013241539935,2500.0,0.6
14,Zprime_2500GeV_075,0.7997969377240913,2500.0,0.75
15,Zprime_3000GeV_015,0.8887169982966943,3000.0,0.15
16,Zprime_3000GeV_030,0.869239015407824,3000.0,0.3
17,Zprime_3000GeV_045,0.8488678261787529,3000.0,0.45
18,Zprime_3000GeV_060,0.8221062632631667,3000.0,0.6
19,Zprime_3000GeV_075,0.7928416799185214,3000.0,0.75
20,Zprime_3500GeV_015,0.8818639561245096,3500.0,0.15
21,Zprime_3500GeV_030,0.8731505047539823,3500.0,0.3
22,Zprime_3500GeV_045,0.8485296883885968,3500.0,0.45
23,Zprime_3500GeV_060,0.8221529939281111,3500.0,0.6
24,Zprime_3500GeV_075,0.7896266786995854,3500.0,0.75
25,Zprime_4000GeV_015,0.8875656661019451,4000.0,0.15
26,Zprime_4000GeV_030,0.874570593374813,4000.0,0.3
27,Zprime_4000GeV_045,0.8478936545795662,4000.0,0.45
28,Zprime_4000GeV_060,0.8207123797081477,4000.0,0.6
29,Zprime_4000GeV_075,0.7811275476833246,4000.0,0.75
