,name,auc,mass,nu
0,Zprime_1500GeV_015,0.8249684462867515,1500.0,0.15
1,Zprime_1500GeV_030,0.8063091320552936,1500.0,0.3
2,Zprime_1500GeV_045,0.7875544509517818,1500.0,0.45
3,Zprime_1500GeV_060,0.7586401264060114,1500.0,0.6
4,Zprime_1500GeV_075,0.7133100628072587,1500.0,0.75
5,Zprime_2000GeV_015,0.8203117799215458,2000.0,0.15
6,Zprime_2000GeV_030,0.8035816843153968,2000.0,0.3
7,Zprime_2000GeV_045,0.7776051373412765,2000.0,0.45
8,Zprime_2000GeV_060,0.7528788336622962,2000.0,0.6
9,Zprime_2000GeV_075,0.7219942477354186,2000.0,0.75
10,Zprime_2500GeV_015,0.8231258902619949,2500.0,0.15
11,Zprime_2500GeV_030,0.8032038829285165,2500.0,0.3
12,Zprime_2500GeV_045,0.7824828517512799,2500.0,0.45
13,Zprime_2500GeV_060,0.7498314211646762,2500.0,0.6
14,Zprime_2500GeV_075,0.7089493233610331,2500.0,0.75
15,Zprime_3000GeV_015,0.8356721403682634,3000.0,0.15
16,Zprime_3000GeV_030,0.8063291397923998,3000.0,0.3
17,Zprime_3000GeV_045,0.7818090096194747,3000.0,0.45
18,Zprime_3000GeV_060,0.7481814567815328,3000.0,0.6
19,Zprime_3000GeV_075,0.7151662527580416,3000.0,0.75
20,Zprime_3500GeV_015,0.839172323164102,3500.0,0.15
21,Zprime_3500GeV_030,0.8193426623304652,3500.0,0.3
22,Zprime_3500GeV_045,0.7825864661133938,3500.0,0.45
23,Zprime_3500GeV_060,0.7562358150674454,3500.0,0.6
24,Zprime_3500GeV_075,0.7128791443735362,3500.0,0.75
25,Zprime_4000GeV_015,0.8476097420823123,4000.0,0.15
26,Zprime_4000GeV_030,0.8306765808110659,4000.0,0.3
27,Zprime_4000GeV_045,0.7909869379013981,4000.0,0.45
28,Zprime_4000GeV_060,0.7585505122054575,4000.0,0.6
29,Zprime_4000GeV_075,0.7096333357105983,4000.0,0.75
