,name,auc,mass,nu
0,Zprime_1500GeV_015,0.8784655366186565,1500.0,0.15
1,Zprime_1500GeV_030,0.8685658141822882,1500.0,0.3
2,Zprime_1500GeV_045,0.8471665957803594,1500.0,0.45
3,Zprime_1500GeV_060,0.8253933425563671,1500.0,0.6
4,Zprime_1500GeV_075,0.7849415781150455,1500.0,0.75
5,Zprime_2000GeV_015,0.8773854182253829,2000.0,0.15
6,Zprime_2000GeV_030,0.8617290944295168,2000.0,0.3
7,Zprime_2000GeV_045,0.8383407806983467,2000.0,0.45
8,Zprime_2000GeV_060,0.8144104121379695,2000.0,0.6
9,Zprime_2000GeV_075,0.7906626201535248,2000.0,0.75
10,Zprime_2500GeV_015,0.8761880983787309,2500.0,0.15
11,Zprime_2500GeV_030,0.8587113995966331,2500.0,0.3
12,Zprime_2500GeV_045,0.8378592111745172,2500.0,0.45
13,Zprime_2500GeV_060,0.8121409101476589,2500.0,0.6
14,Zprime_2500GeV_075,0.7750422044974579,2500.0,0.75
15,Zprime_3000GeV_015,0.8825563527314674,3000.0,0.15
16,Zprime_3000GeV_030,0.857423996762648,3000.0,0.3
17,Zprime_3000GeV_045,0.8361567802440611,3000.0,0.45
18,Zprime_3000GeV_060,0.8036347291334625,3000.0,0.6
19,Zprime_3000GeV_075,0.7685692733389695,3000.0,0.75
20,Zprime_3500GeV_015,0.8786102407434132,3500.0,0.15
21,Zprime_3500GeV_030,0.8642596515077103,3500.0,0.3
22,Zprime_3500GeV_045,0.8351878544692836,3500.0,0.45
23,Zprime_3500GeV_060,0.8063730140896728,3500.0,0.6
24,Zprime_3500GeV_075,0.7647830421796773,3500.0,0.75
25,Zprime_4000GeV_015,0.8834531168183358,4000.0,0.15
26,Zprime_4000GeV_030,0.8700323448998856,4000.0,0.3
27,Zprime_4000GeV_045,0.836803703170107,4000.0,0.45
28,Zprime_4000GeV_060,0.8081445471246447,4000.0,0.6
29,Zprime_4000GeV_075,0.7593040872878218,4000.0,0.75
