,name,auc,mass,nu
0,Zprime_1500GeV_015,0.88475374090174,1500.0,0.15
1,Zprime_1500GeV_030,0.8865628827435055,1500.0,0.3
2,Zprime_1500GeV_045,0.8711183706889347,1500.0,0.45
3,Zprime_1500GeV_060,0.8515054371271739,1500.0,0.6
4,Zprime_1500GeV_075,0.816521292154632,1500.0,0.75
5,Zprime_2000GeV_015,0.8925283978862002,2000.0,0.15
6,Zprime_2000GeV_030,0.8789405764731284,2000.0,0.3
7,Zprime_2000GeV_045,0.8575254610891578,2000.0,0.45
8,Zprime_2000GeV_060,0.8354470530613719,2000.0,0.6
9,Zprime_2000GeV_075,0.8104875834368942,2000.0,0.75
10,Zprime_2500GeV_015,0.8902011859817139,2500.0,0.15
11,Zprime_2500GeV_030,0.8723741608817959,2500.0,0.3
12,Zprime_2500GeV_045,0.8548845932041853,2500.0,0.45
13,Zprime_2500GeV_060,0.832425166774697,2500.0,0.6
14,Zprime_2500GeV_075,0.7946077280178875,2500.0,0.75
15,Zprime_3000GeV_015,0.8930426353147197,3000.0,0.15
16,Zprime_3000GeV_030,0.8733529083571241,3000.0,0.3
17,Zprime_3000GeV_045,0.8521654358872425,3000.0,0.45
18,Zprime_3000GeV_060,0.8219581011619809,3000.0,0.6
19,Zprime_3000GeV_075,0.7917737058592994,3000.0,0.75
20,Zprime_3500GeV_015,0.8857192890360156,3500.0,0.15
21,Zprime_3500GeV_030,0.8762862251117866,3500.0,0.3
22,Zprime_3500GeV_045,0.851256549009079,3500.0,0.45
23,Zprime_3500GeV_060,0.8253842619751992,3500.0,0.6
24,Zprime_3500GeV_075,0.7902041298695717,3500.0,0.75
25,Zprime_4000GeV_015,0.8883068741055182,4000.0,0.15
26,Zprime_4000GeV_030,0.8787477653907717,4000.0,0.3
27,Zprime_4000GeV_045,0.8514608162641419,4000.0,0.45
28,Zprime_4000GeV_060,0.821575628636114,4000.0,0.6
29,Zprime_4000GeV_075,0.7810623888827158,4000.0,0.75
