,name,auc,mass,nu
0,Zprime_1500GeV_015,0.8872078537215632,1500.0,0.15
1,Zprime_1500GeV_030,0.8855079108690438,1500.0,0.3
2,Zprime_1500GeV_045,0.8658337443201729,1500.0,0.45
3,Zprime_1500GeV_060,0.8451898256872487,1500.0,0.6
4,Zprime_1500GeV_075,0.8090744587070249,1500.0,0.75
5,Zprime_2000GeV_015,0.8890606510094261,2000.0,0.15
6,Zprime_2000GeV_030,0.8747328950288451,2000.0,0.3
7,Zprime_2000GeV_045,0.8561400591415669,2000.0,0.45
8,Zprime_2000GeV_060,0.8333664430131504,2000.0,0.6
9,Zprime_2000GeV_075,0.8131293720986971,2000.0,0.75
10,Zprime_2500GeV_015,0.8812910118836296,2500.0,0.15
11,Zprime_2500GeV_030,0.8681964769727053,2500.0,0.3
12,Zprime_2500GeV_045,0.8515633994382082,2500.0,0.45
13,Zprime_2500GeV_060,0.830818106441766,2500.0,0.6
14,Zprime_2500GeV_075,0.7977193300053133,2500.0,0.75
15,Zprime_3000GeV_015,0.8830974943617131,3000.0,0.15
16,Zprime_3000GeV_030,0.866469378690603,3000.0,0.3
17,Zprime_3000GeV_045,0.8453424401164717,3000.0,0.45
18,Zprime_3000GeV_060,0.820852066256525,3000.0,0.6
19,Zprime_3000GeV_075,0.7910563657065446,3000.0,0.75
20,Zprime_3500GeV_015,0.8801079978141323,3500.0,0.15
21,Zprime_3500GeV_030,0.870206399884224,3500.0,0.3
22,Zprime_3500GeV_045,0.8451660277557356,3500.0,0.45
23,Zprime_3500GeV_060,0.8219159564669798,3500.0,0.6
24,Zprime_3500GeV_075,0.7892651647005737,3500.0,0.75
25,Zprime_4000GeV_015,0.8855462835681616,4000.0,0.15
26,Zprime_4000GeV_030,0.8734332483977545,4000.0,0.3
27,Zprime_4000GeV_045,0.8459336310560024,4000.0,0.45
28,Zprime_4000GeV_060,0.8210048654436761,4000.0,0.6
29,Zprime_4000GeV_075,0.779400031252814,4000.0,0.75
