,name,auc,mass,nu
0,Zprime_1500GeV_015,0.8314948799370702,1500.0,0.15
1,Zprime_1500GeV_030,0.8113692059436136,1500.0,0.3
2,Zprime_1500GeV_045,0.7964029948613741,1500.0,0.45
3,Zprime_1500GeV_060,0.764714112901748,1500.0,0.6
4,Zprime_1500GeV_075,0.721107461051379,1500.0,0.75
5,Zprime_2000GeV_015,0.8232487572368008,2000.0,0.15
6,Zprime_2000GeV_030,0.8085084753277978,2000.0,0.3
7,Zprime_2000GeV_045,0.7822863857451747,2000.0,0.45
8,Zprime_2000GeV_060,0.7579879891916839,2000.0,0.6
9,Zprime_2000GeV_075,0.7331182603257392,2000.0,0.75
10,Zprime_2500GeV_015,0.8243224372601314,2500.0,0.15
11,Zprime_2500GeV_030,0.8041106253579842,2500.0,0.3
12,Zprime_2500GeV_045,0.7828465659450856,2500.0,0.45
13,Zprime_2500GeV_060,0.7529180784549105,2500.0,0.6
14,Zprime_2500GeV_075,0.717325950462516,2500.0,0.75
15,Zprime_3000GeV_015,0.8341890429101815,3000.0,0.15
16,Zprime_3000GeV_030,0.8070722069135317,3000.0,0.3
17,Zprime_3000GeV_045,0.7816683543783736,3000.0,0.45
18,Zprime_3000GeV_060,0.7504110244777833,3000.0,0.6
19,Zprime_3000GeV_075,0.7170740686386704,3000.0,0.75
20,Zprime_3500GeV_015,0.8353217859575138,3500.0,0.15
21,Zprime_3500GeV_030,0.8176892743290293,3500.0,0.3
22,Zprime_3500GeV_045,0.7849008327583638,3500.0,0.45
23,Zprime_3500GeV_060,0.7583194712218136,3500.0,0.6
24,Zprime_3500GeV_075,0.7169353875244419,3500.0,0.75
25,Zprime_4000GeV_015,0.8475336669782627,4000.0,0.15
26,Zprime_4000GeV_030,0.8307602793537693,4000.0,0.3
27,Zprime_4000GeV_045,0.790176368845398,4000.0,0.45
28,Zprime_4000GeV_060,0.7591782621153821,4000.0,0.6
29,Zprime_4000GeV_075,0.7156407235146267,4000.0,0.75
