,name,auc,mass,nu
0,Zprime_1500GeV_015,0.887147829263348,1500.0,0.15
1,Zprime_1500GeV_030,0.8840654400909655,1500.0,0.3
2,Zprime_1500GeV_045,0.8688241471597542,1500.0,0.45
3,Zprime_1500GeV_060,0.8475751915482688,1500.0,0.6
4,Zprime_1500GeV_075,0.8170430581472933,1500.0,0.75
5,Zprime_2000GeV_015,0.8887544505085269,2000.0,0.15
6,Zprime_2000GeV_030,0.8750602486481185,2000.0,0.3
7,Zprime_2000GeV_045,0.8557435604014294,2000.0,0.45
8,Zprime_2000GeV_060,0.8337005662647843,2000.0,0.6
9,Zprime_2000GeV_075,0.8122568223031126,2000.0,0.75
10,Zprime_2500GeV_015,0.8829193630089738,2500.0,0.15
11,Zprime_2500GeV_030,0.8680691408790848,2500.0,0.3
12,Zprime_2500GeV_045,0.8517111998659693,2500.0,0.45
13,Zprime_2500GeV_060,0.8312812158635399,2500.0,0.6
14,Zprime_2500GeV_075,0.7967062405212111,2500.0,0.75
15,Zprime_3000GeV_015,0.8848670761401198,3000.0,0.15
16,Zprime_3000GeV_030,0.8661591505985877,3000.0,0.3
17,Zprime_3000GeV_045,0.8475221971271842,3000.0,0.45
18,Zprime_3000GeV_060,0.820250244497479,3000.0,0.6
19,Zprime_3000GeV_075,0.7901737038904648,3000.0,0.75
20,Zprime_3500GeV_015,0.8770968672021109,3500.0,0.15
21,Zprime_3500GeV_030,0.8687385212520549,3500.0,0.3
22,Zprime_3500GeV_045,0.8448748790592363,3500.0,0.45
23,Zprime_3500GeV_060,0.8231096974180235,3500.0,0.6
24,Zprime_3500GeV_075,0.7882748554975396,3500.0,0.75
25,Zprime_4000GeV_015,0.8842298512082337,4000.0,0.15
26,Zprime_4000GeV_030,0.8708717892671571,4000.0,0.3
27,Zprime_4000GeV_045,0.8454197272663699,4000.0,0.45
28,Zprime_4000GeV_060,0.8186020620589962,4000.0,0.6
29,Zprime_4000GeV_075,0.7792190051666916,4000.0,0.75
