,name,auc,mass,nu
0,Zprime_1500GeV_015,0.8852908079899326,1500.0,0.15
1,Zprime_1500GeV_030,0.8844403239799935,1500.0,0.3
2,Zprime_1500GeV_045,0.8653109097595895,1500.0,0.45
3,Zprime_1500GeV_060,0.8452407593415556,1500.0,0.6
4,Zprime_1500GeV_075,0.8154382736668562,1500.0,0.75
5,Zprime_2000GeV_015,0.8863624271432274,2000.0,0.15
6,Zprime_2000GeV_030,0.8723897066798587,2000.0,0.3
7,Zprime_2000GeV_045,0.8536853570523304,2000.0,0.45
8,Zprime_2000GeV_060,0.8319877330728297,2000.0,0.6
9,Zprime_2000GeV_075,0.8124311237351586,2000.0,0.75
10,Zprime_2500GeV_015,0.881849860997661,2500.0,0.15
11,Zprime_2500GeV_030,0.8674066068042384,2500.0,0.3
12,Zprime_2500GeV_045,0.849555272174648,2500.0,0.45
13,Zprime_2500GeV_060,0.8279211507590354,2500.0,0.6
14,Zprime_2500GeV_075,0.7964333538262544,2500.0,0.75
15,Zprime_3000GeV_015,0.8876437189469177,3000.0,0.15
16,Zprime_3000GeV_030,0.8672006860448479,3000.0,0.3
17,Zprime_3000GeV_045,0.8470726871475363,3000.0,0.45
18,Zprime_3000GeV_060,0.8184681461122656,3000.0,0.6
19,Zprime_3000GeV_075,0.7901527742283344,3000.0,0.75
20,Zprime_3500GeV_015,0.8836480313850404,3500.0,0.15
21,Zprime_3500GeV_030,0.8723974495620184,3500.0,0.3
22,Zprime_3500GeV_045,0.8463958936363296,3500.0,0.45
23,Zprime_3500GeV_060,0.8197635943751702,3500.0,0.6
24,Zprime_3500GeV_075,0.7876891102086423,3500.0,0.75
25,Zprime_4000GeV_015,0.8852374013759495,4000.0,0.15
26,Zprime_4000GeV_030,0.8744740326831745,4000.0,0.3
27,Zprime_4000GeV_045,0.8481368344119068,4000.0,0.45
28,Zprime_4000GeV_060,0.8183414916159806,4000.0,0.6
29,Zprime_4000GeV_075,0.7807414581006755,4000.0,0.75
