,name,auc,mass,nu
0,Zprime_1500GeV_015,0.8675212327762504,1500.0,0.15
1,Zprime_1500GeV_030,0.8689717402538113,1500.0,0.3
2,Zprime_1500GeV_045,0.8526196800814747,1500.0,0.45
3,Zprime_1500GeV_060,0.8315869827161899,1500.0,0.6
4,Zprime_1500GeV_075,0.8002748288476388,1500.0,0.75
5,Zprime_2000GeV_015,0.8758458367293266,2000.0,0.15
6,Zprime_2000GeV_030,0.8631511596489804,2000.0,0.3
7,Zprime_2000GeV_045,0.8452690359422594,2000.0,0.45
8,Zprime_2000GeV_060,0.8221605318502428,2000.0,0.6
9,Zprime_2000GeV_075,0.8014108760285712,2000.0,0.75
10,Zprime_2500GeV_015,0.8705412486253705,2500.0,0.15
11,Zprime_2500GeV_030,0.8573179903303667,2500.0,0.3
12,Zprime_2500GeV_045,0.8405759588232937,2500.0,0.45
13,Zprime_2500GeV_060,0.820223224787793,2500.0,0.6
14,Zprime_2500GeV_075,0.7872024214758442,2500.0,0.75
15,Zprime_3000GeV_015,0.874245635952068,3000.0,0.15
16,Zprime_3000GeV_030,0.8566574453769661,3000.0,0.3
17,Zprime_3000GeV_045,0.8362485597850114,3000.0,0.45
18,Zprime_3000GeV_060,0.8111568917876931,3000.0,0.6
19,Zprime_3000GeV_075,0.7836200858955925,3000.0,0.75
20,Zprime_3500GeV_015,0.8704734022902144,3500.0,0.15
21,Zprime_3500GeV_030,0.8604648286785387,3500.0,0.3
22,Zprime_3500GeV_045,0.8358310430330215,3500.0,0.45
23,Zprime_3500GeV_060,0.8117624169507259,3500.0,0.6
24,Zprime_3500GeV_075,0.7818670147618128,3500.0,0.75
25,Zprime_4000GeV_015,0.8754546046972297,4000.0,0.15
26,Zprime_4000GeV_030,0.8642296526100024,4000.0,0.3
27,Zprime_4000GeV_045,0.8381708367453942,4000.0,0.45
28,Zprime_4000GeV_060,0.8105990891238981,4000.0,0.6
29,Zprime_4000GeV_075,0.7739051628427954,4000.0,0.75
