,name,auc,mass,nu
0,Zprime_1500GeV_015,0.8843586772010757,1500.0,0.15
1,Zprime_1500GeV_030,0.881311602220454,1500.0,0.3
2,Zprime_1500GeV_045,0.8610398862041408,1500.0,0.45
3,Zprime_1500GeV_060,0.8427832778938024,1500.0,0.6
4,Zprime_1500GeV_075,0.8099005358723015,1500.0,0.75
5,Zprime_2000GeV_015,0.8843435728211804,2000.0,0.15
6,Zprime_2000GeV_030,0.8707418535661184,2000.0,0.3
7,Zprime_2000GeV_045,0.8497345646158032,2000.0,0.45
8,Zprime_2000GeV_060,0.8284742995385034,2000.0,0.6
9,Zprime_2000GeV_075,0.8065080256176413,2000.0,0.75
10,Zprime_2500GeV_015,0.8773777526864807,2500.0,0.15
11,Zprime_2500GeV_030,0.8624675614866995,2500.0,0.3
12,Zprime_2500GeV_045,0.8456162145154594,2500.0,0.45
13,Zprime_2500GeV_060,0.8251327631456644,2500.0,0.6
14,Zprime_2500GeV_075,0.792641865382021,2500.0,0.75
15,Zprime_3000GeV_015,0.879879165209509,3000.0,0.15
16,Zprime_3000GeV_030,0.8608999349544822,3000.0,0.3
17,Zprime_3000GeV_045,0.8403333918991313,3000.0,0.45
18,Zprime_3000GeV_060,0.8144116864144186,3000.0,0.6
19,Zprime_3000GeV_075,0.7854443126562951,3000.0,0.75
20,Zprime_3500GeV_015,0.8727631566391154,3500.0,0.15
21,Zprime_3500GeV_030,0.8642936181109087,3500.0,0.3
22,Zprime_3500GeV_045,0.8409727481695545,3500.0,0.45
23,Zprime_3500GeV_060,0.8155174079665648,3500.0,0.6
24,Zprime_3500GeV_075,0.7827089967554095,3500.0,0.75
25,Zprime_4000GeV_015,0.8787392446773068,4000.0,0.15
26,Zprime_4000GeV_030,0.8672130091405996,4000.0,0.3
27,Zprime_4000GeV_045,0.8408520286612648,4000.0,0.45
28,Zprime_4000GeV_060,0.8126479826352135,4000.0,0.6
29,Zprime_4000GeV_075,0.7754901130438303,4000.0,0.75
