,name,auc,mass,nu
0,Zprime_1500GeV_015,0.8828671745156235,1500.0,0.15
1,Zprime_1500GeV_030,0.8800445527970724,1500.0,0.3
2,Zprime_1500GeV_045,0.8553891877900724,1500.0,0.45
3,Zprime_1500GeV_060,0.8390732597344723,1500.0,0.6
4,Zprime_1500GeV_075,0.8052296174999715,1500.0,0.75
5,Zprime_2000GeV_015,0.8823200701212364,2000.0,0.15
6,Zprime_2000GeV_030,0.8671126581323809,2000.0,0.3
7,Zprime_2000GeV_045,0.8486206639516538,2000.0,0.45
8,Zprime_2000GeV_060,0.8261240701430937,2000.0,0.6
9,Zprime_2000GeV_075,0.8015716232010122,2000.0,0.75
10,Zprime_2500GeV_015,0.8776392239272599,2500.0,0.15
11,Zprime_2500GeV_030,0.8618425636930052,2500.0,0.3
12,Zprime_2500GeV_045,0.8441656709720706,2500.0,0.45
13,Zprime_2500GeV_060,0.8220747031747239,2500.0,0.6
14,Zprime_2500GeV_075,0.7909918099579231,2500.0,0.75
15,Zprime_3000GeV_015,0.8837432940860122,3000.0,0.15
16,Zprime_3000GeV_030,0.8631285720102977,3000.0,0.3
17,Zprime_3000GeV_045,0.8417375584011464,3000.0,0.45
18,Zprime_3000GeV_060,0.8129413547520061,3000.0,0.6
19,Zprime_3000GeV_075,0.7833323381219623,3000.0,0.75
20,Zprime_3500GeV_015,0.8796405748185471,3500.0,0.15
21,Zprime_3500GeV_030,0.8682922124528538,3500.0,0.3
22,Zprime_3500GeV_045,0.8413336966717302,3500.0,0.45
23,Zprime_3500GeV_060,0.8141355329460787,3500.0,0.6
24,Zprime_3500GeV_075,0.7812933238788973,3500.0,0.75
25,Zprime_4000GeV_015,0.8842195069677712,4000.0,0.15
26,Zprime_4000GeV_030,0.8700044075558012,4000.0,0.3
27,Zprime_4000GeV_045,0.8434402952377726,4000.0,0.45
28,Zprime_4000GeV_060,0.8144422194194793,4000.0,0.6
29,Zprime_4000GeV_075,0.7732816811884676,4000.0,0.75
