,name,auc,mass,nu
0,Zprime_1500GeV_015,0.8789628988123099,1500.0,0.15
1,Zprime_1500GeV_030,0.8774289517094601,1500.0,0.3
2,Zprime_1500GeV_045,0.8613644477550345,1500.0,0.45
3,Zprime_1500GeV_060,0.8384705717741965,1500.0,0.6
4,Zprime_1500GeV_075,0.8108843497549743,1500.0,0.75
5,Zprime_2000GeV_015,0.8803256653554822,2000.0,0.15
6,Zprime_2000GeV_030,0.8671872238612517,2000.0,0.3
7,Zprime_2000GeV_045,0.846244495291512,2000.0,0.45
8,Zprime_2000GeV_060,0.8253970658129223,2000.0,0.6
9,Zprime_2000GeV_075,0.8026608371564052,2000.0,0.75
10,Zprime_2500GeV_015,0.8752161012525845,2500.0,0.15
11,Zprime_2500GeV_030,0.8598681563158829,2500.0,0.3
12,Zprime_2500GeV_045,0.8442314989804538,2500.0,0.45
13,Zprime_2500GeV_060,0.823426139083553,2500.0,0.6
14,Zprime_2500GeV_075,0.7892741628487322,2500.0,0.75
15,Zprime_3000GeV_015,0.8802764091751037,3000.0,0.15
16,Zprime_3000GeV_030,0.8614941810668136,3000.0,0.3
17,Zprime_3000GeV_045,0.8416123572359461,3000.0,0.45
18,Zprime_3000GeV_060,0.813284655259161,3000.0,0.6
19,Zprime_3000GeV_075,0.7846306571991626,3000.0,0.75
20,Zprime_3500GeV_015,0.875388914628273,3500.0,0.15
21,Zprime_3500GeV_030,0.8650661861818715,3500.0,0.3
22,Zprime_3500GeV_045,0.8411173507512583,3500.0,0.45
23,Zprime_3500GeV_060,0.8169305387189985,3500.0,0.6
24,Zprime_3500GeV_075,0.7831000666107996,3500.0,0.75
25,Zprime_4000GeV_015,0.8819517921740234,4000.0,0.15
26,Zprime_4000GeV_030,0.8703156621025709,4000.0,0.3
27,Zprime_4000GeV_045,0.8435727668304441,4000.0,0.45
28,Zprime_4000GeV_060,0.815651937008224,4000.0,0.6
29,Zprime_4000GeV_075,0.7756557691220248,4000.0,0.75
