,name,auc,mass,nu
0,Zprime_1500GeV_015,0.8846795861722332,1500.0,0.15
1,Zprime_1500GeV_030,0.8853307722872302,1500.0,0.3
2,Zprime_1500GeV_045,0.8647247112961585,1500.0,0.45
3,Zprime_1500GeV_060,0.84437154553943,1500.0,0.6
4,Zprime_1500GeV_075,0.8132515167421376,1500.0,0.75
5,Zprime_2000GeV_015,0.8867848029123091,2000.0,0.15
6,Zprime_2000GeV_030,0.872855396878524,2000.0,0.3
7,Zprime_2000GeV_045,0.8539094530479432,2000.0,0.45
8,Zprime_2000GeV_060,0.829960804219897,2000.0,0.6
9,Zprime_2000GeV_075,0.8105363833046699,2000.0,0.75
10,Zprime_2500GeV_015,0.8799625190980892,2500.0,0.15
11,Zprime_2500GeV_030,0.8652528122144414,2500.0,0.3
12,Zprime_2500GeV_045,0.847483082123041,2500.0,0.45
13,Zprime_2500GeV_060,0.8278016524817422,2500.0,0.6
14,Zprime_2500GeV_075,0.7947307180594334,2500.0,0.75
15,Zprime_3000GeV_015,0.883308509089753,3000.0,0.15
16,Zprime_3000GeV_030,0.864419118253082,3000.0,0.3
17,Zprime_3000GeV_045,0.8430096920064565,3000.0,0.45
18,Zprime_3000GeV_060,0.8176037954429055,3000.0,0.6
19,Zprime_3000GeV_075,0.7871903904980585,3000.0,0.75
20,Zprime_3500GeV_015,0.8784002156460532,3500.0,0.15
21,Zprime_3500GeV_030,0.8681402621437597,3500.0,0.3
22,Zprime_3500GeV_045,0.842155346209454,3500.0,0.45
23,Zprime_3500GeV_060,0.8194438343327326,3500.0,0.6
24,Zprime_3500GeV_075,0.7865954790605728,3500.0,0.75
25,Zprime_4000GeV_015,0.8824982746969974,4000.0,0.15
26,Zprime_4000GeV_030,0.8687345067850105,4000.0,0.3
27,Zprime_4000GeV_045,0.8431371883227676,4000.0,0.45
28,Zprime_4000GeV_060,0.8157757325024707,4000.0,0.6
29,Zprime_4000GeV_075,0.775135794647107,4000.0,0.75
