,name,auc,mass,nu
0,Zprime_1500GeV_015,0.8231665447492845,1500.0,0.15
1,Zprime_1500GeV_030,0.8018228762127585,1500.0,0.3
2,Zprime_1500GeV_045,0.7804958549355374,1500.0,0.45
3,Zprime_1500GeV_060,0.7559018361339837,1500.0,0.6
4,Zprime_1500GeV_075,0.7036402648469946,1500.0,0.75
5,Zprime_2000GeV_015,0.8209585994273335,2000.0,0.15
6,Zprime_2000GeV_030,0.801097164128283,2000.0,0.3
7,Zprime_2000GeV_045,0.7722442990530162,2000.0,0.45
8,Zprime_2000GeV_060,0.7425644989533351,2000.0,0.6
9,Zprime_2000GeV_075,0.7130954909828815,2000.0,0.75
10,Zprime_2500GeV_015,0.8264753920279668,2500.0,0.15
11,Zprime_2500GeV_030,0.8031854384637681,2500.0,0.3
12,Zprime_2500GeV_045,0.7799774577160119,2500.0,0.45
13,Zprime_2500GeV_060,0.7439032659156073,2500.0,0.6
14,Zprime_2500GeV_075,0.7033408392754811,2500.0,0.75
15,Zprime_3000GeV_015,0.8337674009850575,3000.0,0.15
16,Zprime_3000GeV_030,0.8056780144990973,3000.0,0.3
17,Zprime_3000GeV_045,0.7780150883184138,3000.0,0.45
18,Zprime_3000GeV_060,0.7403956374946482,3000.0,0.6
19,Zprime_3000GeV_075,0.7067825684216453,3000.0,0.75
20,Zprime_3500GeV_015,0.8305839337945389,3500.0,0.15
21,Zprime_3500GeV_030,0.8118904359643735,3500.0,0.3
22,Zprime_3500GeV_045,0.777121660224366,3500.0,0.45
23,Zprime_3500GeV_060,0.7485275439836288,3500.0,0.6
24,Zprime_3500GeV_075,0.7037626721674294,3500.0,0.75
25,Zprime_4000GeV_015,0.8368306734537573,4000.0,0.15
26,Zprime_4000GeV_030,0.8209706708200817,4000.0,0.3
27,Zprime_4000GeV_045,0.7843524348117692,4000.0,0.45
28,Zprime_4000GeV_060,0.751131990197875,4000.0,0.6
29,Zprime_4000GeV_075,0.7021812925739117,4000.0,0.75
