,name,auc,mass,nu
0,Zprime_1500GeV_015,0.8405416401578106,1500.0,0.15
1,Zprime_1500GeV_030,0.8199583796984654,1500.0,0.3
2,Zprime_1500GeV_045,0.8020063625265219,1500.0,0.45
3,Zprime_1500GeV_060,0.7705452886962644,1500.0,0.6
4,Zprime_1500GeV_075,0.7273122137751803,1500.0,0.75
5,Zprime_2000GeV_015,0.8266954724822067,2000.0,0.15
6,Zprime_2000GeV_030,0.8146111997997836,2000.0,0.3
7,Zprime_2000GeV_045,0.7925447150900368,2000.0,0.45
8,Zprime_2000GeV_060,0.7692818348664899,2000.0,0.6
9,Zprime_2000GeV_075,0.7470405928769146,2000.0,0.75
10,Zprime_2500GeV_015,0.8250818659193877,2500.0,0.15
11,Zprime_2500GeV_030,0.8076572425516098,2500.0,0.3
12,Zprime_2500GeV_045,0.7866004278242646,2500.0,0.45
13,Zprime_2500GeV_060,0.7605960262734872,2500.0,0.6
14,Zprime_2500GeV_075,0.7299097094852744,2500.0,0.75
15,Zprime_3000GeV_015,0.8356946748810696,3000.0,0.15
16,Zprime_3000GeV_030,0.8085045807818947,3000.0,0.3
17,Zprime_3000GeV_045,0.7857040414917229,3000.0,0.45
18,Zprime_3000GeV_060,0.756412471745705,3000.0,0.6
19,Zprime_3000GeV_075,0.7271477125530781,3000.0,0.75
20,Zprime_3500GeV_015,0.8362851870850742,3500.0,0.15
21,Zprime_3500GeV_030,0.8184467633080469,3500.0,0.3
22,Zprime_3500GeV_045,0.7871968706773824,3500.0,0.45
23,Zprime_3500GeV_060,0.7630941516617735,3500.0,0.6
24,Zprime_3500GeV_075,0.723637852124025,3500.0,0.75
25,Zprime_4000GeV_015,0.8442747025660801,4000.0,0.15
26,Zprime_4000GeV_030,0.8282084857497982,4000.0,0.3
27,Zprime_4000GeV_045,0.7904645566590778,4000.0,0.45
28,Zprime_4000GeV_060,0.7625754145988501,4000.0,0.6
29,Zprime_4000GeV_075,0.7206378990840674,4000.0,0.75
