,name,auc,mass,nu
0,Zprime_1500GeV_015,0.885608680704449,1500.0,0.15
1,Zprime_1500GeV_030,0.8826027588706669,1500.0,0.3
2,Zprime_1500GeV_045,0.863446835983361,1500.0,0.45
3,Zprime_1500GeV_060,0.8469642571868194,1500.0,0.6
4,Zprime_1500GeV_075,0.8102913545767926,1500.0,0.75
5,Zprime_2000GeV_015,0.8873685047378249,2000.0,0.15
6,Zprime_2000GeV_030,0.8742455980064785,2000.0,0.3
7,Zprime_2000GeV_045,0.8541662839825842,2000.0,0.45
8,Zprime_2000GeV_060,0.8305400980955854,2000.0,0.6
9,Zprime_2000GeV_075,0.8105562840403445,2000.0,0.75
10,Zprime_2500GeV_015,0.8828536757447533,2500.0,0.15
11,Zprime_2500GeV_030,0.8669677023817757,2500.0,0.3
12,Zprime_2500GeV_045,0.8503704362158908,2500.0,0.45
13,Zprime_2500GeV_060,0.830048696837965,2500.0,0.6
14,Zprime_2500GeV_075,0.7934958183792319,2500.0,0.75
15,Zprime_3000GeV_015,0.8854960471265347,3000.0,0.15
16,Zprime_3000GeV_030,0.867151052170125,3000.0,0.3
17,Zprime_3000GeV_045,0.8470844418833483,3000.0,0.45
18,Zprime_3000GeV_060,0.818842980403775,3000.0,0.6
19,Zprime_3000GeV_075,0.7881370826162307,3000.0,0.75
20,Zprime_3500GeV_015,0.8784678423885006,3500.0,0.15
21,Zprime_3500GeV_030,0.8690821994748569,3500.0,0.3
22,Zprime_3500GeV_045,0.8448498642074816,3500.0,0.45
23,Zprime_3500GeV_060,0.8205900623537025,3500.0,0.6
24,Zprime_3500GeV_075,0.7866085326285481,3500.0,0.75
25,Zprime_4000GeV_015,0.8814782480007509,4000.0,0.15
26,Zprime_4000GeV_030,0.8711331273271032,4000.0,0.3
27,Zprime_4000GeV_045,0.844198070121569,4000.0,0.45
28,Zprime_4000GeV_060,0.8172053242695267,4000.0,0.6
29,Zprime_4000GeV_075,0.7783451442717012,4000.0,0.75
