,name,auc,mass,nu
0,Zprime_1500GeV_015,0.8936652709228445,1500.0,0.15
1,Zprime_1500GeV_030,0.8922286754736642,1500.0,0.3
2,Zprime_1500GeV_045,0.8698538929431171,1500.0,0.45
3,Zprime_1500GeV_060,0.8499357104096747,1500.0,0.6
4,Zprime_1500GeV_075,0.8167272358918076,1500.0,0.75
5,Zprime_2000GeV_015,0.8956552181448428,2000.0,0.15
6,Zprime_2000GeV_030,0.8815264405142212,2000.0,0.3
7,Zprime_2000GeV_045,0.8616263037167229,2000.0,0.45
8,Zprime_2000GeV_060,0.839848381097045,2000.0,0.6
9,Zprime_2000GeV_075,0.8160360581384353,2000.0,0.75
10,Zprime_2500GeV_015,0.8916369176044935,2500.0,0.15
11,Zprime_2500GeV_030,0.8750866098354626,2500.0,0.3
12,Zprime_2500GeV_045,0.8580441327149387,2500.0,0.45
13,Zprime_2500GeV_060,0.836587868152332,2500.0,0.6
14,Zprime_2500GeV_075,0.8032380034513624,2500.0,0.75
15,Zprime_3000GeV_015,0.8956836835137257,3000.0,0.15
16,Zprime_3000GeV_030,0.8768291942027351,3000.0,0.3
17,Zprime_3000GeV_045,0.8551064301560906,3000.0,0.45
18,Zprime_3000GeV_060,0.8272468521631678,3000.0,0.6
19,Zprime_3000GeV_075,0.7978270196562665,3000.0,0.75
20,Zprime_3500GeV_015,0.8899361499360345,3500.0,0.15
21,Zprime_3500GeV_030,0.8812671316507737,3500.0,0.3
22,Zprime_3500GeV_045,0.8549986871387469,3500.0,0.45
23,Zprime_3500GeV_060,0.8287500423563603,3500.0,0.6
24,Zprime_3500GeV_075,0.7976837491136466,3500.0,0.75
25,Zprime_4000GeV_015,0.8932293756551278,4000.0,0.15
26,Zprime_4000GeV_030,0.8817625490690981,4000.0,0.3
27,Zprime_4000GeV_045,0.8566115220523385,4000.0,0.45
28,Zprime_4000GeV_060,0.8266416181114745,4000.0,0.6
29,Zprime_4000GeV_075,0.787053528790784,4000.0,0.75
