,name,auc,mass,nu
0,Zprime_1500GeV_015,0.8720753841798885,1500.0,0.15
1,Zprime_1500GeV_030,0.8621977416085715,1500.0,0.3
2,Zprime_1500GeV_045,0.842214327907209,1500.0,0.45
3,Zprime_1500GeV_060,0.821018599784796,1500.0,0.6
4,Zprime_1500GeV_075,0.781874467525212,1500.0,0.75
5,Zprime_2000GeV_015,0.8682947746968831,2000.0,0.15
6,Zprime_2000GeV_030,0.8563563768060065,2000.0,0.3
7,Zprime_2000GeV_045,0.8318385360303956,2000.0,0.45
8,Zprime_2000GeV_060,0.8070826430718216,2000.0,0.6
9,Zprime_2000GeV_075,0.7808630491209088,2000.0,0.75
10,Zprime_2500GeV_015,0.8667849804112294,2500.0,0.15
11,Zprime_2500GeV_030,0.8498531204610471,2500.0,0.3
12,Zprime_2500GeV_045,0.8316745148047611,2500.0,0.45
13,Zprime_2500GeV_060,0.8031800219054739,2500.0,0.6
14,Zprime_2500GeV_075,0.7667946911981265,2500.0,0.75
15,Zprime_3000GeV_015,0.8682175094830062,3000.0,0.15
16,Zprime_3000GeV_030,0.8466836666340477,3000.0,0.3
17,Zprime_3000GeV_045,0.8242927131050922,3000.0,0.45
18,Zprime_3000GeV_060,0.7942207698128568,3000.0,0.6
19,Zprime_3000GeV_075,0.7639810682732704,3000.0,0.75
20,Zprime_3500GeV_015,0.860781806040076,3500.0,0.15
21,Zprime_3500GeV_030,0.848836333264571,3500.0,0.3
22,Zprime_3500GeV_045,0.8232909025652367,3500.0,0.45
23,Zprime_3500GeV_060,0.7978895903097768,3500.0,0.6
24,Zprime_3500GeV_075,0.7562821289671029,3500.0,0.75
25,Zprime_4000GeV_015,0.8642959006814758,4000.0,0.15
26,Zprime_4000GeV_030,0.853924924468922,4000.0,0.3
27,Zprime_4000GeV_045,0.8230266575322874,4000.0,0.45
28,Zprime_4000GeV_060,0.7976596396531365,4000.0,0.6
29,Zprime_4000GeV_075,0.7528002607689759,4000.0,0.75
