,name,auc,mass,nu
0,Zprime_1500GeV_015,0.8768086747253588,1500.0,0.15
1,Zprime_1500GeV_030,0.8691543607529592,1500.0,0.3
2,Zprime_1500GeV_045,0.8471409537156889,1500.0,0.45
3,Zprime_1500GeV_060,0.8262522618315374,1500.0,0.6
4,Zprime_1500GeV_075,0.7795514612377888,1500.0,0.75
5,Zprime_2000GeV_015,0.8796368167662069,2000.0,0.15
6,Zprime_2000GeV_030,0.8626718073157393,2000.0,0.3
7,Zprime_2000GeV_045,0.8370320676901112,2000.0,0.45
8,Zprime_2000GeV_060,0.8105996609312166,2000.0,0.6
9,Zprime_2000GeV_075,0.7882399435780144,2000.0,0.75
10,Zprime_2500GeV_015,0.8758025737441202,2500.0,0.15
11,Zprime_2500GeV_030,0.8580457703716837,2500.0,0.3
12,Zprime_2500GeV_045,0.8353531814497828,2500.0,0.45
13,Zprime_2500GeV_060,0.8082329247659399,2500.0,0.6
14,Zprime_2500GeV_075,0.770729979631451,2500.0,0.75
15,Zprime_3000GeV_015,0.8789962872390658,3000.0,0.15
16,Zprime_3000GeV_030,0.8549903800169174,3000.0,0.3
17,Zprime_3000GeV_045,0.8306224068358286,3000.0,0.45
18,Zprime_3000GeV_060,0.7995633362091465,3000.0,0.6
19,Zprime_3000GeV_075,0.7666349472725789,3000.0,0.75
20,Zprime_3500GeV_015,0.8714624616562698,3500.0,0.15
21,Zprime_3500GeV_030,0.8571531551327564,3500.0,0.3
22,Zprime_3500GeV_045,0.8306058217687535,3500.0,0.45
23,Zprime_3500GeV_060,0.8033561077766173,3500.0,0.6
24,Zprime_3500GeV_075,0.7601714476030856,3500.0,0.75
25,Zprime_4000GeV_015,0.8740458671728331,4000.0,0.15
26,Zprime_4000GeV_030,0.8629488190126168,4000.0,0.3
27,Zprime_4000GeV_045,0.8278632569865794,4000.0,0.45
28,Zprime_4000GeV_060,0.8004865750882095,4000.0,0.6
29,Zprime_4000GeV_075,0.7536629878141616,4000.0,0.75
