,name,auc,mass,nu
0,Zprime_1500GeV_015,0.865059062198418,1500.0,0.15
1,Zprime_1500GeV_030,0.8590307124748889,1500.0,0.3
2,Zprime_1500GeV_045,0.839935698267464,1500.0,0.45
3,Zprime_1500GeV_060,0.8136050312317623,1500.0,0.6
4,Zprime_1500GeV_075,0.7772586628223835,1500.0,0.75
5,Zprime_2000GeV_015,0.8809329052906447,2000.0,0.15
6,Zprime_2000GeV_030,0.8637193286572138,2000.0,0.3
7,Zprime_2000GeV_045,0.8413094869333115,2000.0,0.45
8,Zprime_2000GeV_060,0.812107294999688,2000.0,0.6
9,Zprime_2000GeV_075,0.7822745053987205,2000.0,0.75
10,Zprime_2500GeV_015,0.8804648887404016,2500.0,0.15
11,Zprime_2500GeV_030,0.8619725195378569,2500.0,0.3
12,Zprime_2500GeV_045,0.8435630058361022,2500.0,0.45
13,Zprime_2500GeV_060,0.816130421508498,2500.0,0.6
14,Zprime_2500GeV_075,0.7747845323670147,2500.0,0.75
15,Zprime_3000GeV_015,0.8878503059276553,3000.0,0.15
16,Zprime_3000GeV_030,0.8665464570598561,3000.0,0.3
17,Zprime_3000GeV_045,0.8441760613368918,3000.0,0.45
18,Zprime_3000GeV_060,0.8103626660462011,3000.0,0.6
19,Zprime_3000GeV_075,0.770571418418854,3000.0,0.75
20,Zprime_3500GeV_015,0.885098719950892,3500.0,0.15
21,Zprime_3500GeV_030,0.8742215980911583,3500.0,0.3
22,Zprime_3500GeV_045,0.8447851510649687,3500.0,0.45
23,Zprime_3500GeV_060,0.8128528156313928,3500.0,0.6
24,Zprime_3500GeV_075,0.7725812114570575,3500.0,0.75
25,Zprime_4000GeV_015,0.8883498723111892,4000.0,0.15
26,Zprime_4000GeV_030,0.8750960121588164,4000.0,0.3
27,Zprime_4000GeV_045,0.8437396267997439,4000.0,0.45
28,Zprime_4000GeV_060,0.8106017515761077,4000.0,0.6
29,Zprime_4000GeV_075,0.7637609297408371,4000.0,0.75
