,name,auc,mass,nu
0,Zprime_1500GeV_015,0.8905758797903957,1500.0,0.15
1,Zprime_1500GeV_030,0.8823161800837585,1500.0,0.3
2,Zprime_1500GeV_045,0.8648238752550341,1500.0,0.45
3,Zprime_1500GeV_060,0.848159338580416,1500.0,0.6
4,Zprime_1500GeV_075,0.8126052915261965,1500.0,0.75
5,Zprime_2000GeV_015,0.8863124342946657,2000.0,0.15
6,Zprime_2000GeV_030,0.8721077342171583,2000.0,0.3
7,Zprime_2000GeV_045,0.85335044905719,2000.0,0.45
8,Zprime_2000GeV_060,0.831110619440269,2000.0,0.6
9,Zprime_2000GeV_075,0.8081280996302452,2000.0,0.75
10,Zprime_2500GeV_015,0.8831286166705632,2500.0,0.15
11,Zprime_2500GeV_030,0.8662048035131451,2500.0,0.3
12,Zprime_2500GeV_045,0.8492796298669187,2500.0,0.45
13,Zprime_2500GeV_060,0.82752143508979,2500.0,0.6
14,Zprime_2500GeV_075,0.7925876728102889,2500.0,0.75
15,Zprime_3000GeV_015,0.8872675583143802,3000.0,0.15
16,Zprime_3000GeV_030,0.8672090095816505,3000.0,0.3
17,Zprime_3000GeV_045,0.8464900339966992,3000.0,0.45
18,Zprime_3000GeV_060,0.818112701369375,3000.0,0.6
19,Zprime_3000GeV_075,0.7883660352018136,3000.0,0.75
20,Zprime_3500GeV_015,0.880910986263738,3500.0,0.15
21,Zprime_3500GeV_030,0.8721385754215495,3500.0,0.3
22,Zprime_3500GeV_045,0.8466093754027717,3500.0,0.45
23,Zprime_3500GeV_060,0.821386184001723,3500.0,0.6
24,Zprime_3500GeV_075,0.7867099959174026,3500.0,0.75
25,Zprime_4000GeV_015,0.888245337329206,4000.0,0.15
26,Zprime_4000GeV_030,0.8757126103383228,4000.0,0.3
27,Zprime_4000GeV_045,0.8471771958831971,4000.0,0.45
28,Zprime_4000GeV_060,0.8184318955220984,4000.0,0.6
29,Zprime_4000GeV_075,0.7777912387276041,4000.0,0.75
