,name,auc,mass,nu
0,Zprime_1500GeV_015,0.8913983550028634,1500.0,0.15
1,Zprime_1500GeV_030,0.8884466808905911,1500.0,0.3
2,Zprime_1500GeV_045,0.8681458678773675,1500.0,0.45
3,Zprime_1500GeV_060,0.848478522814073,1500.0,0.6
4,Zprime_1500GeV_075,0.8134003236497918,1500.0,0.75
5,Zprime_2000GeV_015,0.8885467773901168,2000.0,0.15
6,Zprime_2000GeV_030,0.8733550077423599,2000.0,0.3
7,Zprime_2000GeV_045,0.8539570675047115,2000.0,0.45
8,Zprime_2000GeV_060,0.8322456231695012,2000.0,0.6
9,Zprime_2000GeV_075,0.8116381995482578,2000.0,0.75
10,Zprime_2500GeV_015,0.8817235827004987,2500.0,0.15
11,Zprime_2500GeV_030,0.8652154225988986,2500.0,0.3
12,Zprime_2500GeV_045,0.8496092690038709,2500.0,0.45
13,Zprime_2500GeV_060,0.8285407932583873,2500.0,0.6
14,Zprime_2500GeV_075,0.7940736195790391,2500.0,0.75
15,Zprime_3000GeV_015,0.8844502000212169,3000.0,0.15
16,Zprime_3000GeV_030,0.8648048073685188,3000.0,0.3
17,Zprime_3000GeV_045,0.8444085811612443,3000.0,0.45
18,Zprime_3000GeV_060,0.8179459015344639,3000.0,0.6
19,Zprime_3000GeV_075,0.7868163335040088,3000.0,0.75
20,Zprime_3500GeV_015,0.8767731814638264,3500.0,0.15
21,Zprime_3500GeV_030,0.8684239542491637,3500.0,0.3
22,Zprime_3500GeV_045,0.8429166904261263,3500.0,0.45
23,Zprime_3500GeV_060,0.81839838512447,3500.0,0.6
24,Zprime_3500GeV_075,0.7836500999161993,3500.0,0.75
25,Zprime_4000GeV_015,0.8827494088892164,4000.0,0.15
26,Zprime_4000GeV_030,0.8703981217176929,4000.0,0.3
27,Zprime_4000GeV_045,0.8427789703690087,4000.0,0.45
28,Zprime_4000GeV_060,0.8165409912422219,4000.0,0.6
29,Zprime_4000GeV_075,0.7763969156421227,4000.0,0.75
