,name,auc,mass,nu
0,Zprime_1500GeV_015,0.887600815398399,1500.0,0.15
1,Zprime_1500GeV_030,0.8843956760749577,1500.0,0.3
2,Zprime_1500GeV_045,0.8657559395971792,1500.0,0.45
3,Zprime_1500GeV_060,0.8444210778445179,1500.0,0.6
4,Zprime_1500GeV_075,0.8140323169814564,1500.0,0.75
5,Zprime_2000GeV_015,0.8887093566856901,2000.0,0.15
6,Zprime_2000GeV_030,0.8739075433773627,2000.0,0.3
7,Zprime_2000GeV_045,0.8532875652678399,2000.0,0.45
8,Zprime_2000GeV_060,0.8312807423865239,2000.0,0.6
9,Zprime_2000GeV_075,0.8081320435118026,2000.0,0.75
10,Zprime_2500GeV_015,0.8826696702260309,2500.0,0.15
11,Zprime_2500GeV_030,0.8669031593987434,2500.0,0.3
12,Zprime_2500GeV_045,0.8502039591265332,2500.0,0.45
13,Zprime_2500GeV_060,0.8292472742248909,2500.0,0.6
14,Zprime_2500GeV_075,0.7940818839462283,2500.0,0.75
15,Zprime_3000GeV_015,0.8854069479880852,3000.0,0.15
16,Zprime_3000GeV_030,0.8662107948190639,3000.0,0.3
17,Zprime_3000GeV_045,0.8457976384811345,3000.0,0.45
18,Zprime_3000GeV_060,0.8185163532107855,3000.0,0.6
19,Zprime_3000GeV_075,0.7880794639795874,3000.0,0.75
20,Zprime_3500GeV_015,0.8786960522146613,3500.0,0.15
21,Zprime_3500GeV_030,0.8699236423171373,3500.0,0.3
22,Zprime_3500GeV_045,0.8451857699602987,3500.0,0.45
23,Zprime_3500GeV_060,0.8202719563674989,3500.0,0.6
24,Zprime_3500GeV_075,0.787083650271815,3500.0,0.75
25,Zprime_4000GeV_015,0.8851725868675654,4000.0,0.15
26,Zprime_4000GeV_030,0.8722107768011623,4000.0,0.3
27,Zprime_4000GeV_045,0.8446383735177503,4000.0,0.45
28,Zprime_4000GeV_060,0.8175552063305741,4000.0,0.6
29,Zprime_4000GeV_075,0.7752148185047315,4000.0,0.75
