,name,auc,mass,nu
0,Zprime_1500GeV_015,0.8827682626165806,1500.0,0.15
1,Zprime_1500GeV_030,0.8799390754237852,1500.0,0.3
2,Zprime_1500GeV_045,0.8628687639130165,1500.0,0.45
3,Zprime_1500GeV_060,0.8445374437277442,1500.0,0.6
4,Zprime_1500GeV_075,0.8118027946397701,1500.0,0.75
5,Zprime_2000GeV_015,0.8822715583734753,2000.0,0.15
6,Zprime_2000GeV_030,0.8678349933637526,2000.0,0.3
7,Zprime_2000GeV_045,0.8473861393631794,2000.0,0.45
8,Zprime_2000GeV_060,0.8269499851090121,2000.0,0.6
9,Zprime_2000GeV_075,0.8081111001407739,2000.0,0.75
10,Zprime_2500GeV_015,0.8757445007605562,2500.0,0.15
11,Zprime_2500GeV_030,0.8611385030209423,2500.0,0.3
12,Zprime_2500GeV_045,0.8451078730875925,2500.0,0.45
13,Zprime_2500GeV_060,0.8237536819502805,2500.0,0.6
14,Zprime_2500GeV_075,0.7915062193969467,2500.0,0.75
15,Zprime_3000GeV_015,0.8802784457739559,3000.0,0.15
16,Zprime_3000GeV_030,0.860541423295167,3000.0,0.3
17,Zprime_3000GeV_045,0.8405627793320675,3000.0,0.45
18,Zprime_3000GeV_060,0.8127850924516475,3000.0,0.6
19,Zprime_3000GeV_075,0.786427877247823,3000.0,0.75
20,Zprime_3500GeV_015,0.8749546233808775,3500.0,0.15
21,Zprime_3500GeV_030,0.8631338138996372,3500.0,0.3
22,Zprime_3500GeV_045,0.8387731708666137,3500.0,0.45
23,Zprime_3500GeV_060,0.8152066167310384,3500.0,0.6
24,Zprime_3500GeV_075,0.7814250521068351,3500.0,0.75
25,Zprime_4000GeV_015,0.8743577803861007,4000.0,0.15
26,Zprime_4000GeV_030,0.8653257252209188,4000.0,0.3
27,Zprime_4000GeV_045,0.8386958083204801,4000.0,0.45
28,Zprime_4000GeV_060,0.8118794896987078,4000.0,0.6
29,Zprime_4000GeV_075,0.7766242886424504,4000.0,0.75
