,name,auc,mass,nu
0,Zprime_1500GeV_015,0.8914105000294283,1500.0,0.15
1,Zprime_1500GeV_030,0.892473512432196,1500.0,0.3
2,Zprime_1500GeV_045,0.8706815221524926,1500.0,0.45
3,Zprime_1500GeV_060,0.8539134940659329,1500.0,0.6
4,Zprime_1500GeV_075,0.8241543958523266,1500.0,0.75
5,Zprime_2000GeV_015,0.8930725087480079,2000.0,0.15
6,Zprime_2000GeV_030,0.8782913989430168,2000.0,0.3
7,Zprime_2000GeV_045,0.8598704255466012,2000.0,0.45
8,Zprime_2000GeV_060,0.8382554763535939,2000.0,0.6
9,Zprime_2000GeV_075,0.8179358757497794,2000.0,0.75
10,Zprime_2500GeV_015,0.8866644089911109,2500.0,0.15
11,Zprime_2500GeV_030,0.8713892962568337,2500.0,0.3
12,Zprime_2500GeV_045,0.8556863867521054,2500.0,0.45
13,Zprime_2500GeV_060,0.8342205551717143,2500.0,0.6
14,Zprime_2500GeV_075,0.8012170947107591,2500.0,0.75
15,Zprime_3000GeV_015,0.8911393471112626,3000.0,0.15
16,Zprime_3000GeV_030,0.8714695418863398,3000.0,0.3
17,Zprime_3000GeV_045,0.8512907899962965,3000.0,0.45
18,Zprime_3000GeV_060,0.8254156250998883,3000.0,0.6
19,Zprime_3000GeV_075,0.795166243259278,3000.0,0.75
20,Zprime_3500GeV_015,0.8846072332278374,3500.0,0.15
21,Zprime_3500GeV_030,0.876026008889975,3500.0,0.3
22,Zprime_3500GeV_045,0.8506917341147043,3500.0,0.45
23,Zprime_3500GeV_060,0.8246338212746505,3500.0,0.6
24,Zprime_3500GeV_075,0.7924564236446852,3500.0,0.75
25,Zprime_4000GeV_015,0.8868014434850089,4000.0,0.15
26,Zprime_4000GeV_030,0.8779974103198014,4000.0,0.3
27,Zprime_4000GeV_045,0.8502434738085225,4000.0,0.45
28,Zprime_4000GeV_060,0.8234342592164495,4000.0,0.6
29,Zprime_4000GeV_075,0.783941833758719,4000.0,0.75
