,name,auc,mass,nu
0,Zprime_1500GeV_015,0.8794734570444425,1500.0,0.15
1,Zprime_1500GeV_030,0.8694944377692744,1500.0,0.3
2,Zprime_1500GeV_045,0.8436522053109053,1500.0,0.45
3,Zprime_1500GeV_060,0.8225587903726015,1500.0,0.6
4,Zprime_1500GeV_075,0.7827366825142883,1500.0,0.75
5,Zprime_2000GeV_015,0.8810393964382077,2000.0,0.15
6,Zprime_2000GeV_030,0.8658740717108633,2000.0,0.3
7,Zprime_2000GeV_045,0.840570093747617,2000.0,0.45
8,Zprime_2000GeV_060,0.8170221299019097,2000.0,0.6
9,Zprime_2000GeV_075,0.7941730600613268,2000.0,0.75
10,Zprime_2500GeV_015,0.8768004579211849,2500.0,0.15
11,Zprime_2500GeV_030,0.8599716617766836,2500.0,0.3
12,Zprime_2500GeV_045,0.8400151231049428,2500.0,0.45
13,Zprime_2500GeV_060,0.8125851969374197,2500.0,0.6
14,Zprime_2500GeV_075,0.7784549546059987,2500.0,0.75
15,Zprime_3000GeV_015,0.8831085843433173,3000.0,0.15
16,Zprime_3000GeV_030,0.8579704329229697,3000.0,0.3
17,Zprime_3000GeV_045,0.8359656807448149,3000.0,0.45
18,Zprime_3000GeV_060,0.8052267638632362,3000.0,0.6
19,Zprime_3000GeV_075,0.7719383012989688,3000.0,0.75
20,Zprime_3500GeV_015,0.8786980727400838,3500.0,0.15
21,Zprime_3500GeV_030,0.8628203571001606,3500.0,0.3
22,Zprime_3500GeV_045,0.8349533100116803,3500.0,0.45
23,Zprime_3500GeV_060,0.8072248398705524,3500.0,0.6
24,Zprime_3500GeV_075,0.7668072047100281,3500.0,0.75
25,Zprime_4000GeV_015,0.8811462983285294,4000.0,0.15
26,Zprime_4000GeV_030,0.8708652919904524,4000.0,0.3
27,Zprime_4000GeV_045,0.835817439666782,4000.0,0.45
28,Zprime_4000GeV_060,0.8070232963373651,4000.0,0.6
29,Zprime_4000GeV_075,0.759931178037393,4000.0,0.75
