,name,auc,mass,nu
0,Zprime_1500GeV_015,0.8793239797944127,1500.0,0.15
1,Zprime_1500GeV_030,0.8701841025982439,1500.0,0.3
2,Zprime_1500GeV_045,0.853045382281454,1500.0,0.45
3,Zprime_1500GeV_060,0.832150810184661,1500.0,0.6
4,Zprime_1500GeV_075,0.7956396994784155,1500.0,0.75
5,Zprime_2000GeV_015,0.8779010577725697,2000.0,0.15
6,Zprime_2000GeV_030,0.8644791771575391,2000.0,0.3
7,Zprime_2000GeV_045,0.8409814434824575,2000.0,0.45
8,Zprime_2000GeV_060,0.8180158387001281,2000.0,0.6
9,Zprime_2000GeV_075,0.7987322551395803,2000.0,0.75
10,Zprime_2500GeV_015,0.8752765043713938,2500.0,0.15
11,Zprime_2500GeV_030,0.858904204183856,2500.0,0.3
12,Zprime_2500GeV_045,0.8396250777077836,2500.0,0.45
13,Zprime_2500GeV_060,0.8156112220968108,2500.0,0.6
14,Zprime_2500GeV_075,0.7823646912417516,2500.0,0.75
15,Zprime_3000GeV_015,0.8808088849535534,3000.0,0.15
16,Zprime_3000GeV_030,0.8581555661168406,3000.0,0.3
17,Zprime_3000GeV_045,0.8363528263704761,3000.0,0.45
18,Zprime_3000GeV_060,0.807356673644964,3000.0,0.6
19,Zprime_3000GeV_075,0.7763330446140952,3000.0,0.75
20,Zprime_3500GeV_015,0.8771102075386339,3500.0,0.15
21,Zprime_3500GeV_030,0.8630468315700984,3500.0,0.3
22,Zprime_3500GeV_045,0.8359891852519576,3500.0,0.45
23,Zprime_3500GeV_060,0.810660064254088,3500.0,0.6
24,Zprime_3500GeV_075,0.7698364812307956,3500.0,0.75
25,Zprime_4000GeV_015,0.8799868799081615,4000.0,0.15
26,Zprime_4000GeV_030,0.8692807414438716,4000.0,0.3
27,Zprime_4000GeV_045,0.8371638657725111,4000.0,0.45
28,Zprime_4000GeV_060,0.8088449512592896,4000.0,0.6
29,Zprime_4000GeV_075,0.7650376994383943,4000.0,0.75
