,name,auc,mass,nu
0,Zprime_1500GeV_015,0.8734708944438372,1500.0,0.15
1,Zprime_1500GeV_030,0.8676344166130364,1500.0,0.3
2,Zprime_1500GeV_045,0.8439710015153526,1500.0,0.45
3,Zprime_1500GeV_060,0.8260644810361878,1500.0,0.6
4,Zprime_1500GeV_075,0.7876404038171588,1500.0,0.75
5,Zprime_2000GeV_015,0.8738727142427688,2000.0,0.15
6,Zprime_2000GeV_030,0.8599482381743045,2000.0,0.3
7,Zprime_2000GeV_045,0.8352027807299122,2000.0,0.45
8,Zprime_2000GeV_060,0.8104482266837632,2000.0,0.6
9,Zprime_2000GeV_075,0.7870298065875152,2000.0,0.75
10,Zprime_2500GeV_015,0.8711360269215708,2500.0,0.15
11,Zprime_2500GeV_030,0.8546133854580886,2500.0,0.3
12,Zprime_2500GeV_045,0.8352905949323152,2500.0,0.45
13,Zprime_2500GeV_060,0.8081145892767247,2500.0,0.6
14,Zprime_2500GeV_075,0.7720135442410678,2500.0,0.75
15,Zprime_3000GeV_015,0.8757643532767152,3000.0,0.15
16,Zprime_3000GeV_030,0.8512008178106678,3000.0,0.3
17,Zprime_3000GeV_045,0.8301568947298965,3000.0,0.45
18,Zprime_3000GeV_060,0.7994826979988192,3000.0,0.6
19,Zprime_3000GeV_075,0.7671270803749541,3000.0,0.75
20,Zprime_3500GeV_015,0.8685429119676061,3500.0,0.15
21,Zprime_3500GeV_030,0.8555101102922447,3500.0,0.3
22,Zprime_3500GeV_045,0.8279267032482371,3500.0,0.45
23,Zprime_3500GeV_060,0.8005877711892742,3500.0,0.6
24,Zprime_3500GeV_075,0.7613951309654269,3500.0,0.75
25,Zprime_4000GeV_015,0.8688206159619841,4000.0,0.15
26,Zprime_4000GeV_030,0.8598960352501567,4000.0,0.3
27,Zprime_4000GeV_045,0.8275463628165313,4000.0,0.45
28,Zprime_4000GeV_060,0.8009233196525957,4000.0,0.6
29,Zprime_4000GeV_075,0.7562032613456786,4000.0,0.75
