,name,auc,mass,nu
0,Zprime_1500GeV_015,0.8863413527877974,1500.0,0.15
1,Zprime_1500GeV_030,0.8770665507406269,1500.0,0.3
2,Zprime_1500GeV_045,0.8557009008545999,1500.0,0.45
3,Zprime_1500GeV_060,0.8341557636307622,1500.0,0.6
4,Zprime_1500GeV_075,0.7934054331753035,1500.0,0.75
5,Zprime_2000GeV_015,0.8857575000039305,2000.0,0.15
6,Zprime_2000GeV_030,0.8713983357728052,2000.0,0.3
7,Zprime_2000GeV_045,0.8477926306740164,2000.0,0.45
8,Zprime_2000GeV_060,0.8245205239987579,2000.0,0.6
9,Zprime_2000GeV_075,0.8009305611200551,2000.0,0.75
10,Zprime_2500GeV_015,0.8805754724492025,2500.0,0.15
11,Zprime_2500GeV_030,0.8651290871292744,2500.0,0.3
12,Zprime_2500GeV_045,0.8453315044389776,2500.0,0.45
13,Zprime_2500GeV_060,0.8204321632705623,2500.0,0.6
14,Zprime_2500GeV_075,0.7843991616734308,2500.0,0.75
15,Zprime_3000GeV_015,0.8823940349784122,3000.0,0.15
16,Zprime_3000GeV_030,0.8606871708430415,3000.0,0.3
17,Zprime_3000GeV_045,0.8399544103343555,3000.0,0.45
18,Zprime_3000GeV_060,0.8108697833807874,3000.0,0.6
19,Zprime_3000GeV_075,0.779497395806011,3000.0,0.75
20,Zprime_3500GeV_015,0.8745021474046815,3500.0,0.15
21,Zprime_3500GeV_030,0.8621082459290562,3500.0,0.3
22,Zprime_3500GeV_045,0.8367549372900915,3500.0,0.45
23,Zprime_3500GeV_060,0.8119685084035875,3500.0,0.6
24,Zprime_3500GeV_075,0.7729288123939062,3500.0,0.75
25,Zprime_4000GeV_015,0.87605936388666,4000.0,0.15
26,Zprime_4000GeV_030,0.8661958401389234,4000.0,0.3
27,Zprime_4000GeV_045,0.8356387143022329,4000.0,0.45
28,Zprime_4000GeV_060,0.8094471604017033,4000.0,0.6
29,Zprime_4000GeV_075,0.767671001231858,4000.0,0.75
