,name,auc,mass,nu
0,Zprime_1500GeV_015,0.8813430904608289,1500.0,0.15
1,Zprime_1500GeV_030,0.8795655785258899,1500.0,0.3
2,Zprime_1500GeV_045,0.8597123740038441,1500.0,0.45
3,Zprime_1500GeV_060,0.8398728911580685,1500.0,0.6
4,Zprime_1500GeV_075,0.8091345953945065,1500.0,0.75
5,Zprime_2000GeV_015,0.8825165894113095,2000.0,0.15
6,Zprime_2000GeV_030,0.8691115026622559,2000.0,0.3
7,Zprime_2000GeV_045,0.8495645673140826,2000.0,0.45
8,Zprime_2000GeV_060,0.8274839798102918,2000.0,0.6
9,Zprime_2000GeV_075,0.8037206306620199,2000.0,0.75
10,Zprime_2500GeV_015,0.8754683045683399,2500.0,0.15
11,Zprime_2500GeV_030,0.8605136771800318,2500.0,0.3
12,Zprime_2500GeV_045,0.845372319905628,2500.0,0.45
13,Zprime_2500GeV_060,0.8245465290012791,2500.0,0.6
14,Zprime_2500GeV_075,0.7905740800668692,2500.0,0.75
15,Zprime_3000GeV_015,0.8794414118910362,3000.0,0.15
16,Zprime_3000GeV_030,0.8611171026804296,3000.0,0.3
17,Zprime_3000GeV_045,0.8418283457819199,3000.0,0.45
18,Zprime_3000GeV_060,0.8148057647419866,3000.0,0.6
19,Zprime_3000GeV_075,0.786236844158405,3000.0,0.75
20,Zprime_3500GeV_015,0.8743973722068793,3500.0,0.15
21,Zprime_3500GeV_030,0.8651088868537034,3500.0,0.3
22,Zprime_3500GeV_045,0.8415085681539772,3500.0,0.45
23,Zprime_3500GeV_060,0.8158434020217418,3500.0,0.6
24,Zprime_3500GeV_075,0.7833828724295753,3500.0,0.75
25,Zprime_4000GeV_015,0.8816143619928004,4000.0,0.15
26,Zprime_4000GeV_030,0.8683054122560844,4000.0,0.3
27,Zprime_4000GeV_045,0.8431828040068087,4000.0,0.45
28,Zprime_4000GeV_060,0.815918241963691,4000.0,0.6
29,Zprime_4000GeV_075,0.7768531944631519,4000.0,0.75
