,name,auc,mass,nu
0,Zprime_1500GeV_015,0.8849705996933849,1500.0,0.15
1,Zprime_1500GeV_030,0.8825527611426907,1500.0,0.3
2,Zprime_1500GeV_045,0.8662065700570308,1500.0,0.45
3,Zprime_1500GeV_060,0.8443948833937315,1500.0,0.6
4,Zprime_1500GeV_075,0.8070782276448492,1500.0,0.75
5,Zprime_2000GeV_015,0.8876779408743193,2000.0,0.15
6,Zprime_2000GeV_030,0.8736520845012495,2000.0,0.3
7,Zprime_2000GeV_045,0.8524608250345556,2000.0,0.45
8,Zprime_2000GeV_060,0.8292285977369993,2000.0,0.6
9,Zprime_2000GeV_075,0.806122137206642,2000.0,0.75
10,Zprime_2500GeV_015,0.8819991399846638,2500.0,0.15
11,Zprime_2500GeV_030,0.8663173870694278,2500.0,0.3
12,Zprime_2500GeV_045,0.8491190420989816,2500.0,0.45
13,Zprime_2500GeV_060,0.8261376591375411,2500.0,0.6
14,Zprime_2500GeV_075,0.7890617415156855,2500.0,0.75
15,Zprime_3000GeV_015,0.8859298426820559,3000.0,0.15
16,Zprime_3000GeV_030,0.8657800165203059,3000.0,0.3
17,Zprime_3000GeV_045,0.8434766970772265,3000.0,0.45
18,Zprime_3000GeV_060,0.8158376670611512,3000.0,0.6
19,Zprime_3000GeV_075,0.7841634907334596,3000.0,0.75
20,Zprime_3500GeV_015,0.8771779681713203,3500.0,0.15
21,Zprime_3500GeV_030,0.8689870662848074,3500.0,0.3
22,Zprime_3500GeV_045,0.8426988659326323,3500.0,0.45
23,Zprime_3500GeV_060,0.8160820078708562,3500.0,0.6
24,Zprime_3500GeV_075,0.7816180192956446,3500.0,0.75
25,Zprime_4000GeV_015,0.8823951671144648,4000.0,0.15
26,Zprime_4000GeV_030,0.8699365786350931,4000.0,0.3
27,Zprime_4000GeV_045,0.8423647905927134,4000.0,0.45
28,Zprime_4000GeV_060,0.8153331595571257,4000.0,0.6
29,Zprime_4000GeV_075,0.7718655084452968,4000.0,0.75
