,name,auc,mass,nu
0,Zprime_1500GeV_015,0.8761291371332319,1500.0,0.15
1,Zprime_1500GeV_030,0.8690794632317899,1500.0,0.3
2,Zprime_1500GeV_045,0.849464607965776,1500.0,0.45
3,Zprime_1500GeV_060,0.8267665569949209,1500.0,0.6
4,Zprime_1500GeV_075,0.7909440846010175,1500.0,0.75
5,Zprime_2000GeV_015,0.8752947988730053,2000.0,0.15
6,Zprime_2000GeV_030,0.8598967896987538,2000.0,0.3
7,Zprime_2000GeV_045,0.8383688568746319,2000.0,0.45
8,Zprime_2000GeV_060,0.8161583912411033,2000.0,0.6
9,Zprime_2000GeV_075,0.7967065959741764,2000.0,0.75
10,Zprime_2500GeV_015,0.8727336653610693,2500.0,0.15
11,Zprime_2500GeV_030,0.8554573398344028,2500.0,0.3
12,Zprime_2500GeV_045,0.8369554446303704,2500.0,0.45
13,Zprime_2500GeV_060,0.8131473541011645,2500.0,0.6
14,Zprime_2500GeV_075,0.7776814233852383,2500.0,0.75
15,Zprime_3000GeV_015,0.876252518600785,3000.0,0.15
16,Zprime_3000GeV_030,0.853708716580055,3000.0,0.3
17,Zprime_3000GeV_045,0.8328954883226244,3000.0,0.45
18,Zprime_3000GeV_060,0.8027182304004161,3000.0,0.6
19,Zprime_3000GeV_075,0.769074726298523,3000.0,0.75
20,Zprime_3500GeV_015,0.8716453922380274,3500.0,0.15
21,Zprime_3500GeV_030,0.8575038318530317,3500.0,0.3
22,Zprime_3500GeV_045,0.8317358793207671,3500.0,0.45
23,Zprime_3500GeV_060,0.8051598264456126,3500.0,0.6
24,Zprime_3500GeV_075,0.767815896345001,3500.0,0.75
25,Zprime_4000GeV_015,0.875339531630414,4000.0,0.15
26,Zprime_4000GeV_030,0.8619652712899586,4000.0,0.3
27,Zprime_4000GeV_045,0.8330543750044344,4000.0,0.45
28,Zprime_4000GeV_060,0.8044413662400822,4000.0,0.6
29,Zprime_4000GeV_075,0.7613053236328656,4000.0,0.75
