,name,auc,mass,nu
0,Zprime_1500GeV_015,0.8857171684898221,1500.0,0.15
1,Zprime_1500GeV_030,0.8815524102999811,1500.0,0.3
2,Zprime_1500GeV_045,0.8627958460074866,1500.0,0.45
3,Zprime_1500GeV_060,0.8413340672091397,1500.0,0.6
4,Zprime_1500GeV_075,0.8121163844428204,1500.0,0.75
5,Zprime_2000GeV_015,0.8836736823221527,2000.0,0.15
6,Zprime_2000GeV_030,0.8689460039502257,2000.0,0.3
7,Zprime_2000GeV_045,0.8517776032167901,2000.0,0.45
8,Zprime_2000GeV_060,0.8285650234084321,2000.0,0.6
9,Zprime_2000GeV_075,0.8091774894483035,2000.0,0.75
10,Zprime_2500GeV_015,0.8772594644982399,2500.0,0.15
11,Zprime_2500GeV_030,0.8622016769664866,2500.0,0.3
12,Zprime_2500GeV_045,0.8460952406770229,2500.0,0.45
13,Zprime_2500GeV_060,0.8240016828450458,2500.0,0.6
14,Zprime_2500GeV_075,0.7928396411725571,2500.0,0.75
15,Zprime_3000GeV_015,0.8809514056465108,3000.0,0.15
16,Zprime_3000GeV_030,0.8618295561153553,3000.0,0.3
17,Zprime_3000GeV_045,0.841109029653551,3000.0,0.45
18,Zprime_3000GeV_060,0.8146433605989918,3000.0,0.6
19,Zprime_3000GeV_075,0.7856312332128241,3000.0,0.75
20,Zprime_3500GeV_015,0.8752003606564849,3500.0,0.15
21,Zprime_3500GeV_030,0.8652131967884316,3500.0,0.3
22,Zprime_3500GeV_045,0.8398110361359898,3500.0,0.45
23,Zprime_3500GeV_060,0.8143808340985156,3500.0,0.6
24,Zprime_3500GeV_075,0.7806465007842884,3500.0,0.75
25,Zprime_4000GeV_015,0.8792929875530414,4000.0,0.15
26,Zprime_4000GeV_030,0.869104567833309,4000.0,0.3
27,Zprime_4000GeV_045,0.8392216230830645,4000.0,0.45
28,Zprime_4000GeV_060,0.8142083161660634,4000.0,0.6
29,Zprime_4000GeV_075,0.7748590369612879,4000.0,0.75
