,name,auc,mass,nu
0,Zprime_1500GeV_015,0.8793622833397328,1500.0,0.15
1,Zprime_1500GeV_030,0.8690230589257238,1500.0,0.3
2,Zprime_1500GeV_045,0.847195751960959,1500.0,0.45
3,Zprime_1500GeV_060,0.8254820048434941,1500.0,0.6
4,Zprime_1500GeV_075,0.7878630211834622,1500.0,0.75
5,Zprime_2000GeV_015,0.8828351628004354,2000.0,0.15
6,Zprime_2000GeV_030,0.86544320672844,2000.0,0.3
7,Zprime_2000GeV_045,0.8404306351110601,2000.0,0.45
8,Zprime_2000GeV_060,0.8158229151508248,2000.0,0.6
9,Zprime_2000GeV_075,0.7909638057749849,2000.0,0.75
10,Zprime_2500GeV_015,0.8780364969534459,2500.0,0.15
11,Zprime_2500GeV_030,0.8620343770230056,2500.0,0.3
12,Zprime_2500GeV_045,0.841814917593368,2500.0,0.45
13,Zprime_2500GeV_060,0.813801059023777,2500.0,0.6
14,Zprime_2500GeV_075,0.7750795296312383,2500.0,0.75
15,Zprime_3000GeV_015,0.8826451303016769,3000.0,0.15
16,Zprime_3000GeV_030,0.8587289530025602,3000.0,0.3
17,Zprime_3000GeV_045,0.8370341285903466,3000.0,0.45
18,Zprime_3000GeV_060,0.8051304406115465,3000.0,0.6
19,Zprime_3000GeV_075,0.7712555236929604,3000.0,0.75
20,Zprime_3500GeV_015,0.8754771726393399,3500.0,0.15
21,Zprime_3500GeV_030,0.8601957940688465,3500.0,0.3
22,Zprime_3500GeV_045,0.8348018260209435,3500.0,0.45
23,Zprime_3500GeV_060,0.8083720300118816,3500.0,0.6
24,Zprime_3500GeV_075,0.7671875631191044,3500.0,0.75
25,Zprime_4000GeV_015,0.8767349996265852,4000.0,0.15
26,Zprime_4000GeV_030,0.8645781979312218,4000.0,0.3
27,Zprime_4000GeV_045,0.8342666127573599,4000.0,0.45
28,Zprime_4000GeV_060,0.8075183076443389,4000.0,0.6
29,Zprime_4000GeV_075,0.7607799842866403,4000.0,0.75
