,name,auc,mass,nu
0,Zprime_1500GeV_015,0.8721594651330302,1500.0,0.15
1,Zprime_1500GeV_030,0.8727073697047321,1500.0,0.3
2,Zprime_1500GeV_045,0.853974920852775,1500.0,0.45
3,Zprime_1500GeV_060,0.8304850371476118,1500.0,0.6
4,Zprime_1500GeV_075,0.7933751555391471,1500.0,0.75
5,Zprime_2000GeV_015,0.87914424821226,2000.0,0.15
6,Zprime_2000GeV_030,0.8632392424429153,2000.0,0.3
7,Zprime_2000GeV_045,0.844311574629481,2000.0,0.45
8,Zprime_2000GeV_060,0.8201941599601434,2000.0,0.6
9,Zprime_2000GeV_075,0.7992995394362317,2000.0,0.75
10,Zprime_2500GeV_015,0.8725116786378492,2500.0,0.15
11,Zprime_2500GeV_030,0.8561733815695283,2500.0,0.3
12,Zprime_2500GeV_045,0.838602573827845,2500.0,0.45
13,Zprime_2500GeV_060,0.8164439891160128,2500.0,0.6
14,Zprime_2500GeV_075,0.7847701098269368,2500.0,0.75
15,Zprime_3000GeV_015,0.874856277548813,3000.0,0.15
16,Zprime_3000GeV_030,0.8563060278700833,3000.0,0.3
17,Zprime_3000GeV_045,0.8329365259573764,3000.0,0.45
18,Zprime_3000GeV_060,0.8053626240900797,3000.0,0.6
19,Zprime_3000GeV_075,0.7766618745404165,3000.0,0.75
20,Zprime_3500GeV_015,0.8695734286203385,3500.0,0.15
21,Zprime_3500GeV_030,0.8580886631212954,3500.0,0.3
22,Zprime_3500GeV_045,0.8333485468268167,3500.0,0.45
23,Zprime_3500GeV_060,0.8064839940141352,3500.0,0.6
24,Zprime_3500GeV_075,0.7751016889060788,3500.0,0.75
25,Zprime_4000GeV_015,0.8743387307712113,4000.0,0.15
26,Zprime_4000GeV_030,0.8620164929066005,4000.0,0.3
27,Zprime_4000GeV_045,0.832727590472917,4000.0,0.45
28,Zprime_4000GeV_060,0.8050862684863571,4000.0,0.6
29,Zprime_4000GeV_075,0.7642758319737913,4000.0,0.75
