,name,auc,mass,nu
0,Zprime_1500GeV_015,0.8808214382140459,1500.0,0.15
1,Zprime_1500GeV_030,0.8733947228818135,1500.0,0.3
2,Zprime_1500GeV_045,0.8510914789167869,1500.0,0.45
3,Zprime_1500GeV_060,0.830126076155353,1500.0,0.6
4,Zprime_1500GeV_075,0.7968099929035918,1500.0,0.75
5,Zprime_2000GeV_015,0.8787017408653734,2000.0,0.15
6,Zprime_2000GeV_030,0.8648828885408244,2000.0,0.3
7,Zprime_2000GeV_045,0.8405327000458461,2000.0,0.45
8,Zprime_2000GeV_060,0.8193379246724379,2000.0,0.6
9,Zprime_2000GeV_075,0.7945466408419488,2000.0,0.75
10,Zprime_2500GeV_015,0.878042149410557,2500.0,0.15
11,Zprime_2500GeV_030,0.8607782164225853,2500.0,0.3
12,Zprime_2500GeV_045,0.8412231379828081,2500.0,0.45
13,Zprime_2500GeV_060,0.8138142566684624,2500.0,0.6
14,Zprime_2500GeV_075,0.7778802017383514,2500.0,0.75
15,Zprime_3000GeV_015,0.883043388444028,3000.0,0.15
16,Zprime_3000GeV_030,0.8608010450895761,3000.0,0.3
17,Zprime_3000GeV_045,0.8387572840384312,3000.0,0.45
18,Zprime_3000GeV_060,0.8073885954628117,3000.0,0.6
19,Zprime_3000GeV_075,0.7721192419520322,3000.0,0.75
20,Zprime_3500GeV_015,0.876407040347994,3500.0,0.15
21,Zprime_3500GeV_030,0.8652232167255771,3500.0,0.3
22,Zprime_3500GeV_045,0.8374927731256353,3500.0,0.45
23,Zprime_3500GeV_060,0.8107300420355658,3500.0,0.6
24,Zprime_3500GeV_075,0.7700608736758418,3500.0,0.75
25,Zprime_4000GeV_015,0.8797917667388225,4000.0,0.15
26,Zprime_4000GeV_030,0.8687212474226523,4000.0,0.3
27,Zprime_4000GeV_045,0.8374288089578539,4000.0,0.45
28,Zprime_4000GeV_060,0.8100388562712892,4000.0,0.6
29,Zprime_4000GeV_075,0.7619891984099134,4000.0,0.75
