,name,auc,mass,nu
0,Zprime_1500GeV_015,0.8760226345925857,1500.0,0.15
1,Zprime_1500GeV_030,0.8654581614785273,1500.0,0.3
2,Zprime_1500GeV_045,0.8466076317153794,1500.0,0.45
3,Zprime_1500GeV_060,0.8250140620004325,1500.0,0.6
4,Zprime_1500GeV_075,0.7922839048830153,1500.0,0.75
5,Zprime_2000GeV_015,0.8708339397301803,2000.0,0.15
6,Zprime_2000GeV_030,0.8562764691057152,2000.0,0.3
7,Zprime_2000GeV_045,0.8337704869091619,2000.0,0.45
8,Zprime_2000GeV_060,0.8123887133313433,2000.0,0.6
9,Zprime_2000GeV_075,0.7896451213777148,2000.0,0.75
10,Zprime_2500GeV_015,0.8671007137369621,2500.0,0.15
11,Zprime_2500GeV_030,0.8511431962192963,2500.0,0.3
12,Zprime_2500GeV_045,0.8326573169880234,2500.0,0.45
13,Zprime_2500GeV_060,0.808178484481612,2500.0,0.6
14,Zprime_2500GeV_075,0.775217517467011,2500.0,0.75
15,Zprime_3000GeV_015,0.8706163508347096,3000.0,0.15
16,Zprime_3000GeV_030,0.84827918585451,3000.0,0.3
17,Zprime_3000GeV_045,0.8281490696287239,3000.0,0.45
18,Zprime_3000GeV_060,0.7986648446553988,3000.0,0.6
19,Zprime_3000GeV_075,0.7693579405713308,3000.0,0.75
20,Zprime_3500GeV_015,0.8643135749316964,3500.0,0.15
21,Zprime_3500GeV_030,0.8524025385096189,3500.0,0.3
22,Zprime_3500GeV_045,0.8269286013640293,3500.0,0.45
23,Zprime_3500GeV_060,0.80153466895936,3500.0,0.6
24,Zprime_3500GeV_075,0.76160318227723,3500.0,0.75
25,Zprime_4000GeV_015,0.868378404087762,4000.0,0.15
26,Zprime_4000GeV_030,0.8575218338761161,4000.0,0.3
27,Zprime_4000GeV_045,0.8269117236926525,4000.0,0.45
28,Zprime_4000GeV_060,0.7994162692999411,4000.0,0.6
29,Zprime_4000GeV_075,0.7570751295741833,4000.0,0.75
