,name,auc,mass,nu
0,Zprime_1500GeV_015,0.8276290245581781,1500.0,0.15
1,Zprime_1500GeV_030,0.8021015293360512,1500.0,0.3
2,Zprime_1500GeV_045,0.7794073575264842,1500.0,0.45
3,Zprime_1500GeV_060,0.7566510728837417,1500.0,0.6
4,Zprime_1500GeV_075,0.7013580008165194,1500.0,0.75
5,Zprime_2000GeV_015,0.8178430811071078,2000.0,0.15
6,Zprime_2000GeV_030,0.8012008546949471,2000.0,0.3
7,Zprime_2000GeV_045,0.7746869929435909,2000.0,0.45
8,Zprime_2000GeV_060,0.7475817311888415,2000.0,0.6
9,Zprime_2000GeV_075,0.7167032586344033,2000.0,0.75
10,Zprime_2500GeV_015,0.8183242632443083,2500.0,0.15
11,Zprime_2500GeV_030,0.7983896905041068,2500.0,0.3
12,Zprime_2500GeV_045,0.7769335453909336,2500.0,0.45
13,Zprime_2500GeV_060,0.7452317803644484,2500.0,0.6
14,Zprime_2500GeV_075,0.706736613560927,2500.0,0.75
15,Zprime_3000GeV_015,0.8273619595359306,3000.0,0.15
16,Zprime_3000GeV_030,0.7996931849611506,3000.0,0.3
17,Zprime_3000GeV_045,0.773867395770219,3000.0,0.45
18,Zprime_3000GeV_060,0.7410340981036949,3000.0,0.6
19,Zprime_3000GeV_075,0.7074703760547568,3000.0,0.75
20,Zprime_3500GeV_015,0.8263921225410205,3500.0,0.15
21,Zprime_3500GeV_030,0.8092682479251739,3500.0,0.3
22,Zprime_3500GeV_045,0.7740767204201424,3500.0,0.45
23,Zprime_3500GeV_060,0.7477841346695419,3500.0,0.6
24,Zprime_3500GeV_075,0.7077558606759922,3500.0,0.75
25,Zprime_4000GeV_015,0.8353095061948608,4000.0,0.15
26,Zprime_4000GeV_030,0.8169524976628719,4000.0,0.3
27,Zprime_4000GeV_045,0.7799726606708591,4000.0,0.45
28,Zprime_4000GeV_060,0.750076703370789,4000.0,0.6
29,Zprime_4000GeV_075,0.705699742394208,4000.0,0.75
