,name,auc,mass,nu
0,Zprime_1500GeV_015,0.8668098144893904,1500.0,0.15
1,Zprime_1500GeV_030,0.8591920657766676,1500.0,0.3
2,Zprime_1500GeV_045,0.8337831401722642,1500.0,0.45
3,Zprime_1500GeV_060,0.8120734104334113,1500.0,0.6
4,Zprime_1500GeV_075,0.7721838100875038,1500.0,0.75
5,Zprime_2000GeV_015,0.8702801447477533,2000.0,0.15
6,Zprime_2000GeV_030,0.8518375212597236,2000.0,0.3
7,Zprime_2000GeV_045,0.826141658333186,2000.0,0.45
8,Zprime_2000GeV_060,0.8016929060181879,2000.0,0.6
9,Zprime_2000GeV_075,0.7769401336005745,2000.0,0.75
10,Zprime_2500GeV_015,0.8691879361411854,2500.0,0.15
11,Zprime_2500GeV_030,0.8511954395208733,2500.0,0.3
12,Zprime_2500GeV_045,0.829775747143955,2500.0,0.45
13,Zprime_2500GeV_060,0.8006327093303787,2500.0,0.6
14,Zprime_2500GeV_075,0.760041727738308,2500.0,0.75
15,Zprime_3000GeV_015,0.8748951460791341,3000.0,0.15
16,Zprime_3000GeV_030,0.84912059868681,3000.0,0.3
17,Zprime_3000GeV_045,0.8262566611035773,3000.0,0.45
18,Zprime_3000GeV_060,0.7938588982652333,3000.0,0.6
19,Zprime_3000GeV_075,0.7561730737770265,3000.0,0.75
20,Zprime_3500GeV_015,0.8685007608860554,3500.0,0.15
21,Zprime_3500GeV_030,0.8537299553300521,3500.0,0.3
22,Zprime_3500GeV_045,0.8257513224673281,3500.0,0.45
23,Zprime_3500GeV_060,0.7954856601034638,3500.0,0.6
24,Zprime_3500GeV_075,0.7538266292786696,3500.0,0.75
25,Zprime_4000GeV_015,0.87264229295756,4000.0,0.15
26,Zprime_4000GeV_030,0.858934599074712,4000.0,0.3
27,Zprime_4000GeV_045,0.8243628742326291,4000.0,0.45
28,Zprime_4000GeV_060,0.7944698341689934,4000.0,0.6
29,Zprime_4000GeV_075,0.746266530318114,4000.0,0.75
