,name,auc,mass,nu
0,Zprime_1500GeV_015,0.8888478994242324,1500.0,0.15
1,Zprime_1500GeV_030,0.8817191794718972,1500.0,0.3
2,Zprime_1500GeV_045,0.8613054764970984,1500.0,0.45
3,Zprime_1500GeV_060,0.8466354791008167,1500.0,0.6
4,Zprime_1500GeV_075,0.8117554945537927,1500.0,0.75
5,Zprime_2000GeV_015,0.888761867405613,2000.0,0.15
6,Zprime_2000GeV_030,0.8735780222489185,2000.0,0.3
7,Zprime_2000GeV_045,0.8549287047669791,2000.0,0.45
8,Zprime_2000GeV_060,0.8293154025588958,2000.0,0.6
9,Zprime_2000GeV_075,0.8073062309792712,2000.0,0.75
10,Zprime_2500GeV_015,0.8849539844891767,2500.0,0.15
11,Zprime_2500GeV_030,0.8691186243486011,2500.0,0.3
12,Zprime_2500GeV_045,0.8523732730720732,2500.0,0.45
13,Zprime_2500GeV_060,0.8280067028918757,2500.0,0.6
14,Zprime_2500GeV_075,0.7930126916022405,2500.0,0.75
15,Zprime_3000GeV_015,0.8904297037233495,3000.0,0.15
16,Zprime_3000GeV_030,0.8689689791154904,3000.0,0.3
17,Zprime_3000GeV_045,0.8488757540110248,3000.0,0.45
18,Zprime_3000GeV_060,0.820654072166566,3000.0,0.6
19,Zprime_3000GeV_075,0.7881693244423178,3000.0,0.75
20,Zprime_3500GeV_015,0.8845703768966404,3500.0,0.15
21,Zprime_3500GeV_030,0.8746893661386357,3500.0,0.3
22,Zprime_3500GeV_045,0.8475119744886452,3500.0,0.45
23,Zprime_3500GeV_060,0.8213396727312012,3500.0,0.6
24,Zprime_3500GeV_075,0.7844700036528502,3500.0,0.75
25,Zprime_4000GeV_015,0.889634373216742,4000.0,0.15
26,Zprime_4000GeV_030,0.8775237995151121,4000.0,0.3
27,Zprime_4000GeV_045,0.8483161067088875,4000.0,0.45
28,Zprime_4000GeV_060,0.8204936063514231,4000.0,0.6
29,Zprime_4000GeV_075,0.7793784463550074,4000.0,0.75
