,name,auc,mass,nu
0,Zprime_1500GeV_015,0.8902497157596666,1500.0,0.15
1,Zprime_1500GeV_030,0.8862655382635188,1500.0,0.3
2,Zprime_1500GeV_045,0.8631838812773505,1500.0,0.45
3,Zprime_1500GeV_060,0.8476785141041487,1500.0,0.6
4,Zprime_1500GeV_075,0.8230620289699772,1500.0,0.75
5,Zprime_2000GeV_015,0.886560233851689,2000.0,0.15
6,Zprime_2000GeV_030,0.8721655145502074,2000.0,0.3
7,Zprime_2000GeV_045,0.8540777009367156,2000.0,0.45
8,Zprime_2000GeV_060,0.8322860828077276,2000.0,0.6
9,Zprime_2000GeV_075,0.8149741340301401,2000.0,0.75
10,Zprime_2500GeV_015,0.8804598902244725,2500.0,0.15
11,Zprime_2500GeV_030,0.8631725780139411,2500.0,0.3
12,Zprime_2500GeV_045,0.8477815619688742,2500.0,0.45
13,Zprime_2500GeV_060,0.8266840459879778,2500.0,0.6
14,Zprime_2500GeV_075,0.7953502746357604,2500.0,0.75
15,Zprime_3000GeV_015,0.8824629412804685,3000.0,0.15
16,Zprime_3000GeV_030,0.8634269849123601,3000.0,0.3
17,Zprime_3000GeV_045,0.8416563619020849,3000.0,0.45
18,Zprime_3000GeV_060,0.8167293559027193,3000.0,0.6
19,Zprime_3000GeV_075,0.7915344665444694,3000.0,0.75
20,Zprime_3500GeV_015,0.8748786102407434,3500.0,0.15
21,Zprime_3500GeV_030,0.8633179460545415,3500.0,0.3
22,Zprime_3500GeV_045,0.8408625154362093,3500.0,0.45
23,Zprime_3500GeV_060,0.8180601866384336,3500.0,0.6
24,Zprime_3500GeV_075,0.7884981950622059,3500.0,0.75
25,Zprime_4000GeV_015,0.8775702397717402,4000.0,0.15
26,Zprime_4000GeV_030,0.8687123384930222,4000.0,0.3
27,Zprime_4000GeV_045,0.8402462782045648,4000.0,0.45
28,Zprime_4000GeV_060,0.8132054079661013,4000.0,0.6
29,Zprime_4000GeV_075,0.7786647791237891,4000.0,0.75
