,name,auc,mass,nu
0,Zprime_1500GeV_015,0.8733647422404958,1500.0,0.15
1,Zprime_1500GeV_030,0.8669855029044915,1500.0,0.3
2,Zprime_1500GeV_045,0.8459396751485344,1500.0,0.45
3,Zprime_1500GeV_060,0.8199895782736542,1500.0,0.6
4,Zprime_1500GeV_075,0.789091846720932,1500.0,0.75
5,Zprime_2000GeV_015,0.8704652025962467,2000.0,0.15
6,Zprime_2000GeV_030,0.8561968003434427,2000.0,0.3
7,Zprime_2000GeV_045,0.8338807474633038,2000.0,0.45
8,Zprime_2000GeV_060,0.8122208079247224,2000.0,0.6
9,Zprime_2000GeV_075,0.7906292104902172,2000.0,0.75
10,Zprime_2500GeV_015,0.8663076334148248,2500.0,0.15
11,Zprime_2500GeV_030,0.8513626079710493,2500.0,0.3
12,Zprime_2500GeV_045,0.8318042322313368,2500.0,0.45
13,Zprime_2500GeV_060,0.8069777459076946,2500.0,0.6
14,Zprime_2500GeV_075,0.7749705890139138,2500.0,0.75
15,Zprime_3000GeV_015,0.8701065909665348,3000.0,0.15
16,Zprime_3000GeV_030,0.8469036055132891,3000.0,0.3
17,Zprime_3000GeV_045,0.8289212206488074,3000.0,0.45
18,Zprime_3000GeV_060,0.7984370326166887,3000.0,0.6
19,Zprime_3000GeV_075,0.766321585219302,3000.0,0.75
20,Zprime_3500GeV_015,0.8643497983272193,3500.0,0.15
21,Zprime_3500GeV_030,0.8508268858270042,3500.0,0.3
22,Zprime_3500GeV_045,0.8252161348286002,3500.0,0.45
23,Zprime_3500GeV_060,0.8004696083114442,3500.0,0.6
24,Zprime_3500GeV_075,0.7603185607769827,3500.0,0.75
25,Zprime_4000GeV_015,0.8682697102629351,4000.0,0.15
26,Zprime_4000GeV_030,0.8547103667255904,4000.0,0.3
27,Zprime_4000GeV_045,0.8260265819188787,4000.0,0.45
28,Zprime_4000GeV_060,0.7991707092846075,4000.0,0.6
29,Zprime_4000GeV_075,0.7562004186606223,4000.0,0.75
