,name,auc,mass,nu
0,Zprime_1500GeV_015,0.8845980743593266,1500.0,0.15
1,Zprime_1500GeV_030,0.8784240187764255,1500.0,0.3
2,Zprime_1500GeV_045,0.8618081048910893,1500.0,0.45
3,Zprime_1500GeV_060,0.8417127548865586,1500.0,0.6
4,Zprime_1500GeV_075,0.809612549508121,1500.0,0.75
5,Zprime_2000GeV_015,0.8843039476782228,2000.0,0.15
6,Zprime_2000GeV_030,0.8698794067872153,2000.0,0.3
7,Zprime_2000GeV_045,0.8486936068654569,2000.0,0.45
8,Zprime_2000GeV_060,0.824810826435739,2000.0,0.6
9,Zprime_2000GeV_075,0.8026824605070128,2000.0,0.75
10,Zprime_2500GeV_015,0.8807843803487879,2500.0,0.15
11,Zprime_2500GeV_030,0.8627690250607932,2500.0,0.3
12,Zprime_2500GeV_045,0.8454661970550136,2500.0,0.45
13,Zprime_2500GeV_060,0.8228528700262376,2500.0,0.6
14,Zprime_2500GeV_075,0.7856924809459596,2500.0,0.75
15,Zprime_3000GeV_015,0.8850685757463966,3000.0,0.15
16,Zprime_3000GeV_030,0.8642611322845697,3000.0,0.3
17,Zprime_3000GeV_045,0.8428684461938212,3000.0,0.45
18,Zprime_3000GeV_060,0.8141040789256244,3000.0,0.6
19,Zprime_3000GeV_075,0.7836617833091093,3000.0,0.75
20,Zprime_3500GeV_015,0.878344736399819,3500.0,0.15
21,Zprime_3500GeV_030,0.8679195565156145,3500.0,0.3
22,Zprime_3500GeV_045,0.8427332729777967,3500.0,0.45
23,Zprime_3500GeV_060,0.8158234083698909,3500.0,0.6
24,Zprime_3500GeV_075,0.782031027740175,3500.0,0.75
25,Zprime_4000GeV_015,0.8840742822903396,4000.0,0.15
26,Zprime_4000GeV_030,0.871244243053456,4000.0,0.3
27,Zprime_4000GeV_045,0.8439353298585197,4000.0,0.45
28,Zprime_4000GeV_060,0.8151261282973254,4000.0,0.6
29,Zprime_4000GeV_075,0.7733030431305833,4000.0,0.75
