,name,auc,mass,nu
0,Zprime_1500GeV_015,0.8954298031478041,1500.0,0.15
1,Zprime_1500GeV_030,0.8945556503112672,1500.0,0.3
2,Zprime_1500GeV_045,0.8698720675114382,1500.0,0.45
3,Zprime_1500GeV_060,0.8529552945883989,1500.0,0.6
4,Zprime_1500GeV_075,0.822761973409817,1500.0,0.75
5,Zprime_2000GeV_015,0.8928996301053287,2000.0,0.15
6,Zprime_2000GeV_030,0.8793380754679248,2000.0,0.3
7,Zprime_2000GeV_045,0.861309878649689,2000.0,0.45
8,Zprime_2000GeV_060,0.8372579042945039,2000.0,0.6
9,Zprime_2000GeV_075,0.8201740511995611,2000.0,0.75
10,Zprime_2500GeV_015,0.8837875638847918,2500.0,0.15
11,Zprime_2500GeV_030,0.8713701032917336,2500.0,0.3
12,Zprime_2500GeV_045,0.8554538977772461,2500.0,0.45
13,Zprime_2500GeV_060,0.8339831356484589,2500.0,0.6
14,Zprime_2500GeV_075,0.8031151488912457,2500.0,0.75
15,Zprime_3000GeV_015,0.8867082274652358,3000.0,0.15
16,Zprime_3000GeV_030,0.8696505921334858,3000.0,0.3
17,Zprime_3000GeV_045,0.8483826504030259,3000.0,0.45
18,Zprime_3000GeV_060,0.8244698662162373,3000.0,0.6
19,Zprime_3000GeV_075,0.7976293374323089,3000.0,0.75
20,Zprime_3500GeV_015,0.8825484882282728,3500.0,0.15
21,Zprime_3500GeV_030,0.8725718358173293,3500.0,0.3
22,Zprime_3500GeV_045,0.8492757075213689,3500.0,0.45
23,Zprime_3500GeV_060,0.8247406825331912,3500.0,0.6
24,Zprime_3500GeV_075,0.7929511699864629,3500.0,0.75
25,Zprime_4000GeV_015,0.8882958602208693,4000.0,0.15
26,Zprime_4000GeV_030,0.8759851271188878,4000.0,0.3
27,Zprime_4000GeV_045,0.847811128552685,4000.0,0.45
28,Zprime_4000GeV_060,0.8242957502432773,4000.0,0.6
29,Zprime_4000GeV_075,0.7864593100708612,4000.0,0.75
