,name,auc,mass,nu
0,Zprime_1500GeV_015,0.8918466699738509,1500.0,0.15
1,Zprime_1500GeV_030,0.8883239651989393,1500.0,0.3
2,Zprime_1500GeV_045,0.8683130080162476,1500.0,0.45
3,Zprime_1500GeV_060,0.8482655716308276,1500.0,0.6
4,Zprime_1500GeV_075,0.8224266869596593,1500.0,0.75
5,Zprime_2000GeV_015,0.8903839006439302,2000.0,0.15
6,Zprime_2000GeV_030,0.8758063155448587,2000.0,0.3
7,Zprime_2000GeV_045,0.8571853714089259,2000.0,0.45
8,Zprime_2000GeV_060,0.8333254812904787,2000.0,0.6
9,Zprime_2000GeV_075,0.8147478141603118,2000.0,0.75
10,Zprime_2500GeV_015,0.8855335793234562,2500.0,0.15
11,Zprime_2500GeV_030,0.8684411455538943,2500.0,0.3
12,Zprime_2500GeV_045,0.8521996983259459,2500.0,0.45
13,Zprime_2500GeV_060,0.8285810911327162,2500.0,0.6
14,Zprime_2500GeV_075,0.7965805273029356,2500.0,0.75
15,Zprime_3000GeV_015,0.8889801318156038,3000.0,0.15
16,Zprime_3000GeV_030,0.8681225782072615,3000.0,0.3
17,Zprime_3000GeV_045,0.8472852267557516,3000.0,0.45
18,Zprime_3000GeV_060,0.8197963786968254,3000.0,0.6
19,Zprime_3000GeV_075,0.7893604154310179,3000.0,0.75
20,Zprime_3500GeV_015,0.8823354688582989,3500.0,0.15
21,Zprime_3500GeV_030,0.8714839067372357,3500.0,0.3
22,Zprime_3500GeV_045,0.846453027929705,3500.0,0.45
23,Zprime_3500GeV_060,0.8208144736325842,3500.0,0.6
24,Zprime_3500GeV_075,0.7838616106921076,3500.0,0.75
25,Zprime_4000GeV_015,0.8860940877572936,4000.0,0.15
26,Zprime_4000GeV_030,0.8751539485737996,4000.0,0.3
27,Zprime_4000GeV_045,0.8455724885329919,4000.0,0.45
28,Zprime_4000GeV_060,0.8210449046288285,4000.0,0.6
29,Zprime_4000GeV_075,0.7789162034692518,4000.0,0.75
