,name,auc,mass,nu
0,Zprime_1500GeV_015,0.8857908561029226,1500.0,0.15
1,Zprime_1500GeV_030,0.8854638573887792,1500.0,0.3
2,Zprime_1500GeV_045,0.8634919155017647,1500.0,0.45
3,Zprime_1500GeV_060,0.8445346410293061,1500.0,0.6
4,Zprime_1500GeV_075,0.8136701015737954,1500.0,0.75
5,Zprime_2000GeV_015,0.8894178013778659,2000.0,0.15
6,Zprime_2000GeV_030,0.8731730137735308,2000.0,0.3
7,Zprime_2000GeV_045,0.8556537318496029,2000.0,0.45
8,Zprime_2000GeV_060,0.8327058951380458,2000.0,0.6
9,Zprime_2000GeV_075,0.8102654567744689,2000.0,0.75
10,Zprime_2500GeV_015,0.8826166558909186,2500.0,0.15
11,Zprime_2500GeV_030,0.8678950791452641,2500.0,0.3
12,Zprime_2500GeV_045,0.8524952361378849,2500.0,0.45
13,Zprime_2500GeV_060,0.8286189180823793,2500.0,0.6
14,Zprime_2500GeV_075,0.7964244391482044,2500.0,0.75
15,Zprime_3000GeV_015,0.8875216384505378,3000.0,0.15
16,Zprime_3000GeV_030,0.8680925792132406,3000.0,0.3
17,Zprime_3000GeV_045,0.8472488475492594,3000.0,0.45
18,Zprime_3000GeV_060,0.8195884655006939,3000.0,0.6
19,Zprime_3000GeV_075,0.7904451418551837,3000.0,0.75
20,Zprime_3500GeV_015,0.8830417398681119,3500.0,0.15
21,Zprime_3500GeV_030,0.8719889509183427,3500.0,0.3
22,Zprime_3500GeV_045,0.8481636532232577,3500.0,0.45
23,Zprime_3500GeV_060,0.8206597040520411,3500.0,0.6
24,Zprime_3500GeV_075,0.7873307655944476,3500.0,0.75
25,Zprime_4000GeV_015,0.8888196277081424,4000.0,0.15
26,Zprime_4000GeV_030,0.8752794301856175,4000.0,0.3
27,Zprime_4000GeV_045,0.8467207275951522,4000.0,0.45
28,Zprime_4000GeV_060,0.8208080061166767,4000.0,0.6
29,Zprime_4000GeV_075,0.7798689628092907,4000.0,0.75
