,name,auc,mass,nu
0,Zprime_1500GeV_015,0.8732813619619637,1500.0,0.15
1,Zprime_1500GeV_030,0.8691323670364253,1500.0,0.3
2,Zprime_1500GeV_045,0.8428767936679145,1500.0,0.45
3,Zprime_1500GeV_060,0.8227274373613069,1500.0,0.6
4,Zprime_1500GeV_075,0.7807576831943492,1500.0,0.75
5,Zprime_2000GeV_015,0.8761926877506606,2000.0,0.15
6,Zprime_2000GeV_030,0.859923934764391,2000.0,0.3
7,Zprime_2000GeV_045,0.837465151979299,2000.0,0.45
8,Zprime_2000GeV_060,0.8121491493169294,2000.0,0.6
9,Zprime_2000GeV_075,0.7866282333142306,2000.0,0.75
10,Zprime_2500GeV_015,0.8754155533130132,2500.0,0.15
11,Zprime_2500GeV_030,0.8589567762186954,2500.0,0.3
12,Zprime_2500GeV_045,0.8392414732634003,2500.0,0.45
13,Zprime_2500GeV_060,0.8102549187570871,2500.0,0.6
14,Zprime_2500GeV_075,0.7723403389967551,2500.0,0.75
15,Zprime_3000GeV_015,0.880671031122743,3000.0,0.15
16,Zprime_3000GeV_030,0.8557552737490834,3000.0,0.3
17,Zprime_3000GeV_045,0.8346145664648387,3000.0,0.45
18,Zprime_3000GeV_060,0.8018768161483242,3000.0,0.6
19,Zprime_3000GeV_075,0.7684751168445072,3000.0,0.75
20,Zprime_3500GeV_015,0.8736121668153579,3500.0,0.15
21,Zprime_3500GeV_030,0.8598714811663617,3500.0,0.3
22,Zprime_3500GeV_045,0.8321487824611407,3500.0,0.45
23,Zprime_3500GeV_060,0.8037315785417796,3500.0,0.6
24,Zprime_3500GeV_075,0.7641251960721115,3500.0,0.75
25,Zprime_4000GeV_015,0.8759593225696138,4000.0,0.15
26,Zprime_4000GeV_030,0.8630564922226369,4000.0,0.3
27,Zprime_4000GeV_045,0.8313333913385562,4000.0,0.45
28,Zprime_4000GeV_060,0.8057590667463287,4000.0,0.6
29,Zprime_4000GeV_075,0.7591302236532633,4000.0,0.75
