,name,auc,mass,nu
0,Zprime_1500GeV_015,0.8845976072429201,1500.0,0.15
1,Zprime_1500GeV_030,0.8807858665339381,1500.0,0.3
2,Zprime_1500GeV_045,0.8612318447867706,1500.0,0.45
3,Zprime_1500GeV_060,0.84170736508187,1500.0,0.6
4,Zprime_1500GeV_075,0.8099238370945971,1500.0,0.75
5,Zprime_2000GeV_015,0.8842189210991855,2000.0,0.15
6,Zprime_2000GeV_030,0.8692549508085501,2000.0,0.3
7,Zprime_2000GeV_045,0.848843961302225,2000.0,0.45
8,Zprime_2000GeV_060,0.8268611161621736,2000.0,0.6
9,Zprime_2000GeV_075,0.8047772282636141,2000.0,0.75
10,Zprime_2500GeV_015,0.8796230108762897,2500.0,0.15
11,Zprime_2500GeV_030,0.8623713893063717,2500.0,0.3
12,Zprime_2500GeV_045,0.8448619610830909,2500.0,0.45
13,Zprime_2500GeV_060,0.8226502396687915,2500.0,0.6
14,Zprime_2500GeV_075,0.788101706559309,2500.0,0.75
15,Zprime_3000GeV_015,0.8828346329390064,3000.0,0.15
16,Zprime_3000GeV_030,0.8630350329904791,3000.0,0.3
17,Zprime_3000GeV_045,0.8434739757235981,3000.0,0.45
18,Zprime_3000GeV_060,0.8136334246133622,3000.0,0.6
19,Zprime_3000GeV_075,0.7851604399464631,3000.0,0.75
20,Zprime_3500GeV_015,0.8751667542065392,3500.0,0.15
21,Zprime_3500GeV_030,0.8660223313060316,3500.0,0.3
22,Zprime_3500GeV_045,0.8428396465425625,3500.0,0.45
23,Zprime_3500GeV_060,0.8157601324816013,3500.0,0.6
24,Zprime_3500GeV_075,0.7816066309976578,3500.0,0.75
25,Zprime_4000GeV_015,0.8827693219926623,4000.0,0.15
26,Zprime_4000GeV_030,0.8698591882198452,4000.0,0.3
27,Zprime_4000GeV_045,0.8416791348270332,4000.0,0.45
28,Zprime_4000GeV_060,0.8127273868589653,4000.0,0.6
29,Zprime_4000GeV_075,0.7734669852369054,4000.0,0.75
