,name,auc,mass,nu
0,Zprime_1500GeV_015,0.8871486467170592,1500.0,0.15
1,Zprime_1500GeV_030,0.8856957490967385,1500.0,0.3
2,Zprime_1500GeV_045,0.8679655498037531,1500.0,0.45
3,Zprime_1500GeV_060,0.848117837084314,1500.0,0.6
4,Zprime_1500GeV_075,0.8144888535045177,1500.0,0.75
5,Zprime_2000GeV_015,0.8885776070729354,2000.0,0.15
6,Zprime_2000GeV_030,0.8727981882900199,2000.0,0.3
7,Zprime_2000GeV_045,0.8549013416666239,2000.0,0.45
8,Zprime_2000GeV_060,0.831320699940305,2000.0,0.6
9,Zprime_2000GeV_075,0.8108579909794816,2000.0,0.75
10,Zprime_2500GeV_015,0.8830678602731844,2500.0,0.15
11,Zprime_2500GeV_030,0.8667882797670573,2500.0,0.3
12,Zprime_2500GeV_045,0.8496661605843007,2500.0,0.45
13,Zprime_2500GeV_060,0.8275380556918803,2500.0,0.6
14,Zprime_2500GeV_075,0.79490355171883,2500.0,0.75
15,Zprime_3000GeV_015,0.8863997115978137,3000.0,0.15
16,Zprime_3000GeV_030,0.8656855605006702,3000.0,0.3
17,Zprime_3000GeV_045,0.8449528849589519,3000.0,0.45
18,Zprime_3000GeV_060,0.8170603484725086,3000.0,0.6
19,Zprime_3000GeV_075,0.7872148174322519,3000.0,0.75
20,Zprime_3500GeV_015,0.8790596007285965,3500.0,0.15
21,Zprime_3500GeV_030,0.8692335314428088,3500.0,0.3
22,Zprime_3500GeV_045,0.8437875234400319,3500.0,0.45
23,Zprime_3500GeV_060,0.8179655232208869,3500.0,0.6
24,Zprime_3500GeV_075,0.7831950192311825,3500.0,0.75
25,Zprime_4000GeV_015,0.8809594323560158,4000.0,0.15
26,Zprime_4000GeV_030,0.8705826084377513,4000.0,0.3
27,Zprime_4000GeV_045,0.8441515504797592,4000.0,0.45
28,Zprime_4000GeV_060,0.8153149832006946,4000.0,0.6
29,Zprime_4000GeV_075,0.774435546561523,4000.0,0.75
