,name,auc,mass,nu
0,Zprime_1500GeV_015,0.8903744358401601,1500.0,0.15
1,Zprime_1500GeV_030,0.8850896339717191,1500.0,0.3
2,Zprime_1500GeV_045,0.8654748652309087,1500.0,0.45
3,Zprime_1500GeV_060,0.8476149683068706,1500.0,0.6
4,Zprime_1500GeV_075,0.8094969503304448,1500.0,0.75
5,Zprime_2000GeV_015,0.8882426162510891,2000.0,0.15
6,Zprime_2000GeV_030,0.8734334903480391,2000.0,0.3
7,Zprime_2000GeV_045,0.8532632065940697,2000.0,0.45
8,Zprime_2000GeV_060,0.8294554980659569,2000.0,0.6
9,Zprime_2000GeV_075,0.8100622335443356,2000.0,0.75
10,Zprime_2500GeV_015,0.8819267780104506,2500.0,0.15
11,Zprime_2500GeV_030,0.8659963360503189,2500.0,0.3
12,Zprime_2500GeV_045,0.8487318809457651,2500.0,0.45
13,Zprime_2500GeV_060,0.8276739783507755,2500.0,0.6
14,Zprime_2500GeV_075,0.7914246053839182,2500.0,0.75
15,Zprime_3000GeV_015,0.8863787189634909,3000.0,0.15
16,Zprime_3000GeV_030,0.8661497740235335,3000.0,0.3
17,Zprime_3000GeV_045,0.8446108637230578,3000.0,0.45
18,Zprime_3000GeV_060,0.817101898371409,3000.0,0.6
19,Zprime_3000GeV_075,0.7870904160108743,3000.0,0.75
20,Zprime_3500GeV_015,0.8808806905542435,3500.0,0.15
21,Zprime_3500GeV_030,0.8693215185767035,3500.0,0.3
22,Zprime_3500GeV_045,0.8453063806024016,3500.0,0.45
23,Zprime_3500GeV_060,0.8187497040326668,3500.0,0.6
24,Zprime_3500GeV_075,0.7857323320226046,3500.0,0.75
25,Zprime_4000GeV_015,0.8862441761661863,4000.0,0.15
26,Zprime_4000GeV_030,0.8737806399085546,4000.0,0.3
27,Zprime_4000GeV_045,0.8459959129866357,4000.0,0.45
28,Zprime_4000GeV_060,0.8169122667894535,4000.0,0.6
29,Zprime_4000GeV_075,0.7772334035894584,4000.0,0.75
