,name,auc,mass,nu
0,Zprime_1500GeV_015,0.8918825211580376,1500.0,0.15
1,Zprime_1500GeV_030,0.8910539600314067,1500.0,0.3
2,Zprime_1500GeV_045,0.8713976879972406,1500.0,0.45
3,Zprime_1500GeV_060,0.8521864389495745,1500.0,0.6
4,Zprime_1500GeV_075,0.8221395377651421,1500.0,0.75
5,Zprime_2000GeV_015,0.8903210450045694,2000.0,0.15
6,Zprime_2000GeV_030,0.8756681411019798,2000.0,0.3
7,Zprime_2000GeV_045,0.8575174746387414,2000.0,0.45
8,Zprime_2000GeV_060,0.8369315912453543,2000.0,0.6
9,Zprime_2000GeV_075,0.8167294106490061,2000.0,0.75
10,Zprime_2500GeV_015,0.8847327268727913,2500.0,0.15
11,Zprime_2500GeV_030,0.8694050218243989,2500.0,0.3
12,Zprime_2500GeV_045,0.8524944743612517,2500.0,0.45
13,Zprime_2500GeV_060,0.8313501037897371,2500.0,0.6
14,Zprime_2500GeV_075,0.7998834019722898,2500.0,0.75
15,Zprime_3000GeV_015,0.8869269845670497,3000.0,0.15
16,Zprime_3000GeV_030,0.867914031287288,3000.0,0.3
17,Zprime_3000GeV_045,0.8467898789759236,3000.0,0.45
18,Zprime_3000GeV_060,0.8201522539143729,3000.0,0.6
19,Zprime_3000GeV_075,0.7906681793015983,3000.0,0.75
20,Zprime_3500GeV_015,0.8792731921750455,3500.0,0.15
21,Zprime_3500GeV_030,0.8699470760411062,3500.0,0.3
22,Zprime_3500GeV_045,0.8447999646927921,3500.0,0.45
23,Zprime_3500GeV_060,0.8207283111415002,3500.0,0.6
24,Zprime_3500GeV_075,0.7893360407400245,3500.0,0.75
25,Zprime_4000GeV_015,0.8836403352351581,4000.0,0.15
26,Zprime_4000GeV_030,0.8715493880794816,4000.0,0.3
27,Zprime_4000GeV_045,0.8450354236741434,4000.0,0.45
28,Zprime_4000GeV_060,0.8187263610297826,4000.0,0.6
29,Zprime_4000GeV_075,0.7786867820635157,4000.0,0.75
