,name,auc,mass,nu
0,Zprime_1500GeV_015,0.8842758808180515,1500.0,0.15
1,Zprime_1500GeV_030,0.8702455925384631,1500.0,0.3
2,Zprime_1500GeV_045,0.8482927052114668,1500.0,0.45
3,Zprime_1500GeV_060,0.8314069093415447,1500.0,0.6
4,Zprime_1500GeV_075,0.7927155356085931,1500.0,0.75
5,Zprime_2000GeV_015,0.8819567333086833,2000.0,0.15
6,Zprime_2000GeV_030,0.8672883202437114,2000.0,0.3
7,Zprime_2000GeV_045,0.8414321264855986,2000.0,0.45
8,Zprime_2000GeV_060,0.8154205084146146,2000.0,0.6
9,Zprime_2000GeV_075,0.7921676189554009,2000.0,0.75
10,Zprime_2500GeV_015,0.8797502588103766,2500.0,0.15
11,Zprime_2500GeV_030,0.862991825293868,2500.0,0.3
12,Zprime_2500GeV_045,0.8414710568747163,2500.0,0.45
13,Zprime_2500GeV_060,0.814269299247945,2500.0,0.6
14,Zprime_2500GeV_075,0.7789971106417493,2500.0,0.75
15,Zprime_3000GeV_015,0.8825859452548706,3000.0,0.15
16,Zprime_3000GeV_030,0.8590863562005577,3000.0,0.3
17,Zprime_3000GeV_045,0.83686698739709,3000.0,0.45
18,Zprime_3000GeV_060,0.8060400456870634,3000.0,0.6
19,Zprime_3000GeV_075,0.7732840170478629,3000.0,0.75
20,Zprime_3500GeV_015,0.8760778407662376,3500.0,0.15
21,Zprime_3500GeV_030,0.8627469571959387,3500.0,0.3
22,Zprime_3500GeV_045,0.8353954405420407,3500.0,0.45
23,Zprime_3500GeV_060,0.8095377376751953,3500.0,0.6
24,Zprime_3500GeV_075,0.7678392960742603,3500.0,0.75
25,Zprime_4000GeV_015,0.8777564361000669,4000.0,0.15
26,Zprime_4000GeV_030,0.8660404445733687,4000.0,0.3
27,Zprime_4000GeV_045,0.835327000797716,4000.0,0.45
28,Zprime_4000GeV_060,0.8064961307998598,4000.0,0.6
29,Zprime_4000GeV_075,0.7605035889038185,4000.0,0.75
